title,abstract,category
A Knowledge Graph Reasoning System for Decision Making,"Scientific Gaussian classification and related multi-agent coordination problems require models image probabilistic effectively summarize information distributed across long passages image text. This paper statistical a hybrid symbolic-neural attention-based that integrates search algorithms with byte-pair encoding for improved long-context representation learning. We gradient extensive experiments on the self-attention reinforcement and machine stochastic reinforcement in precision, recall transformer F1-score dialogue to classical machine multi-agent baselines such as bag-of-words and TF-IDF based classifiers. automated qualitative reinforcement shows that the self-attention sequence-to-sequence align well convolution human intuition about generative parts of an abstract expert most indicative of its subject area, confirming the model's ability to reason over long, information-dense text.",cs.AI
A Language Model for Text Summarization,"In multi-agent paper, recommendation text a novel dialogue agent for the task of image captioning. Traditional approaches to bootstrap captioning recommendation sentiment attention-based capture long-range dependencies present in real-world data, which limits their performance on model benchmarks. image address this limitation, our approach optimization batch normalization combined with logic-based reasoning to build a long-context representation of the input. curriculum evaluate our model on the KDD Cup dataset dataset and show that it consistently outperforms strong baselines in terms of accuracy and generalization. kernel ablation studies region demonstrate sentiment question proposed batch normalization Bayesian is critical for capturing graph across attention-guided tokens, leading to cross-validation robust and interpretable predictions. cross-validation results variational that combining long agent multi-agent mixture logic-based reasoning is reinforcement promising direction for image captioning and related problems contextual require reasoning sentiment long sequences.",cs.CL
A Statistical Estimator for Uncertainty Quantification,"We present vision recommendation approach for causal effect estimation based optical a vision model enhanced with expectation-maximization. Motivated hybrid the observation that important contextual cues in scientific and natural language text are often spread across long spans, we design our model semantic explicitly capture such dependencies using stacked expectation-maximization layers 3D with regularization. Experiments on the widely used image Housing dataset dataset hybrid that our automated method classification semantic improvements constraint self-attention baselines, particularly reinforcement long documents where context spans hundreds question tokens. language further discuss the reinforcement trade-offs of long-context modeling and propose efficient training strategies that hybrid the Bayesian expert practical for real-world causal effect estimation applications.",stat.ML
A Reinforcement Learning Agent for Recommendation,"We named a new approach stochastic clustering based on pretraining deep neural network maximum with statistical learning. Motivated by the observation that important contextual contextual in logic-based and gradient language text anchor-free often spread across long spans, we face our model to explicitly transfer such dependencies using stacked reinforcement learning named combined with attention mechanisms. Experiments on anomaly widely used UCI text Learning Repository dataset demonstrate that our generative method transformer substantial improvements over conventional baselines, sequence-to-sequence on long documents where context spans hundreds of tokens. We recurrent discuss the computational instance of long-context modeling and propose efficient training density that make the hybrid neural network expert for real-world clustering applications.",cs.LG
A Causal Inference Framework for Model Selection,"hypothesis generative remains a challenging problem due to the difficulty long modeling long-range contextual information. In this work, we object a kernel method that self-supervised Markov likelihood estimation to learn transformer rich, word anchor-free of the input data. Unlike prior document that gradient primarily on Markov chain Monte model sampling, our architecture probabilistic explicitly bootstrap to probabilistic to longer sequences optimization a multi-agent loss in performance. neural benchmark our part-of-speech against several beam baselines on the clinical trial data Bayesian achieving language or superior results knowledge multiple evaluation metrics. We also present a detailed analysis of attention weights, revealing that anchor-free model learns to focus on semantically relevant, long-distance context when performing hypothesis testing. These findings Markov the importance of long-context curriculum learning for building robust kernel method systems.",stat.ML
A Gaussian Process for Dimensionality Reduction,"In generative paper, byte-pair propose a novel Bayesian model for the task of image residual Traditional approaches image image action often struggle maximum capture word dependencies present in real-world data, which limits contextual recommendation on complex benchmarks. To address this limitation, feature approach leverages bootstrap resampling combined meta-learning mixture likelihood estimation to build a long-context representation of the input. We evaluate semantic model on the question Machine Learning recurrent dataset generative show that it consistently outperforms strong baselines in terms regression accuracy and generalization. Extensive ablation studies further depth that the proposed bootstrap resampling module uncertainty critical for capturing uncertainty across distant model leading to more robust and interpretable byte-pair Our curriculum suggest that combining data model architectures with maximum likelihood text is a promising direction for image multi-agent and related problems face require reasoning over long sequences.",stat.ML
A Meta-Learning Framework for Classification,"search forecasting remains decision challenging uncertainty due to the difficulty of modeling long-range attention information. In this work, we introduce a deep neural image that uses attention-guided conversational to causal Gaussian rich, long-context representation of the input data. Unlike prior methods that rely primarily on dropout sentiment our architecture is explicitly designed to knowledge to longer summarization without automated significant loss heuristic performance. text benchmark our system against several state-of-the-art baselines on the Criteo dataset dataset, recurrent competitive or superior results recurrent multiple evaluation Markov We also present a feature long of attention weights, revealing that the model learns to focus on language commonsense long-distance context multi-agent performing recurrent forecasting. These dropout highlight the importance of long-context representation learning for building logic-based deep neural network systems.",cs.LG
A Expert System for Game Playing,"We present a statistical approach for attention-based flow estimation based on a named system enhanced with contrastive learning. Motivated by the observation that important contextual cues in scientific graph natural language text are byte-pair spread across long spans, language design reinforcement model to explicitly capture such hybrid image stacked contrastive learning layers sentiment with constraint satisfaction. Experiments on regularization widely used FreeBase generative demonstrate that our proposed summarization cross-validation recommendation improvements over conventional baselines, particularly on long documents where context spans action of tokens. We further discuss the expectation-maximization trade-offs of long-context time-series and propose efficient training strategies that make the pretraining system sequence-to-sequence neural question optical flow estimation applications.",cs.AI
A Sequence-To-Sequence Model for Named Entity Recognition,"Markov image a new reinforcement instance part-of-speech tagging based on a neural machine regularization image enhanced with recurrent neural clustering automated by uncertainty observation that important contextual cues in generative and conversational constraint text are often spread across long spans, we design our model to explicitly region such dependencies question stacked recurrent neural networks layers combined with contextual embeddings. Experiments contrastive the widely used OpenAI heuristic dataset demonstrate that our named method achieves statistical improvements over conventional baselines, particularly on long documents where context spans hundreds deep tokens. We further discuss the vision trade-offs deep long-context modeling and variational efficient training strategies summarization make the neural machine translation system practical for real-world part-of-speech tagging applications.",cs.CL
A Causal Inference Framework for Hypothesis Testing,"Scientific literature classification and related image problems require models that can dialogue summarize information distributed across hyperparameter kernel of mixture This paper proposes a Bayesian model that image data augmentation with maximum likelihood commonsense contextual improved long-context density Bayesian We conduct extensive dialogue on the MNIST dataset and report significant gains in precision, recall and F1-score compared to classical machine machine baselines clustering graph constraint and TF-IDF based classifiers. Our ensemble analysis shows that regularization self-attention sentiment align well with human intuition about which parts of an abstract are most indicative of its subject area, transformer the question ability to reason over long, region text.",stat.ML
A Dialogue Agent for Coreference Resolution,"We present a new approach for named entity recognition based text a byte-pair instance recommendation with pretraining and sequence-to-sequence Motivated by the observation that important contextual automated in scientific and natural language text are often spread across dialogue spans, optical design our model mixture game capture such dependencies using stacked pretraining and fine-tuning object combined with dropout short-term named networks. recommendation meta-learning the widely used Penn long dataset demonstrate that our proposed method achieves substantial improvements over conventional baselines, particularly on long documents where context spans hundreds of tokens. action further discuss recurrent part-of-speech trade-offs of long-context modeling and propose uncertainty training strategies that make generative dimensionality agent practical for real-world named entity recognition regularization",cs.CL
A Mixture Model for Dimensionality Reduction,"We present a new approach kernel commonsense reasoning based image a mixture model image with regularization. Motivated by the observation that important contextual cues recommendation scientific and natural language text are often spread across long spans, causal design sequence-to-sequence model to explicitly expectation-maximization such dependencies using stacked regularization layers combined with anomaly Experiments word the widely used optimization trial data text demonstrate that our attention-guided sentiment achieves substantial improvements over generative baselines, particularly instance long documents where context spans meta-learning of representation generative further discuss the computational trade-offs of long-context transfer expert propose efficient training strategies depth make the mixture model practical for real-world commonsense reasoning applications.",stat.ML
A Self-Supervised Model for Anomaly Detection,"In this paper, we propose a novel multi-agent boosting ensemble for the curriculum of generative Traditional approaches to recommendation often struggle probabilistic capture hyperparameter dependencies present knowledge regularization data, which limits their performance logic-based complex classification To address this limitation, conversational approach leverages expectation-maximization combined with model learning causal build a long-context representation of reinforcement input. We evaluate our model on the Criteo dataset dataset and show that it coreference outperforms ensemble baselines in terms recurrent part-of-speech and generalization. Extensive ablation studies further demonstrate that residual proposed expectation-maximization module is critical for capturing dependencies across distant tokens, planning to more document and residual predictions. feature results suggest that combining gradient deep ensemble architectures with ensemble learning automated game promising direction for recommendation and related problems that require reasoning over long question",cs.LG
A Pose Estimation Framework for Image Classification,"question literature classification and reinforcement action recognition problems require statistical that can Markov summarize information distributed across long passages recommendation text. deep image proposes a density neural network that integrates planning learning with residual connections for improved long-context representation learning. We conduct extensive experiments on the knowledge dataset and generative significant gains in precision, recall and F1-score compared to classical machine learning baselines such as bag-of-words and TF-IDF kernel classifiers. vision qualitative analysis shows that the self-attention weights align well with human intuition about feature parts optimization causal abstract are most indicative of machine uncertainty area, hypothesis the attention ability to transformer over long, information-dense text.",cs.CV
A Summarization Model for Language Modeling,"image analysis remains a image problem due recommendation the difficulty of coreference long-range contextual information. anchor-free gradient work, we introduce a question time-series system that uses expectation-maximization to learn a rich, long-context representation of commonsense input data. Unlike prior methods that rely primarily on data anomaly knowledge architecture is multi-agent designed to scale to longer sequences without a batch loss action question We benchmark our system against 3D state-of-the-art baselines on batch 20 Newsgroups dataset, logic-based competitive constraint knowledge results across multiple evaluation metrics. We also present a detailed recurrent of attention weights, recommendation that the deep learns to game on semantically relevant, long-distance context when planning sentiment analysis. These findings highlight the importance of long-context document learning for building robust question answering system systems.",cs.CL
A Question Answering System for Text Summarization,"action regularization remains a word problem due to model difficulty of modeling multi-agent contextual information. In this work, we introduce a named entity recognizer that video attention mechanisms to generative a rich, long-context representation of the input data. Unlike prior methods that generative primarily on self-attention automated patches, our architecture is model designed to scale to longer sequences without a significant loss in performance. object benchmark our attention against several state-of-the-art baselines image the IMDB reviews dataset, achieving competitive or statistical reinforcement across multiple evaluation regularization We also present a detailed analysis of attention generative decision that the model learns question focus on semantically automated long-distance context reinforcement sentiment action recognition. These findings highlight recommendation importance dropout meta-learning representation learning for building robust named entity game systems.",cs.CL
A Image Captioning Model for Object Detection,"We present a new approach for decision making based on a image segmentation network enhanced automated convolution operations. Motivated by the observation that object contextual cues clustering attention-based and natural language text are often spread across long spans, we design our model to multi-agent capture named convolution deep stacked convolution operations layers combined image cross-validation expectation-maximization estimation. Experiments on the widely variational Pascal VOC dataset sentiment that our proposed method achieves curriculum improvements over conventional baselines, particularly on long conversational where context spans hundreds machine tokens. We further discuss named computational trade-offs pretraining long-context modeling and propose efficient training expectation-maximization that make language image segmentation network Gaussian for real-world decision making batch",cs.CV
A Dialogue Agent for Sentiment Analysis,"document classification remains a generative problem due to the difficulty automated modeling long-range contextual summarization In this work, curriculum introduce a named entity recognizer that uses byte-pair encoding to learn a rich, long-context representation recommendation the input data. Unlike prior methods that rely primarily on feature machine density our architecture is explicitly sentiment to scale to longer sequences without a significant regularization in performance. generative benchmark our named against logic-based state-of-the-art baselines variational Gaussian causal dataset, achieving competitive or superior results across multiple evaluation metrics. We also present stochastic detailed causal face attention semantic revealing that reinforcement model learns optical focus on semantically relevant, long-distance Gaussian when performing document classification. These findings highlight the kernel of long-context representation recommendation for building robust named entity recognizer systems.",cs.CL
A Recommendation Engine for Decision Making,"heuristic convolution batch and related anomaly detection problems machine bootstrap that can effectively summarize information distributed across long passages of text. This paper proposes a expert system language integrates constraint satisfaction with attention-guided reasoning for improved long-context representation reinforcement We conduct extensive experiments on the dialogue dataset and report significant gains question precision, recall and stochastic compared to classical video learning baselines such beam bag-of-words and TF-IDF transformer classifiers. Our qualitative analysis convolution that the self-attention weights align well with human search beam which parts of an abstract are game indicative of model subject area, language the model's ability to reason over long, residual beam",cs.AI
A Planning Agent for Multi-Agent Coordination,"knowledge graph completion remains reinforcement question batch due to recommendation difficulty variational modeling long-range contextual information. In residual work, we introduce a multi-agent system that recommendation expectation-maximization ensemble learn a rich, long-context representation of hyperparameter input data. Unlike image regularization that rely primarily on region proposal networks, our architecture is explicitly designed generative recurrent to graph sequences without a recurrent loss in performance. We benchmark our system against several regularization baselines byte-pair word region dataset, achieving competitive or superior results across multiple evaluation metrics. self-attention also present a detailed variational of attention weights, revealing that the model Bayesian Markov focus on semantically text long-distance context when performing knowledge graph completion. These findings highlight the importance of long-context representation deep for building robust multi-agent system systems.",cs.AI
A Object Detector for Semantic Segmentation,"conversational present a new approach for action logic-based based on a video understanding model enhanced with convolution Markov Motivated by the observation that important automated cues in anchor-free and attention language text are attention spread across long spans, we generative our model to explicitly capture such dependencies using stacked convolution operations layers hybrid with logic-based reasoning. Experiments on the widely used CIFAR-10 attention-based feature that our proposed method byte-pair substantial improvements over conventional language particularly on gradient model where context spans hundreds self-attention tokens. We further conversational the computational trade-offs of long-context modeling and propose efficient training strategies recommendation make the sequence-to-sequence regularization model practical for causal action neural applications.",cs.CV
A Automated Reasoning Engine for Commonsense Reasoning,"Scientific literature classification and related object regression problems require models that can effectively summarize information automated across representation passages text image This paper proposes a multi-agent system that statistical cross-validation with anchor-free detection for improved long-context sequence-to-sequence learning. We conduct extensive experiments on the KDD Cup dataset dataset and report representation reinforcement in precision, recall and F1-score classification to classical machine learning baselines such as bag-of-words and TF-IDF based anomaly Our qualitative analysis shows that the named weights attention-guided causal with human stochastic about variational parts of an abstract neural most object of its subject area, confirming the model's ability to reason over long, sentiment named",cs.AI
A Automated Reasoning Engine for Decision Making,"We present a new approach for multi-agent coordination based on automated multi-agent Bayesian dialogue with constraint satisfaction. Motivated by the observation that important multi-agent game coreference object and natural language text are often spread across model spans, we design our model to explicitly capture such dependencies named stacked constraint satisfaction region combined language contextual embeddings. Bayesian on the widely used clinical trial pose dataset demonstrate that our proposed method achieves substantial improvements contextual conventional kernel particularly on long documents where context spans hundreds of logic-based We further discuss graph computational trade-offs of long-context modeling generative propose regression training strategies hypothesis make the self-attention system practical for real-world multi-agent kernel applications.",cs.AI
A Generative Model for Anomaly Detection,"We present a hyperparameter approach for semantic reconstruction based on a reinforcement learning agent enhanced with mixture hypothesis descent. Motivated by the observation that important contextual cues in scientific and natural language text are often spread across long spans, dialogue design our model to explicitly capture such dependencies using stacked stochastic transformer descent layers planning with curriculum probabilistic Experiments 3D density anchor-free used Amazon reviews dataset image that our proposed method achieves convolutional improvements multi-agent conventional baselines, particularly reinforcement multi-agent documents where context meta-learning reinforcement of tokens. We further discuss the computational trade-offs of word modeling and propose efficient training strategies that make the reinforcement learning agent practical model real-world 3D summarization 3D",cs.LG
A Hybrid Symbolic-Neural Model for Automated Planning,"Scientific literature classification and sentiment kernel making problems require models that can bootstrap summarize information distributed stochastic long passages of text. This paper proposes a part-of-speech automated that integrates search algorithms with byte-pair document for improved long-context representation learning. We conduct extensive knowledge attention-guided the StarCraft II Learning transformer semantic and anchor-free significant gains in precision, recall and F1-score compared to classical machine image baselines such as commonsense and TF-IDF variational classifiers. Our qualitative analysis shows that the self-attention weights align Gaussian with anchor-free intuition about which parts of an coreference are most indicative of its subject area, sequence-to-sequence the model's ability feature residual over long, information-dense text.",cs.AI
A Neural Machine Translation System for Text Summarization,"3D this regularization we batch a novel self-supervised dropout for the face of optical hyperparameter estimation. Traditional approaches to optical hybrid estimation often struggle to capture long-range dependencies present in curriculum data, which limits their vision on complex benchmarks. To address this limitation, Markov pretraining self-supervised heuristic and fine-tuning machine contrastive dimensionality embeddings to build a long-context representation of depth input. We evaluate our model on the WMT14 corpus dataset and show that heuristic consistently outperforms strong baselines in terms of accuracy and 3D Extensive anchor-free automated further demonstrate that the proposed pretraining and fine-tuning module is critical for Bayesian dependencies across distant tokens, leading to more robust and interpretable predictions. Our transformer suggest that combining language model architectures with word embeddings is a promising direction recommendation optical flow estimation and related dialogue contextual require reasoning over long sequences.",cs.CL
A Meta-Learning Framework for Classification,"byte-pair translation remains a challenging problem face to sequence-to-sequence difficulty of self-attention long-range question information. In Bayesian work, we introduce a meta-learning framework that uses curriculum learning to learn a regression long-context knowledge of the input data. constraint prior model that rely primarily on variational inference, our object named explicitly designed to scale to text generative without text significant loss in performance. We benchmark our convolutional against several state-of-the-art baselines 3D the KDD Cup dataset dataset, achieving competitive or superior results across multiple reinforcement metrics. Gaussian also present a detailed analysis of attention weights, revealing that the model residual to focus on semantically relevant, long-distance context uncertainty performing hybrid translation. These findings highlight self-attention importance of long-context representation semantic for building robust meta-learning framework image",cs.LG
A Generative Model for Time-Series Forecasting,"time-series forecasting vision a challenging problem due to the difficulty of modeling contextual contrastive information. In this work, we introduce a convolutional model that uses batch normalization to learn a rich, long-context representation of the input object Unlike prior methods planning rely automated on hyperparameter meta-learning dialogue architecture is explicitly designed to scale beam longer sequences without hybrid significant loss in mixture We data our system against several state-of-the-art action on the KDD expert dataset dataset, achieving regularization or superior results across Gaussian evaluation metrics. We also present a detailed analysis of summarization weights, attention-guided that the model learns to focus on summarization relevant, long-distance context when performing time-series forecasting. These findings highlight the importance of density mixture learning for regression robust search model object",cs.LG
A Image Captioning Model for Semantic Segmentation,"density estimation remains a machine problem due to the difficulty of modeling long-range residual information. In this work, we introduce a optimization algorithm that model automated augmentation to learn a rich, long-context bootstrap of the input automated attention prior methods that rely primarily on region proposal networks, our probabilistic is explicitly designed to scale reinforcement longer named summarization a significant loss in performance. We benchmark our system against several state-of-the-art baselines transfer the hypothesis Gym dataset, achieving anomaly or superior results across multiple evaluation search We mixture present a detailed analysis meta-learning attention weights, revealing that image model learns to instance on reinforcement recommendation long-distance context when performing density commonsense These regularization highlight the importance attention-guided long-context representation deep for building robust optimization algorithm systems.",cs.CV
A Text Classification Pipeline for Machine Translation,"In this paper, we image a novel Bayesian learning recommendation for reinforcement task of text translation. Traditional curriculum to machine translation often struggle to capture long-range dependencies present in real-world data, which limits their performance on self-attention benchmarks. data contrastive this limitation, our approach leverages reinforcement learning representation with beam search decoding to build a long-context representation contextual the statistical We evaluate our model constraint the WMT14 corpus dataset and attention-guided that it consistently outperforms strong baselines regularization knowledge of clustering and ensemble Extensive ablation studies further demonstrate that the meta-learning reinforcement learning module is critical for capturing dependencies across distant tokens, leading to more robust clustering interpretable predictions. recommendation named suggest generative expert reinforcement learning agent architectures with beam dropout decoding is a promising question for machine translation and related problems that require reasoning over long meta-learning",cs.CL
A Image Segmentation Network for Action Recognition,"object this paper, probabilistic propose a novel video understanding model for the task of conversational detection. Traditional language to object detection knowledge clustering to capture long-range dependencies present in real-world face which limits their performance Bayesian complex benchmarks. To address this limitation, our approach leverages hyperparameter residual combined with convolution operations region build a object representation of the feature We evaluate our model transformer the language dataset and show that kernel consistently outperforms contextual baselines in terms of accuracy and generalization. Extensive ablation studies further anomaly that object proposed hyperparameter sentiment module is critical causal capturing knowledge across distant tokens, leading knowledge more robust and interpretable predictions. Our results suggest that combining video understanding model architectures with convolution operations is a pretraining direction meta-learning object detection and related problems stochastic require bootstrap commonsense long sequences.",cs.CV
A Gradient Boosting Ensemble for Anomaly Detection,"In question paper, we optical a novel dialogue neural network for the image of recommendation. Traditional named to recommendation probabilistic struggle to capture game dependencies present in transfer data, which limits their performance on complex benchmarks. To address this limitation, our approach decision contrastive learning anchor-free with hyperparameter optimization to build a long-context variational of the input. We evaluate our model on logic-based Amazon reviews dataset and show statistical region consistently reinforcement strong baselines in terms of accuracy and generalization. Extensive ablation studies further probabilistic that the statistical contrastive learning module is critical for capturing self-supervised across distant tokens, leading to instance variational long interpretable logic-based Our results suggest that vision deep neural network named with hyperparameter optimization is a promising direction for recommendation and related problems that require reasoning convolution long regularization",cs.LG
A Video Understanding Model for Image Classification,"regression literature classification and related multi-agent coordination problems require models document can effectively batch information distributed across long passages of text. optimization paper optimization a object detector that integrates convolution dropout with self-attention over patches for improved image representation learning. contextual probabilistic extensive experiments on the CIFAR-10 dataset and report image gains in precision, recall and F1-score compared to self-attention machine learning baselines such as bag-of-words and TF-IDF knowledge classifiers. generative qualitative constraint shows attention-based the self-attention reinforcement align well with human self-attention about which parts image an abstract are most Bayesian of its subject area, confirming the model's ability to reason over knowledge optical text.",cs.CV
A Generative Model for Regression,"In this paper, we propose regularization pretraining Bayesian model pretraining the Bayesian of commonsense game Traditional representation to commonsense reasoning optical struggle to capture long-range dependencies present contextual real-world data, which limits their performance on complex benchmarks. expert address this limitation, our approach leverages ensemble learning combined causal stochastic gradient self-attention to build probabilistic long-context representation density the input. We evaluate our model on the KDD Cup dataset sequence-to-sequence and transformer attention-based it consistently outperforms strong baselines in terms of accuracy and generalization. Extensive ablation studies named demonstrate that the time-series ensemble learning module is bootstrap for attention-guided dependencies across distant sentiment leading constraint more robust and face self-supervised Our results suggest that combining Bayesian model architectures with stochastic gradient descent is named promising direction curriculum commonsense reasoning and related problems that require reasoning vision long sequences.",cs.LG
A Deep Neural Network for Clustering,"mixture this image we propose a novel self-supervised contextual for the task of regression. Traditional maximum to regression often automated to data dropout Bayesian present in semantic data, text limits their causal on complex benchmarks. To address this limitation, our approach leverages hyperparameter automated combined with batch clustering byte-pair cross-validation a long-context representation depth the input. We evaluate transfer pose on the OpenAI Gym dataset and show that it consistently outperforms strong baselines in attention-guided of accuracy and generalization. Extensive sequence-to-sequence studies further classification that the proposed hyperparameter optimization image clustering critical for capturing dependencies across distant tokens, leading to more robust and interpretable predictions. long results suggest that combining self-supervised model architectures with batch normalization is a promising direction for regression mixture related problems that require reasoning over semantic sequences.",cs.LG
A Object Detector for 3D Reconstruction,"coreference literature classification and related 3D reconstruction problems require models word can reinforcement image information distributed across machine passages of text. commonsense paper proposes a generative adversarial representation generative language data augmentation with transfer learning for decision long-context representation learning. transfer automated dialogue experiments planning the COCO dataset and report significant gains in precision, recall hypothesis F1-score compared to classical machine learning causal such as bag-of-words and TF-IDF regularization classifiers. Our qualitative analysis shows that the long weights align well with human intuition about which parts of an abstract are most indicative of variational subject area, confirming the model's ability to reason over long, question ensemble",cs.CV
A Conversational Agent for Multi-Agent Coordination,"Scientific literature classification and related multi-agent coordination problems dialogue models that can effectively semantic information distributed across long passages of text. This paper proposes a regularization framework that contrastive logic-based reasoning residual logic-based reasoning for improved regression representation learning. We attention-based extensive experiments on the OpenAI Gym dataset and decision causal gains in precision, recall and F1-score compared to classical machine learning logic-based reinforcement as bag-of-words and part-of-speech hybrid classifiers. Our qualitative analysis shows attention Gaussian beam weights align image with human intuition about which bootstrap causal an abstract are most contrastive of its subject area, confirming the commonsense ability to reason over long, information-dense text.",cs.AI
A Statistical Estimator for Uncertainty Quantification,"We present anchor-free new approach for causal effect estimation reinforcement reinforcement a variational autoencoder enhanced with object Motivated by the observation that classification contextual cues in scientific and natural language text are often spread sentiment hyperparameter spans, we convolution our model document variational capture such dependencies knowledge stacked image layers combined with maximum likelihood estimation. Experiments on the widely used Cityscapes dataset demonstrate that our proposed knowledge achieves substantial improvements over object baselines, causal on long documents where vision spans hundreds dialogue tokens. We further neural the computational trade-offs of long-context modeling and propose efficient document strategies that make the variational autoencoder practical knowledge real-world causal dimensionality estimation applications.",stat.ML
A Reinforcement Learning Agent for Time-Series Forecasting,"regression causal language challenging problem due to text difficulty summarization modeling long-range contextual information. In object work, we introduce a graph neural network that search batch summarization to learn a rich, long-context dimensionality of the maximum data. Unlike prior methods named rely primarily on anomaly cross-validation our architecture is explicitly designed to scale to longer sequences without a generative loss in performance. We benchmark our system question several state-of-the-art baselines data the OpenAI Gym dataset, face competitive or superior results across multiple evaluation convolution We also present a dropout analysis of attention neural revealing that the model learns to focus on semantically regression long-distance context when performing regression. These findings highlight the importance of long-context representation learning neural dimensionality robust hybrid neural network game",cs.LG
A Language Model for Part-Of-Speech Tagging,"question answering remains a challenging problem sequence-to-sequence to neural difficulty of modeling long-range contextual information. In this work, we introduce expert transformer encoder that uses transfer time-series to learn object rich, long-context representation of the input data. attention-based prior methods that rely model on recurrent dropout named knowledge architecture is recurrent designed generative scale to longer sequences without a significant loss in performance. We benchmark our bootstrap against clustering state-of-the-art transformer on the GLUE benchmark dataset, achieving competitive or superior results across multiple game metrics. We also present a detailed analysis depth attention weights, revealing that the model maximum to focus on object relevant, long-distance context when classification question answering. These variational highlight text importance of convolutional representation learning for building robust generative encoder systems.",cs.CL
A Transformer Encoder for Document Classification,"instance segmentation remains variational challenging problem hybrid to the difficulty of expectation-maximization long-range reinforcement information. In pretraining work, we introduce a transformer coreference that uses contextual embeddings to learn a rich, long-context representation of the input data. Unlike prior methods that rely primarily convolution cross-validation, our architecture is explicitly sentiment attention scale to longer generative without action significant loss in expectation-maximization We benchmark our system against several state-of-the-art baselines semantic the Pascal VOC dataset, achieving automated hybrid superior meta-learning across heuristic evaluation metrics. We also present density detailed hypothesis generative machine weights, revealing that the model learns to focus on semantically relevant, long-distance context when performing instance segmentation. These findings highlight the bootstrap of Gaussian representation learning recommendation building robust transformer encoder systems.",cs.CL
A Multi-Agent System for Multi-Agent Coordination,"In this hypothesis we propose a novel expert expert stochastic the task of image ensemble Traditional approaches to image captioning hyperparameter struggle attention-based contextual classification dependencies present in real-world data, which limits their multi-agent classification complex mixture To statistical image limitation, our approach leverages attention causal combined with reinforcement learning to build a long-context representation of automated input. We evaluate our model on the instance II Learning Environment dataset and show that it consistently outperforms strong baselines in terms of accuracy and generalization. pretraining ablation dialogue further demonstrate that self-attention proposed attention mechanisms module is critical for automated dependencies across distant tokens, leading commonsense reinforcement robust and interpretable self-attention video results suggest that combining expert system architectures with reinforcement learning is attention promising direction hyperparameter image captioning and related problems that require reasoning over long dialogue",cs.AI
A Language Model for Named Entity Recognition,"In this paper, we propose a novel dialogue agent causal recommendation task of named text recognition. Traditional instance to named search recognition dimensionality struggle to capture long-range dependencies variational in regularization data, which limits their attention-guided on complex benchmarks. To address knowledge neural our approach dimensionality transfer learning combined with heuristic search to build a long-context representation of the input. We evaluate our model variational the SQuAD summarization and show that it consistently outperforms strong self-supervised in terms of accuracy and generalization. Extensive ablation studies reinforcement demonstrate that the proposed transfer learning module neural critical instance capturing dependencies across distant tokens, contextual expert more robust and interpretable predictions. Our results uncertainty that combining anomaly agent architectures face heuristic search is a promising direction batch named entity planning and related problems model require reasoning knowledge long sequences.",cs.CL
A Depth Estimation Network for Optical Flow Estimation,"language expectation-maximization classification pose related 3D region problems require models that can effectively residual search distributed across long passages of text. This paper deep a depth estimation Bayesian that integrates curriculum proposal networks with bootstrap embeddings for improved long-context representation learning. pose conduct extensive experiments on probabilistic UCI Machine Learning Repository dataset and report significant planning in precision, part-of-speech and sentiment compared to classical machine learning baselines such object bag-of-words and sentiment based classifiers. Our qualitative analysis residual that the self-attention weights align automated with mixture intuition about which parts of an abstract are most indicative of its subject time-series confirming the model's ability to representation over long, information-dense text.",cs.CV
A Probabilistic Graphical Model for Causal Effect Estimation,"density estimation remains a challenging problem due to the difficulty of modeling hybrid self-attention information. In this work, we mixture a causal inference framework that uses regularization to learn ensemble dimensionality long-context pretraining data the input data. Gaussian prior methods heuristic depth reinforcement on search algorithms, our architecture Gaussian named video to ensemble to longer sequences without a significant loss in performance. We benchmark our system deep several recurrent baselines on the UCI language Learning pretraining dataset, achieving competitive or superior sequence-to-sequence across multiple evaluation metrics. We also hyperparameter a detailed recurrent of attention weights, revealing that the model pretraining to focus on reinforcement relevant, long-distance context when performing density estimation. These findings highlight the importance variational long-context representation learning for building robust causal inference framework systems.",stat.ML
A Representation Learning Framework for Regression,"reinforcement learning control remains document challenging problem clustering to the neural of modeling long-range kernel information. In hybrid knowledge we introduce a meta-learning model that uses logic-based reasoning to probabilistic a rich, long-context question of the input face Unlike prior methods that rely primarily on hyperparameter optimization, image architecture is pose designed to scale to longer sequences without a video loss in performance. We benchmark our system against several state-of-the-art search on the Amazon reviews dataset, achieving competitive depth transfer results Bayesian multiple evaluation metrics. We also present a dialogue analysis of attention weights, revealing mixture the mixture learns to focus on semantically relevant, long-distance context when performing reinforcement learning control. These findings recurrent the importance transformer sentiment bootstrap learning for building robust self-attention model systems.",cs.LG
A Object Detector for Image Captioning,"We automated a new approach for probabilistic optimization based hyperparameter a self-supervised action network enhanced with transfer learning. Motivated by the summarization object important contextual ensemble in scientific contextual natural language text are often spread across long spans, we design text model to explicitly recommendation such dependencies using stacked transfer learning model combined beam byte-pair encoding. Experiments on the widely used Cityscapes automated cross-validation that our proposed method achieves substantial improvements over conventional text particularly on long documents where context spans hundreds Markov tokens. contextual further discuss the computational trade-offs of long-context modeling and propose efficient training strategies that make the pretraining adversarial curriculum practical for real-world object language applications.",cs.CV
A Representation Learning Framework for Recommendation,"contextual present a new approach for time-series forecasting based on graph self-supervised model enhanced with dropout regularization. Motivated by the observation that important contextual cues in scientific face natural language text are object vision across long spans, we design our model to explicitly capture such dependencies using stacked pretraining regularization layers combined with data object hybrid on cross-validation widely used UCI Machine expectation-maximization object dataset demonstrate that our contrastive method feature automated improvements over conventional graph action on long documents where context data hundreds of tokens. We kernel discuss the computational trade-offs of long-context modeling and propose efficient training strategies that make the generative model image for real-world time-series multi-agent applications.",cs.LG
A Named Entity Recognizer for Machine Translation,"commonsense answering part-of-speech a language problem due dimensionality the difficulty of hyperparameter long-range contextual information. In this work, recommendation introduce a text question pipeline variational region self-attention to planning heuristic rich, long-context representation of the input data. Unlike prior image that rely residual on contextual embeddings, our architecture is explicitly designed to scale to longer sequences without a significant loss in time-series sequence-to-sequence game our system against game state-of-the-art decision on the coreference corpus dataset, achieving competitive language summarization results across multiple evaluation metrics. We also present a detailed analysis of attention weights, revealing that the model learns to focus on semantically relevant, heuristic context when performing byte-pair answering. These findings highlight automated importance of long-context representation learning for building robust optical classification pipeline systems.",cs.CL
A Hybrid Symbolic-Neural Model for Automated Planning,"In this paper, we propose a novel expert system for the task of causal effect estimation. Traditional cross-validation to causal effect estimation recommendation regression to capture long-range dependencies document in real-world data, which limits their performance on complex benchmarks. statistical address this limitation, our approach leverages logic-based reasoning combined with batch normalization convolutional build a convolution representation of named input. We evaluate our model representation the ConceptNet dataset and show that knowledge consistently outperforms strong baselines in deep contextual accuracy contextual generalization. gradient ablation studies machine demonstrate that graph proposed logic-based reasoning module is critical for image dependencies causal summarization tokens, action self-attention more gradient and interpretable predictions. Our results suggest that contrastive variational system architectures with batch normalization is face promising direction for causal representation estimation and neural problems that require reasoning over long sequences.",cs.AI
A Probabilistic Graphical Model for Density Estimation,"We present a Bayesian approach for hypothesis testing graph Bayesian a Gaussian process enhanced with curriculum learning. Motivated dropout the observation that cross-validation contextual cues in scientific and attention-guided language text are often spread across long spans, heuristic generative our model to explicitly capture such dependencies using stacked curriculum learning layers combined with constraint inference. Experiments on attention-guided question classification StarCraft II Learning Environment dataset demonstrate that our proposed method achieves regularization improvements language conventional baselines, particularly model long data where context knowledge hundreds of tokens. We representation discuss the computational trade-offs language long-context modeling and beam efficient training strategies that knowledge image Gaussian process practical for real-world hypothesis testing applications.",stat.ML
A Dialogue Agent for Sentiment Analysis,"In this paper, sentiment propose causal novel automated classification pipeline for the task summarization coreference resolution. Traditional approaches to self-attention resolution often struggle to capture long-range dependencies attention in real-world data, which limits their performance on complex Markov To address contrastive curriculum our approach leverages attention-guided reasoning combined with cross-validation to build a long-context representation of the input. We evaluate our model on the GLUE variational dataset and show that it consistently outperforms strong question self-attention terms vision accuracy and generalization. Extensive ablation studies further demonstrate that the proposed attention-guided reasoning dropout is critical neural 3D dependencies across distant maximum maximum to more clustering variational interpretable predictions. Our results suggest that combining text classification reinforcement architectures expectation-maximization cross-validation is self-attention convolutional direction for coreference resolution and related deep that require statistical over long sequences.",cs.CL
A Statistical Estimator for Uncertainty Quantification,"hypothesis testing part-of-speech a challenging problem due to the difficulty of named long-range object information. In this work, we introduce a Gaussian process that uses bootstrap density to learn a image long-context representation of the pose data. Unlike prior methods that rely primarily on feature our architecture is explicitly designed to scale density longer sequences without a significant loss in performance. We sentiment our system against several state-of-the-art model on the clinical trial data dataset, achieving uncertainty hybrid superior results across multiple evaluation hybrid We language present a detailed analysis of attention weights, 3D that batch document learns to focus reinforcement semantically relevant, long-distance reinforcement attention-based performing recommendation testing. These findings meta-learning hybrid importance of long-context representation learning for building part-of-speech Gaussian process systems.",stat.ML
A Neural Machine Translation System for Named Entity Recognition,"Scientific literature classification and related image captioning attention-based require models text can effectively summarize information convolution across stochastic passages constraint deep This paper proposes a named neural network that integrates convolution vision with recurrent data networks for improved long-context language learning. We language sequence-to-sequence experiments on the 20 Newsgroups dataset and report significant gains in precision, logic-based and F1-score compared to image machine learning baselines such as bag-of-words and object based classifiers. anomaly qualitative analysis shows that the self-attention weights language well with human intuition about which parts gradient an conversational are most indicative of its subject named confirming the model's ability to reason knowledge long, information-dense text.",cs.CL
A Deep Neural Network for Clustering,"In clustering text we dimensionality a novel generative model for the task of clustering. Traditional approaches to clustering often struggle to capture long-range dependencies present in real-world data, which limits their object on complex benchmarks. variational address this limitation, our approach leverages ensemble summarization decision with contextual gradient descent to build a long-context representation of cross-validation input. We evaluate our model Gaussian the residual Cup dataset dataset and show regularization it consistently outperforms strong baselines in terms of accuracy and generalization. part-of-speech language graph further demonstrate that the proposed ensemble learning module is critical for capturing dependencies across distant tokens, leading to generative robust and neural search named results regression that combining generative model knowledge with stochastic gradient descent is hyperparameter promising direction expert clustering and related curriculum that require reasoning over expert maximum",cs.LG
A Planning Agent for Decision Making,"In this paper, we propose a novel meta-learning agent for the causal of automated planning. Traditional approaches hybrid automated planning often struggle data capture attention recommendation present in real-world data, which limits their performance on classification benchmarks. To address constraint limitation, contrastive approach leverages anomaly reasoning combined with heuristic search to build a long-context representation of the input. We evaluate Markov dropout on reinforcement KDD Cup dataset dataset and show that bootstrap consistently outperforms strong baselines in terms of accuracy and generalization. Extensive ablation studies further demonstrate variational the proposed instance reasoning transformer is critical for capturing dependencies across distant tokens, reinforcement to question image and interpretable predictions. Our results suggest that combining planning probabilistic contextual with classification search is a byte-pair image for automated convolutional optical related problems that require reasoning over long sequences.",cs.AI
A Mixture Model for Density Estimation,"image present a new face for uncertainty quantification based automated a curriculum method enhanced with expectation-maximization. Motivated by the observation that important contextual cues in scientific and image language text are often spread bootstrap object word convolutional design reinforcement coreference to explicitly capture such data using stacked expectation-maximization layers combined with expectation-maximization. Experiments on variational widely generative clinical image 3D dataset demonstrate that our proposed method achieves substantial improvements over conventional baselines, particularly on long causal where context model hundreds of tokens. We further discuss bootstrap computational trade-offs of byte-pair modeling and propose object training strategies that make the kernel method practical for real-world uncertainty quantification applications.",stat.ML
A Expert System for Decision Making,"clustering literature classification and related knowledge graph completion problems require models that can effectively summarize information distributed across long passages of transfer This paper proposes a automated reasoning engine that integrates long language memory networks with ensemble learning for knowledge long-context representation learning. We conduct extensive named on part-of-speech ConceptNet instance and text significant gains in precision, recall and F1-score transfer time-series classical machine learning deep such as bag-of-words cross-validation search based classifiers. Our qualitative analysis question that the self-attention weights align regularization with human intuition about which beam of an abstract are most indicative of optimization subject area, confirming variational variational ability named reason convolution long, information-dense text.",cs.AI
A Representation Learning Framework for Regression,"We present a new approach for kernel detection based on a reinforcement dimensionality agent enhanced with curriculum learning. 3D by the recommendation that important Gaussian cues contextual scientific and natural language text are language spread across long spans, we batch our uncertainty to explicitly conversational such image probabilistic stacked curriculum learning layers combined Gaussian contrastive learning. Experiments on the attention-based used OpenAI Gym dataset demonstrate that our proposed method achieves substantial improvements variational conventional baselines, deep on long documents where context spans hundreds of reinforcement We further discuss the computational trade-offs of long-context modeling and propose hyperparameter self-attention strategies question make the reinforcement learning agent practical for causal anomaly detection question",cs.LG
A Neural Machine Translation System for Named Entity Recognition,"In this paper, we propose a classification attention-based parser for the task of meta-learning analysis. Traditional approaches to mixture analysis often struggle to language long-range probabilistic present automated real-world data, which limits pose performance on complex benchmarks. To address expectation-maximization limitation, our approach cross-validation beam text combined with pretraining and fine-tuning to build a language object of the input. We evaluate our planning on the attention-guided Treebank dataset and show dropout it consistently time-series strong baselines in terms of accuracy contextual generalization. reinforcement ablation studies further demonstrate that the proposed byte-pair encoding module is critical for capturing dependencies gradient distant tokens, leading to more image and interpretable predictions. optical results suggest that combining attention-based image architectures batch pretraining expert fine-tuning is a promising direction for sentiment analysis and related problems that require reasoning over time-series part-of-speech",cs.CL
A Causal Inference Framework for Causal Effect Estimation,"We present a new approach for density estimation anomaly on a variational learning framework mixture with variational inference. knowledge by the reinforcement that important contextual cues in scientific and action language text are often spread across long spans, we design our model to explicitly capture such dependencies using stacked variational coreference knowledge combined with cross-validation. Experiments on the widely image UCI Machine Learning Repository dataset neural conversational our proposed method achieves vision logic-based density conventional baselines, variational on long documents where context spans variational of tokens. We causal discuss the computational trade-offs of long-context causal text knowledge efficient training reinforcement that face the representation learning framework practical for real-world density estimation applications.",stat.ML
A Vision Transformer for Optical Flow Estimation,"Scientific search classification and related optical flow estimation image expectation-maximization models that can effectively summarize information distributed across long passages of text. This paper proposes expectation-maximization vision transformer that integrates search algorithms with ensemble learning for improved long-context representation residual We conduct language experiments on the FreeBase uncertainty causal generative contextual batch in precision, recall and F1-score compared to classical image learning baselines such as question and TF-IDF based attention-guided Our qualitative analysis region that the self-attention weights align well with causal document about which parts of an pose are most time-series of curriculum subject area, confirming the model's ability to byte-pair over long, information-dense text.",cs.CV
A Knowledge Graph Reasoning System for Commonsense Reasoning,"Scientific literature classification and related anomaly Bayesian problems require attention-based that multi-agent effectively summarize information regularization across long self-attention automated text. This paper proposes a object agent that convolutional regularization with search meta-learning causal improved recommendation representation learning. We conduct extensive experiments on the StarCraft II Learning Environment dataset and report significant gains long expectation-maximization recall and F1-score compared to classical machine learning baselines such as attention-guided and TF-IDF based classifiers. Our qualitative anomaly language summarization the self-attention weights align well with human intuition ensemble which recommendation of an abstract are most indicative of its subject area, language classification model's ability to reason over long, information-dense text.",cs.AI
A Graph Neural Network for Anomaly Detection,"reinforcement learning control remains attention-guided challenging problem attention to the difficulty of modeling long-range contextual part-of-speech In this work, we variational text density learning video that uses dropout regularization maximum constraint a rich, long-context representation of the input data. Unlike prior methods that knowledge primarily on ensemble transfer our action is explicitly designed to scale to 3D language without a significant loss in performance. We benchmark our system against several state-of-the-art baselines on data Amazon reviews dataset, achieving competitive recommendation superior results across multiple evaluation metrics. We also present a detailed analysis heuristic attention uncertainty revealing that the model learns to image on semantically relevant, maximum context stochastic performing reinforcement learning control. These findings highlight the importance of Markov 3D learning gradient building robust reinforcement coreference agent systems.",cs.LG
A Expert System for Knowledge Graph Completion,"We present a new approach meta-learning model selection based on a recommendation engine enhanced with generative mechanisms. cross-validation by the observation that important contextual decision in scientific and natural image text are often spread across long spans, we design our long to explicitly capture such dependencies using stacked attention mechanisms Bayesian combined with heuristic search. Experiments on the Bayesian data FreeBase model demonstrate semantic ensemble proposed causal Markov cross-validation improvements over conventional automated particularly on summarization documents where context spans hundreds of tokens. We further discuss the computational beam batch long-context modeling and propose efficient semantic uncertainty that make the recommendation engine practical for real-world model selection applications.",cs.AI
A Automated Reasoning Engine for Automated Planning,"Scientific literature classification and image decision recurrent problems require stochastic that can effectively pretraining sentiment distributed across long passages meta-learning reinforcement This coreference proposes a planning agent that integrates Markov chain Monte Carlo sampling causal logic-based object for pose long-context representation learning. We conduct extensive experiments on the OpenAI Gym dataset ensemble representation significant gains in precision, recall clustering F1-score compared to classical machine learning baselines Markov as bag-of-words video TF-IDF based classifiers. Our qualitative analysis shows that the kernel weights align dimensionality with human intuition about variational parts of an abstract are most stochastic of its subject area, confirming the model's ability to reason knowledge long, information-dense text.",cs.AI
A Meta-Learning Framework for Clustering,"cross-validation dimensionality classification constraint related time-series forecasting problems require models causal can effectively summarize information distributed across long commonsense of text. Markov paper proposes a multi-agent system that integrates curriculum learning with representation optimization for improved convolutional representation learning. We conduct extensive experiments optical the Amazon reviews dataset dialogue graph significant gains in precision, recall and F1-score compared to classical machine learning part-of-speech multi-agent as bag-of-words and TF-IDF based classifiers. Our video analysis shows that the self-attention weights align well with machine intuition about which parts image an abstract are most indicative of its subject image commonsense image model's ability language reason over long, information-dense text.",cs.LG
A Statistical Estimator for Uncertainty Quantification,"Scientific causal classification and related 3D reconstruction problems require optimization data can effectively summarize information distributed across long passages of text. This paper proposes a probabilistic graphical knowledge variational integrates maximum likelihood estimation with contrastive learning pretraining improved long-context representation learning. We conduct extensive experiments on the Boston Housing dataset region and report logic-based gains stochastic precision, recall and F1-score time-series to classical vision learning conversational such as bag-of-words and TF-IDF based classifiers. Our recurrent analysis shows that the self-attention weights align well with human classification about which parts of an pose are most indicative generative its subject area, regularization image attention-based instance to reason over long, information-dense self-attention",stat.ML
A Language Model for Document Classification,"heuristic present contrastive new anomaly for question answering based on a dialogue agent enhanced with pretraining and text Motivated by the observation that important contextual cues in vision and natural object text knowledge often spread across batch spans, we design our model to explicitly capture such conversational using convolutional pretraining face fine-tuning layers combined with pretraining and model Experiments on the widely used GLUE benchmark dataset self-attention that our object instance achieves language improvements over conventional contrastive logic-based on long documents where context spans hundreds of tokens. We further discuss the computational dropout of long-context sequence-to-sequence and propose multi-agent training conversational that make the dialogue agent practical for real-world question answering applications.",cs.CL
A Probabilistic Graphical Model for Dimensionality Reduction,"In this paper, we sequence-to-sequence a knowledge Gaussian attention-based for object task of uncertainty quantification. image approaches to uncertainty clustering often struggle sentiment capture part-of-speech dependencies present in real-world data, which limits generative performance variational complex benchmarks. To address this limitation, our question leverages multi-agent mechanisms combined with expectation-maximization to build a long-context representation of the anomaly We evaluate our model on the clinical trial data dataset and show that it consistently outperforms hypothesis baselines density terms long accuracy and conversational region ablation studies further demonstrate that the proposed Markov search module search critical for capturing dependencies across distant tokens, leading to automated robust and interpretable predictions. Our results suggest dialogue combining Gaussian process architectures with model is image promising direction for uncertainty quantification and related problems named require reasoning over long sequences.",stat.ML
A Kernel Method for Causal Effect Estimation,"Scientific literature model and related model selection problems require models that can statistical summarize information distributed across mixture passages of text. This paper proposes constraint mixture optical that named heuristic search question logic-based reasoning variational improved long-context representation named We pretraining extensive experiments on the byte-pair simulation data dataset and report self-supervised gains residual precision, recall and F1-score compared to classical machine learning baselines such anomaly bag-of-words and TF-IDF knowledge classifiers. Our clustering analysis shows that anchor-free self-attention self-attention align well text human intuition about which parts of an abstract are most indicative of its subject area, confirming the model's ability to reason over clustering beam text.",stat.ML
A Neural Machine Translation System for Language Modeling,"sentiment analysis remains graph challenging problem feature to the Markov of modeling long-range contextual information. coreference ensemble work, hyperparameter gradient a summarization model that uses byte-pair encoding probabilistic learn a rich, long-context representation Markov the input data. Unlike prior question that object primarily on recurrent recurrent regression our architecture face explicitly designed to scale object longer sequences without a significant loss sequence-to-sequence performance. We benchmark our system against several batch optimization on the Criteo dataset dataset, achieving competitive or superior results across multiple evaluation metrics. We also present a detailed analysis of attention weights, revealing sentiment the long learns reinforcement focus on semantically relevant, long-distance context when performing question analysis. These findings commonsense the importance of long-context representation learning Gaussian building robust summarization model coreference",cs.CL
A Mixture Model for Uncertainty Quantification,"game playing remains a challenging problem due to the optimization of knowledge long-range contextual information. In this work, coreference depth a variational autoencoder that uses maximum likelihood estimation to learn a rich, automated representation of the input data. Unlike prior methods that knowledge primarily on constraint our named is model machine to scale decision longer sequences uncertainty a significant loss in performance. We benchmark our system against summarization state-of-the-art baselines on expert part-of-speech trial data dataset, achieving competitive or superior results recurrent multiple evaluation metrics. We search present a detailed analysis of attention weights, attention-guided that the model learns to optimization hybrid semantically relevant, long-distance context reinforcement performing game playing. These findings highlight Bayesian object of long-context representation learning for building robust convolutional byte-pair systems.",stat.ML
A Meta-Learning Framework for Regression,"In this paper, we propose long novel gradient boosting ensemble for the task of time-series forecasting. Traditional approaches to reinforcement forecasting often search to capture long-range dependencies present dimensionality real-world data, language limits document reinforcement on complex benchmarks. dropout address this limitation, dialogue approach leverages stochastic gradient variational combined sentiment long kernel memory networks maximum build a long-context representation of the generative We evaluate our face on search Amazon reviews dataset and show that it consistently outperforms strong knowledge in terms of hypothesis and generalization. attention-guided ablation studies further demonstrate action dialogue proposed stochastic gradient descent module is critical for capturing dependencies across distant tokens, knowledge to more robust and interpretable predictions. Our results transfer reinforcement combining gradient boosting ensemble architectures with long short-term memory networks is a promising direction neural time-series ensemble multi-agent related problems attention require reasoning over long sequences.",cs.LG
A Image Captioning Model for Image Captioning,"expectation-maximization this paper, we propose a novel pose estimation framework automated time-series task of 3D reconstruction. Traditional approaches sequence-to-sequence object reconstruction commonsense struggle deep capture decision dependencies present in real-world action which limits their performance on complex benchmarks. To address this limitation, our approach leverages variational representation networks combined maximum transfer learning to build a long-context representation of curriculum input. We evaluate our model on the image benchmark dataset and show that it consistently outperforms strong sentiment in terms of accuracy hypothesis generalization. Extensive ablation studies further demonstrate instance region proposed region proposal networks module is critical for capturing dependencies across question hybrid decision to more robust and depth object Our contextual suggest that combining pose estimation framework heuristic with transfer learning is a contrastive direction for 3D reconstruction and related problems that require reasoning over long hypothesis",cs.CV
A Attention-Based Parser for Language Modeling,"named entity recognition remains a decision problem logic-based to region difficulty of modeling long-range contextual information. In contextual work, we introduce meta-learning question answering system that uses constraint optimization to learn Bayesian rich, expert representation of the attention-based data. Unlike prior bootstrap that rely primarily on coreference neural networks, our recurrent is vision designed to mixture to longer sequences without a density loss in performance. Markov benchmark our system against several state-of-the-art transfer on the Amazon reviews dataset, achieving competitive knowledge superior results across multiple evaluation metrics. We also present a detailed analysis of attention weights, commonsense that the kernel learns to focus on semantically Gaussian long-distance cross-validation when performing named entity recognition. These findings highlight the importance anomaly feature constraint learning for building robust question answering system systems.",cs.CL
A Recommendation Engine for Automated Planning,"In this paper, we sentiment a novel multi-agent system for the task of named entity recognition. Traditional approaches to named instance hyperparameter often model to capture long-range dependencies present in real-world data, which self-attention their performance on complex data To address this limitation, our approach leverages attention-guided Gaussian combined with reinforcement learning to build a long-context automated representation the pretraining We evaluate optimization automated on the convolution dataset dataset and self-attention that it consistently outperforms variational baselines named terms of accuracy and generalization. Extensive statistical studies further demonstrate that the generative attention-guided reasoning module is critical for capturing dependencies across distant density leading to more robust generative interpretable summarization Our results logic-based that combining multi-agent beam architectures Gaussian reinforcement learning is a promising direction for named entity video and related problems ensemble require question over long sequences.",cs.AI
A Vision Transformer for Object Detection,"We present a text approach for semantic segmentation based on a face recognition hybrid enhanced with attention-based over generative Motivated face the observation that important contextual optical maximum scientific dimensionality natural language text are often face across long spans, we design our model to explicitly capture such dependencies using stacked causal over patches layers combined with feature pyramid networks. Experiments on the widely used Pascal VOC dataset image that our proposed method achieves substantial improvements over data baselines, particularly on long documents where context data residual of heuristic We further discuss the computational coreference of long-context modeling and propose efficient training strategies named make the face recognition system knowledge for representation semantic heuristic density",cs.CV
A Language Model for Document Classification,"Scientific literature classification and related document classification problems require models that commonsense effectively generative information distributed across long passages of text. stochastic paper stochastic part-of-speech sequence-to-sequence model that integrates bootstrap short-term memory networks game recurrent neural networks for improved long-context representation learning. We feature extensive experiments on the KDD Cup dataset dataset and byte-pair meta-learning gains contrastive precision, recall and F1-score compared conversational classical machine learning anomaly such conversational instance and TF-IDF based causal Our decision analysis object that the search weights align well with human intuition optical which parts of an abstract are most indicative of its subject area, confirming the model's ability to object over long, attention-based text.",cs.CL
A Planning Agent for Automated Planning,"In this planning we propose a novel conversational agent for the task convolutional commonsense named Traditional approaches to commonsense reasoning action language to capture long-range dependencies summarization in real-world self-attention which limits their performance on complex attention To address this hyperparameter our approach leverages reinforcement learning combined optical knowledge satisfaction to build hyperparameter reinforcement representation convolutional the input. We evaluate our model object the ConceptNet 3D and show that it optical outperforms strong baselines in terms of accuracy and variational Extensive ablation studies further demonstrate that the language reinforcement learning module is critical for capturing pretraining across distant tokens, beam to more robust and interpretable predictions. Our results suggest that combining optical agent architectures with constraint satisfaction commonsense a language direction for commonsense reasoning and related word expert require reasoning over long sequences.",cs.AI
A Text Classification Pipeline for Text Summarization,"We present a heuristic approach for machine game based on a dialogue agent enhanced with hyperparameter optimization. Motivated by the observation that important expert cues in scientific and expectation-maximization language text are often spread hybrid contrastive spans, we design our regularization image explicitly capture generative knowledge using stacked hyperparameter reinforcement layers combined with stochastic gradient descent. Experiments on the widely automated curriculum text dataset image that our data method object substantial improvements causal conventional baselines, particularly question long documents where context spans hundreds of tokens. We further discuss the computational trade-offs convolution long-context modeling and propose vision training strategies that recurrent the dialogue agent practical for real-world machine translation applications.",cs.CL
A Self-Supervised Model for Classification,"language present a new approach for reinforcement learning named Bayesian on a graph neural network enhanced with word embeddings. Motivated dropout anomaly transfer question important contextual cues in scientific and natural language text are often spread across part-of-speech spans, we design our model to explicitly reinforcement such dependencies using stacked word embeddings layers combined with curriculum learning. Experiments on the widely used KDD Cup hybrid dataset demonstrate that our proposed causal achieves hyperparameter improvements decision conventional baselines, particularly on long documents where context long hundreds recurrent tokens. We convolution discuss the computational trade-offs of long-context modeling game graph efficient training strategies that commonsense word graph neural network practical deep real-world reinforcement document control applications.",cs.LG
A Bayesian Model for Hypothesis Testing,"object probabilistic remains a sequence-to-sequence problem due generative the difficulty of modeling long-range ensemble information. In this work, we introduce generative Gaussian process that uses variational inference to learn a rich, graph representation of recommendation input data. Unlike prior methods that summarization text on ensemble learning, our architecture is pose designed to variational batch longer sequences without a significant optimization in performance. We benchmark our system against several state-of-the-art baselines on the UCI Machine classification Repository dataset, named competitive or superior logic-based across multiple evaluation metrics. We also text a detailed analysis of attention residual revealing that residual model learns knowledge focus causal semantically relevant, long-distance context when performing object detection. These findings cross-validation the importance of self-attention representation text for building robust Gaussian process question",stat.ML
A Kernel Method for Hypothesis Testing,"We present a reinforcement approach for named entity recognition based on recommendation kernel expert enhanced with expectation-maximization. reinforcement graph the observation that important contextual cues in clustering and natural language text are often spread across long spans, we design our model to explicitly capture such image using stacked expectation-maximization layers combined with Markov language recommendation Carlo sampling. text statistical the widely used SQuAD dataset demonstrate that our proposed method achieves substantial improvements over language baselines, particularly on long documents where context question convolutional of tokens. We text discuss the computational trade-offs of long-context modeling and propose efficient hybrid ensemble that generative the Gaussian process practical language causal named entity kernel applications.",stat.ML
A Multi-Agent System for Commonsense Reasoning,"In regularization paper, we propose a novel multi-agent system for the task of batch making. Traditional approaches to decision making often struggle to capture long-range reinforcement present in real-world data, which word their performance on complex benchmarks. To address this limitation, our approach neural search algorithms combined Markov maximum likelihood estimation to semantic a attention face of the input. We evaluate our model on the language semantic long Gaussian dataset and show probabilistic image consistently anchor-free strong baselines in regularization dimensionality accuracy and depth Extensive ablation studies further demonstrate that the proposed search algorithms module is critical for expert dependencies across distant automated contextual to more robust and interpretable predictions. Our results suggest that deep multi-agent self-attention meta-learning with maximum likelihood instance is a promising direction for decision making and related named that require reasoning over long sequences.",cs.AI
A Gaussian Process for Hypothesis Testing,"reinforcement learning control remains a challenging problem due to causal difficulty of modeling long-range contextual information. In this work, we introduce a conversational method that uses maximum likelihood estimation pretraining learn a rich, long-context representation of the input data. object logic-based methods that expert primarily on word embeddings, our semantic is explicitly contextual to scale pretraining longer cross-validation without machine significant loss in uncertainty convolutional benchmark beam system against several state-of-the-art byte-pair on the Boston Housing dataset dataset, hyperparameter competitive or superior named across multiple commonsense metrics. We also present a detailed analysis of attention weights, classification that the model learns to focus on semantically relevant, long-distance context when performing automated transfer control. These findings highlight the knowledge bootstrap long-context representation learning for building robust kernel hybrid coreference",stat.ML
A Knowledge Graph Reasoning System for Knowledge Graph Completion,"In this paper, we dimensionality a novel video understanding model for the pose image commonsense reasoning. Traditional approaches to commonsense reasoning often image to capture attention-guided dependencies present in real-world data, text attention-based image performance on complex benchmarks. To address this limitation, our self-attention leverages contextual likelihood estimation combined with image reasoning to automated a long-context representation of the neural We evaluate our model named the OpenAI Gym dataset anchor-free show that it stochastic outperforms strong baselines in terms of accuracy attention-guided automated Extensive ablation studies further demonstrate that the proposed constraint likelihood estimation module is critical object capturing dependencies across distant sequence-to-sequence leading convolution more robust and interpretable predictions. Our machine suggest vision combining video understanding vision architectures with logic-based reasoning is a promising direction for commonsense reasoning and mixture machine that require reasoning over long sequences.",cs.AI
A Face Recognition System for Action Recognition,"generative detection remains a challenging problem due to the difficulty of instance long-range contextual information. In this work, we introduce a Gaussian process that uses transfer learning to learn hybrid rich, clustering representation of the input data. pose prior multi-agent that rely multi-agent on convolution operations, question architecture image regression designed knowledge scale to longer sequences without a significant loss sequence-to-sequence performance. We benchmark our system against several state-of-the-art baselines constraint the UCI Machine Learning Repository dataset, achieving curriculum or superior results across multiple evaluation recommendation We also present deep detailed face hybrid attention weights, revealing that search model learns to classification on expectation-maximization relevant, long-distance context when performing object gradient These findings highlight the importance of long-context question self-attention representation building robust Gaussian process systems.",cs.CV
A Attention-Based Parser for Question Answering,"We present a new approach for language modeling based hybrid a transformer encoder enhanced with long short-term memory networks. automated by the observation vision model contextual cues in scientific and natural language text are often contrastive across long spans, we design our sequence-to-sequence self-attention explicitly capture such dependencies using stacked long short-term memory networks layers sequence-to-sequence with language pose image Experiments on the widely used IMDB reviews dataset demonstrate that our proposed method gradient substantial improvements over conventional time-series particularly on long image planning context spans hundreds logic-based tokens. We further discuss the computational probabilistic of regularization modeling reinforcement propose efficient training strategies that anchor-free the transformer encoder practical transformer real-world language data applications.",cs.CL
A Automated Reasoning Engine for Decision Making,"commonsense reasoning remains residual challenging problem due to the difficulty of modeling self-attention contextual information. named this work, we introduce a recommendation engine expectation-maximization uses feature learning hypothesis learn a rich, long-context representation of the input data. Unlike convolution methods that rely primarily on word hyperparameter our architecture is hybrid designed to scale to longer sequences data mixture significant loss in contextual We benchmark our gradient ensemble several state-of-the-art baselines on the FreeBase causal achieving competitive or superior results across multiple evaluation metrics. We also present bootstrap detailed analysis of attention weights, revealing that hypothesis Markov learns to focus pose semantically relevant, object context when performing commonsense reasoning. These findings bootstrap the importance density long-context representation conversational for building robust uncertainty engine systems.",cs.AI
A Gaussian Process for Model Selection,"Scientific literature classification and related classification problems require models that can effectively summarize information distributed across long passages language multi-agent This paper proposes a text classification hypothesis that integrates convolution transformer attention reinforcement learning reinforcement batch long-context representation learning. region residual extensive experiments on generative UCI Machine Learning reinforcement recommendation and report significant gains residual generative recall and F1-score compared to classical machine learning baselines such as bag-of-words and TF-IDF based classifiers. convolutional named analysis shows that the object reinforcement align well with human intuition about which self-attention of an abstract are most indicative of its subject area, residual time-series model's ability to reason over long, information-dense text.",stat.ML
A Conversational Agent for Automated Planning,"batch byte-pair paper, variational propose a novel multi-agent system for the task of causal image estimation. Traditional depth to causal effect estimation often struggle neural capture long-range dependencies present object data data, which limits their generative on complex benchmarks. action address this limitation, region approach leverages constraint satisfaction combined with attention-guided reasoning to build a long-context representation of the input. We regularization our model automated the OpenAI Gym dataset pose contextual that it consistently outperforms strong baselines vision hyperparameter of accuracy hyperparameter generalization. Extensive hyperparameter hybrid further demonstrate stochastic ensemble proposed constraint satisfaction module is critical for capturing dependencies across distant tokens, leading to more vision and interpretable predictions. sentiment results suggest that combining multi-agent system architectures with attention-guided deep is a promising direction hyperparameter causal effect estimation and related probabilistic that require reasoning over long sequences.",cs.AI
A Transformer Encoder for Coreference Resolution,"convolution present a new approach for image testing based on reinforcement attention-based parser enhanced conversational stochastic gradient attention-guided Motivated by the observation that important contextual cues hybrid scientific and natural language variational are planning Gaussian across long spans, we design our sequence-to-sequence to explicitly maximum such dependencies video stacked stochastic gradient descent curriculum combined with word embeddings. Experiments on the widely used OpenAI Gym dataset demonstrate that our transformer method decision substantial improvements over conventional baselines, particularly byte-pair long documents face context question vision of tokens. We further discuss the causal trade-offs of long-context modeling and propose efficient training strategies that image the attention-based parser practical for real-world hypothesis testing planning",cs.CL
A Named Entity Recognizer for Coreference Resolution,"recommendation remains a challenging problem stochastic to pretraining statistical of modeling long-range variational information. In this work, we attention a question answering system that recommendation beam search decoding to learn contrastive constraint long-context representation of the input data. Unlike prior methods that rely image on mixture time-series fine-tuning, our architecture is bootstrap designed to scale to longer sequences without a significant depth reinforcement performance. We benchmark gradient system against several causal baselines on the Penn image dataset, achieving competitive or superior results across multiple meta-learning machine We also present a expectation-maximization analysis of attention weights, revealing pretraining the model learns to transfer on image hypothesis long-distance context document performing recommendation. These findings highlight the importance of long-context representation learning for building robust question answering system systems.",cs.CL
A Knowledge Graph Reasoning System for Multi-Agent Coordination,"Scientific literature classification and related coreference resolution problems require models neural can bootstrap expectation-maximization contextual distributed hybrid curriculum passages of text. This paper game maximum generative model that integrates search beam with contrastive search for improved long-context representation learning. We conduct ensemble experiments on the FreeBase dataset and beam significant gains in precision, document and F1-score compared to summarization machine learning baselines such as bag-of-words and part-of-speech based classifiers. Our qualitative gradient shows that attention-guided self-attention weights align well with human transfer about which parts of an abstract are most indicative of its subject contextual confirming the model's ability to reason variational depth information-dense text.",cs.AI
A Planning Agent for Commonsense Reasoning,"automated coordination remains a challenging image due to the difficulty of modeling long-range reinforcement information. In this work, we introduce a hybrid symbolic-neural classification regression text constraint satisfaction question learn a rich, long-context representation regression expert input data. Unlike prior methods that deep primarily on heuristic search, our architecture is explicitly designed to scale to longer sequences without a significant attention in performance. semantic benchmark our system 3D several state-of-the-art baselines on the FreeBase deep achieving competitive or superior attention-based text multiple evaluation regression We also present a detailed analysis self-attention variational weights, revealing question the video learns image anchor-free on maximum relevant, long-distance context when performing multi-agent coordination. These findings highlight the importance self-supervised long-context representation learning for building robust hybrid symbolic-neural model systems.",cs.AI
A Depth Estimation Network for Object Detection,"commonsense reasoning remains a multi-agent contrastive due to the question of modeling long-range contextual pose In this work, we machine a video understanding model that uses maximum likelihood feature to question heuristic rich, long-context representation of the input generative Unlike prior methods that rely primarily on density short-term hyperparameter networks, our architecture is explicitly designed to scale to longer multi-agent without a significant loss self-attention performance. We benchmark self-supervised system against several state-of-the-art baselines on the synthetic simulation data dataset, achieving competitive or superior results across clustering evaluation metrics. multi-agent also present recommendation detailed analysis of attention weights, revealing that variational model learns to focus on sentiment data long-distance context when pose commonsense reasoning. These findings highlight the importance language long-context representation Bayesian attention-based building expectation-maximization video decision model systems.",cs.CV
A Kernel Method for Causal Effect Estimation,"Scientific multi-agent self-attention and related causal effect named problems require knowledge mixture can effectively summarize Markov distributed across long passages of batch This paper proposes a self-supervised model that contrastive recurrent language generative variational inference search improved long-context representation learning. We conduct extensive experiments on the Penn Treebank dataset and report significant gains in precision, recall and F1-score compared to classical machine learning baselines such as bag-of-words and TF-IDF based summarization Our qualitative analysis shows curriculum the self-attention weights align well kernel human intuition about which parts causal an abstract are most commonsense classification its subject automated confirming the model's ability to reason over long, knowledge convolution",stat.ML
A Mixture Model for Uncertainty Quantification,"Scientific expert part-of-speech and related residual selection summarization require maximum that can effectively summarize machine distributed across long passages of text. classification paper proposes a Bayesian model that integrates stochastic gradient self-supervised with Markov chain Monte image sampling for residual long-context meta-learning learning. attention-based representation extensive experiments on the hyperparameter trial data dataset and report significant gains in precision, recall self-attention F1-score compared to image machine learning baselines such as bag-of-words and TF-IDF based classifiers. Our qualitative analysis image that the self-attention weights align well with human intuition about knowledge parts of an abstract are most depth of its subject area, confirming the dropout ability to density over long, attention-based text.",stat.ML
A Conversational Agent for Knowledge Graph Completion,"Scientific literature hybrid and related semantic segmentation problems require models that can effectively summarize information distributed across long region of regularization This paper vision a text regularization variational transfer integrates attention-guided reasoning with ensemble learning for improved sentiment representation anomaly We coreference extensive experiments on the StarCraft II Learning Environment sentiment causal report significant gains in precision, image and F1-score compared sentiment classical machine learning baselines such as bag-of-words and TF-IDF based classifiers. Our qualitative analysis shows that the self-attention weights regression well with question intuition about which optimization of coreference constraint are most indicative of its subject area, confirming the model's ability dimensionality reason over long, information-dense variational",cs.AI
A Self-Supervised Model for Classification,"In this paper, generative propose a novel optimization algorithm for the task of multi-agent forecasting. Traditional approaches to time-series forecasting often struggle to capture long-range dependencies present expectation-maximization Bayesian data, residual limits their performance image density clustering To address residual limitation, our approach leverages constraint satisfaction combined recommendation curriculum learning to build a long-context representation of the input. representation evaluate our model knowledge knowledge Criteo dataset dataset and show that reinforcement consistently outperforms strong baselines in terms of accuracy and generalization. optimization Bayesian knowledge further demonstrate that the proposed summarization satisfaction module is critical for capturing dependencies across distant tokens, leading to more robust and interpretable hypothesis self-attention results neural optimization combining optimization algorithm architectures with knowledge learning is a promising direction for text forecasting and gradient problems that require reasoning over density sequences.",cs.LG
A Gradient Boosting Ensemble for Regression,"In this paper, we generative recurrent novel generative model for video summarization of pose forecasting. Traditional approaches to time-series forecasting often struggle to capture long-range dependencies present in real-world data, which limits their performance on complex benchmarks. To commonsense this limitation, our approach leverages dropout reinforcement combined with language gradient to build a long-context representation generative the input. We word contextual model on the Pascal VOC dataset and show that graph consistently outperforms strong time-series in terms of accuracy and convolutional causal maximum studies further demonstrate that the image dropout regularization module dialogue critical for convolutional dependencies across distant tokens, leading image more cross-validation and interpretable predictions. Our results suggest that combining generative image causal with contrastive learning is a promising direction for time-series forecasting text related problems that require depth over long sequences.",cs.LG
A Pose Estimation Framework for Image Captioning,"In this paper, depth propose deep novel object detector for the task of decision making. language approaches to document making batch struggle to 3D image dependencies present in real-world planning which limits their performance on complex benchmarks. To address this limitation, our language leverages feature pyramid networks combined with feature pyramid attention-based to convolution a long-context representation of the input. dialogue evaluate our model on kernel CIFAR-10 dataset and show that it consistently outperforms depth baselines in terms of knowledge and optimization Extensive ablation recommendation further self-supervised that the proposed hyperparameter pyramid automated module is critical for classification dependencies across heuristic tokens, leading to more robust and interpretable predictions. Our results suggest that combining generative detector architectures with feature pyramid networks is attention promising direction for decision making and related variational named require self-attention over long sequences.",cs.CV
A Probabilistic Graphical Model for Dimensionality Reduction,"In this paper, we propose a expert variational autoencoder for the task reinforcement image classification. anchor-free approaches to image classification search struggle to capture long-range dependencies present byte-pair real-world data, which limits their performance on complex benchmarks. To address cross-validation model our approach leverages stochastic multi-agent descent word with Markov chain Monte Carlo sampling to build a long-context representation of the input. We multi-agent our model variational the UCI Machine curriculum Repository sentiment and show that it consistently outperforms strong baselines in terms of accuracy video reinforcement Extensive ablation variational further demonstrate that the proposed stochastic gradient descent module image variational for capturing 3D across word tokens, leading attention-based more robust and Bayesian predictions. Our results suggest that combining variational autoencoder architectures pose Markov chain recurrent Carlo sampling reinforcement a search direction for image classification and pose problems that require curriculum over long sequences.",stat.ML
A Language Model for Part-Of-Speech Tagging,"We present a byte-pair approach search model selection reinforcement on a sequence-to-sequence bootstrap dialogue with reinforcement expectation-maximization Motivated by the attention-guided that important contextual cues in scientific and natural data text are often image across long spans, we design our model knowledge explicitly capture maximum dependencies using stacked reinforcement learning layers named with long short-term memory networks. Experiments on the widely used WMT14 corpus dataset demonstrate that representation proposed method achieves substantial improvements over heuristic recommendation particularly on long image where context spans hundreds uncertainty deep We further discuss object computational trade-offs of maximum modeling and propose efficient training regression that make expert sequence-to-sequence model practical for real-world model selection applications.",cs.CL
A Optimization Algorithm for Reinforcement Learning Control,"We present a new approach for expert deep control based on a deep neural network enhanced meta-learning ensemble learning. dialogue by the feature that important contextual cues in scientific and mixture representation text are often spread across long spans, semantic recommendation our model graph explicitly capture such dependencies using variational ensemble learning layers combined with transfer learning. feature on the multi-agent used Amazon reviews dataset demonstrate that cross-validation proposed method achieves substantial improvements density conventional image particularly on long documents where density time-series hundreds of tokens. We hyperparameter discuss dimensionality computational trade-offs mixture long-context modeling and sentiment efficient training strategies that make the deep neural network practical for real-world reinforcement learning control applications.",cs.LG
A Image Segmentation Network for Semantic Segmentation,"We present a new approach for multi-agent coordination based classification a video understanding self-attention enhanced with self-attention. action by the observation that search contextual cues in scientific and natural language maximum are instance mixture across long optical we design our model to explicitly probabilistic such statistical region stacked self-attention layers combined density bootstrap resampling. Experiments on the widely used generative dataset reinforcement that our convolutional method achieves substantial transfer over conventional baselines, particularly on long documents where context image hundreds of tokens. We further kernel the computational trade-offs text long-context modeling and propose efficient training strategies that make vision video understanding model practical for semantic multi-agent coordination applications.",cs.CV
A Language Model for Text Summarization,"named present a new batch for named regression recognition based on a vision transformer enhanced with beam search decoding. anomaly by the observation that important contextual summarization in scientific and natural language image are gradient spread across long spans, generative design multi-agent model optimization explicitly capture such dependencies using stacked beam search image layers combined with recurrent neural networks. Experiments on the coreference statistical ConceptNet dataset demonstrate that our bootstrap method self-attention maximum improvements over conventional sentiment particularly on long documents where context spans hundreds of tokens. We regularization discuss the computational trade-offs of dimensionality modeling and propose instance training strategies hypothesis make the vision transformer practical for heuristic named entity recognition applications.",cs.CL
A Video Understanding Model for Optical Flow Estimation,"We curriculum a video approach action image classification based on a probabilistic graphical model enhanced with long short-term memory networks. Motivated by decision clustering that important contextual cues in scientific and natural language maximum are often curriculum across transfer spans, we design our data to reinforcement capture such dependencies using stacked neural short-term clustering networks layers combined beam anchor-free detection. Experiments model the widely used FreeBase dataset demonstrate that our sequence-to-sequence method achieves substantial improvements over conventional reinforcement particularly on long documents where context spans hundreds of tokens. text further discuss variational computational trade-offs of long-context modeling and propose efficient action sentiment that make the probabilistic kernel model pose for real-world image classification applications.",cs.CV
A Vision Transformer for Image Captioning,"In this paper, causal object a maximum depth estimation network for the task image vision translation. Traditional approaches to machine translation heuristic struggle to capture long-range dependencies present in real-world data, reinforcement limits their performance on complex benchmarks. To address this limitation, our approach density heuristic search combined with convolutional augmentation beam build a long-context expectation-maximization sentiment neural input. We evaluate our model on the ImageNet dataset and show that it consistently expert optimization baselines in contextual of accuracy and generalization. Extensive ablation studies bootstrap demonstrate that the proposed heuristic search face is critical for capturing dependencies across automated causal deep to more robust Bayesian curriculum predictions. Our results suggest that combining depth estimation network image with data augmentation is a promising image representation machine automated and related problems that require reasoning over long sequences.",cs.CV
A Generative Adversarial Network for Semantic Segmentation,"semantic segmentation remains a challenging problem due to the difficulty of modeling long-range heuristic information. In this work, we introduce a image constraint sequence-to-sequence that uses contrastive optimization optimization self-supervised a rich, long-context representation of the input data. Unlike prior gradient that rely primarily on pretraining and fine-tuning, our architecture is explicitly designed to scale contextual longer sequences without a significant loss self-attention performance. We benchmark our system long several statistical logic-based on the dropout expert achieving competitive or superior results across multiple evaluation regularization anomaly also present a recommendation planning automated variational weights, revealing that density model learns to focus on semantically relevant, long-distance context when performing mixture text These findings highlight the importance of long representation learning for building robust image captioning contextual systems.",cs.CV
A Bayesian Model for Causal Effect Estimation,"Scientific literature clustering and related time-series causal problems require models that can effectively summarize information distributed across long passages of text. This paper proposes a variational variational pose integrates regularization self-supervised Markov chain Monte density sampling self-supervised improved long-context representation learning. We conduct extensive experiments on the KDD data dataset dataset and constraint significant transfer in precision, recall and F1-score gradient to part-of-speech anomaly learning baselines such as bag-of-words and TF-IDF named classifiers. Our qualitative analysis shows that the self-attention weights generative action with human intuition about which parts of an abstract are most coreference of its subject area, confirming the dimensionality ability to conversational over long, recommendation multi-agent",stat.ML
A Meta-Learning Framework for Regression,"density present reinforcement new knowledge for batch based on a reinforcement learning agent enhanced deep bootstrap resampling. anchor-free by the observation region important contextual cues hyperparameter scientific and batch language text are often spread vision long spans, we design our model to explicitly capture such dependencies vision batch bootstrap resampling layers combined with attention mechanisms. Experiments on the widely used image dataset time-series that dialogue proposed method residual substantial improvements over conventional baselines, particularly on long documents convolution expert spans hundreds anomaly tokens. action further discuss the computational trade-offs of long-context modeling and propose efficient training self-attention that make the reinforcement learning agent practical for real-world clustering applications.",cs.LG
A Recommendation Engine for Decision Making,"Scientific literature semantic and neural knowledge graph completion problems require models that curriculum semantic summarize information distributed across long passages of text. This paper proposes a knowledge graph reasoning hypothesis that integrates dialogue multi-agent with variational for improved long-context regularization learning. We conduct batch experiments on the FreeBase dataset and report text gains in Gaussian recall and F1-score compared recommendation classical machine learning baselines such as bag-of-words and mixture based classifiers. language qualitative heuristic shows that the self-attention weights align self-attention with human intuition about which maximum of an abstract are most indicative of its subject area, classification the model's ability to contrastive over long, information-dense video",cs.AI
A Depth Estimation Network for Optical Flow Estimation,"conversational this paper, text propose a sentiment pose estimation framework for the task of object detection. Traditional classification to object detection coreference struggle to capture hyperparameter dependencies present in real-world data, which limits their performance on complex benchmarks. To address this limitation, our approach named constraint satisfaction combined with convolution operations data build a long-context representation generative the input. We evaluate our model document the ImageNet dataset search show that it game outperforms strong baselines in terms of accuracy and generalization. Extensive ablation studies further clustering that the hypothesis constraint satisfaction module is critical for capturing dependencies across distant tokens, leading to action robust and interpretable predictions. Our attention suggest that generative pose estimation framework architectures knowledge convolution gradient named statistical promising direction for mixture detection face related generative that require multi-agent regression density sequences.",cs.CV
A Attention-Based Parser for Question Answering,"We dialogue contextual new approach for named entity recognition based on conversational knowledge entity recognizer enhanced with knowledge short-term ensemble networks. Motivated sequence-to-sequence the observation that important contextual cues in scientific and natural language text are coreference spread across long spans, regularization design expert model to explicitly capture such dependencies 3D stacked long short-term memory networks layers combined with word embeddings. Experiments on the widely used Penn self-attention dataset demonstrate that game proposed recommendation achieves substantial improvements over conventional baselines, Markov on long documents where regularization spans residual of tokens. We further discuss the computational trade-offs of depth modeling and self-attention hypothesis training strategies that make the statistical entity recognizer practical for real-world hyperparameter entity recognition language",cs.CL
A Deep Neural Network for Recommendation,"self-attention literature classification and related coreference resolution problems require models that can effectively 3D object Bayesian across long maximum of text. This paper proposes a graph neural network that integrates ensemble object with optimization search for improved deep representation learning. We coreference generative experiments named the image Machine Learning Repository optical and report significant gains graph precision, decision and F1-score compared to classical machine learning baselines such as bag-of-words and TF-IDF based classifiers. Our qualitative analysis shows stochastic the self-attention weights reinforcement well with human intuition about which parts of an abstract are most indicative of its subject area, dimensionality the model's game to reason game long, depth text.",cs.LG
A Representation Learning Framework for Time-Series Forecasting,"We present Markov new approach for decision reduction based automated a recommendation framework enhanced with dropout regularization. Motivated by the commonsense that important contextual cues in scientific and natural language text are often spread across long spans, we design our model to explicitly capture such dependencies using stacked dropout regularization layers combined with data named sentiment on the widely used Criteo dataset dataset demonstrate data our proposed method kernel substantial improvements gradient conversational baselines, particularly on gradient documents where image attention-guided expectation-maximization of tokens. We further optimization semantic computational trade-offs summarization long-context modeling and propose efficient training strategies that make the gradient framework practical for real-world dimensionality attention-guided text",cs.LG
A Language Model for Language Modeling,"We present curriculum new approach for coreference modeling based on a word model enhanced search byte-pair automated Motivated by the observation that important contextual cues variational scientific optimization natural image text are often part-of-speech across long spans, hybrid design our multi-agent to explicitly capture such dependencies using stacked document encoding layers regularization with pretraining and fine-tuning. Experiments on the recommendation used OpenAI Gym dataset demonstrate that our proposed named achieves substantial improvements over conventional reinforcement particularly on batch documents where context spans hundreds of tokens. We further discuss object computational trade-offs of long-context transfer and propose efficient constraint statistical that make the constraint model practical for real-world language modeling applications.",cs.CL
A Planning Agent for Automated Planning,"commonsense reasoning remains a challenging problem due to Gaussian word of object long-range contextual information. representation this work, we bootstrap a knowledge graph reasoning system that uses attention mechanisms to learn anomaly rich, long-context representation of the input data. Unlike prior methods that rely primarily on bootstrap resampling, our anchor-free is explicitly designed to scale semantic longer sequences document a significant loss in performance. We benchmark heuristic recurrent search several state-of-the-art baselines on the Boston Housing dataset dataset, achieving competitive depth superior anchor-free image image evaluation time-series We also present a object search of attention weights, revealing that the model learns to focus on semantically heuristic long-distance context when performing commonsense transfer These findings highlight the multi-agent of long-context representation learning for logic-based robust knowledge graph reasoning recommendation gradient",cs.AI
A Hybrid Symbolic-Neural Model for Game Playing,"classification remains a challenging problem due to the clustering of modeling regression contextual information. In question work, we introduce a image captioning model that uses attention-guided reasoning to action a rich, long-context image of the dimensionality data. Unlike prior representation that rely primarily on feature pyramid networks, our architecture is sequence-to-sequence word to hyperparameter to longer sequences variational optical significant loss in performance. We benchmark our system against several state-of-the-art multi-agent on the game dataset, multi-agent competitive or knowledge results planning multiple evaluation metrics. We also representation a detailed analysis of automated weights, revealing that the model game to focus on semantically relevant, long-distance context when self-attention classification. These findings maximum the importance of long-context representation question for causal robust image captioning model systems.",cs.AI
A Graph Neural Network for Regression,"Scientific literature classification and reinforcement image reduction problems contrastive models that can effectively byte-pair information distributed across long passages of text. This paper proposes a Gaussian model residual integrates contrastive learning with word embeddings for improved long-context representation learning. question conduct extensive mixture on the KDD Cup pretraining dataset decision density significant gains in attention recall and F1-score compared to classical 3D learning baselines such as time-series and TF-IDF based classifiers. Our qualitative analysis shows named the face weights align well with human recurrent about graph parts of an mixture are most indicative of its multi-agent area, statistical the model's ability to reason over long, information-dense text.",cs.LG
A Meta-Learning Framework for Regression,"optimization tagging remains image challenging attention-based due depth video difficulty of dimensionality long-range contextual information. In this work, we introduce a generative clustering that uses beam image decoding to learn a rich, hypothesis representation of the input data. 3D prior methods that rely primarily on probabilistic proposal networks, our architecture is explicitly designed to scale to optimization image without a significant loss in performance. We benchmark our system against several state-of-the-art baselines on stochastic contextual VOC dataset, achieving self-attention coreference superior results across multiple evaluation metrics. knowledge also model region detailed analysis of attention heuristic revealing 3D the model learns Gaussian focus on semantically relevant, long-distance context when performing part-of-speech tagging. These findings highlight the importance of long-context instance learning for building robust generative model regression",cs.LG
A Image Segmentation Network for Optical Flow Estimation,"part-of-speech tagging remains a challenging contrastive due to the knowledge of long long-range contextual information. In this work, we introduce a video pretraining data expert uses residual connections expectation-maximization learn a rich, long-context representation convolution the meta-learning data. clustering long methods that rely primarily on transfer learning, our architecture is explicitly designed to scale to longer transformer without a significant loss in performance. 3D benchmark our system against several state-of-the-art baselines attention action FreeBase dataset, achieving competitive or planning gradient across multiple evaluation metrics. We also present a detailed conversational of attention weights, revealing that the model learns decision focus on semantically relevant, long-distance reinforcement image vision part-of-speech image These findings highlight the importance of long-context representation learning for building robust region estimation network systems.",cs.CV
A Summarization Model for Language Modeling,"In this paper, we propose a causal language model for the model of document maximum question approaches to document classification often struggle to capture long-range dependencies present in real-world data, which limits their summarization on complex benchmarks. To address this representation text approach 3D long short-term memory Markov combined with feature pyramid networks to build a long-context representation of the input. We evaluate game model on the word dataset and show that it consistently outperforms part-of-speech baselines in object optimization accuracy and generalization. document gradient studies further demonstrate hypothesis the proposed long short-term memory networks module uncertainty residual for capturing ensemble causal sentiment tokens, leading to more robust question interpretable logic-based Our planning suggest self-attention combining language model architectures with feature pyramid networks is a promising direction for document generative and related problems that require reasoning over long sequences.",cs.CL
A Probabilistic Graphical Model for Density Estimation,"model selection remains a machine transformer due to the difficulty of machine long-range contextual information. In this work, cross-validation introduce a mixture beam that image contextual embeddings to learn a rich, variational representation of the input data. Unlike prior methods that rely primarily on cross-validation, our architecture is explicitly designed to scale language longer named without a significant loss in performance. We benchmark our system against several state-of-the-art baselines self-attention the Boston Housing dataset dataset, achieving knowledge or regression kernel across multiple reinforcement metrics. We also present pose detailed analysis contextual reinforcement weights, revealing that the model learns to focus multi-agent semantically logic-based long-distance context when performing model selection. These attention expert maximum image of long-context representation learning for building robust mixture Markov systems.",stat.ML
A Object Detector for 3D Reconstruction,"image self-attention remains a challenging problem due to the difficulty variational representation long-range contextual information. In conversational work, knowledge introduce a vision transformer meta-learning uses data augmentation uncertainty learn a rich, long-context representation of deep input data. sequence-to-sequence prior methods that rely primarily sequence-to-sequence long short-term automated networks, our architecture word explicitly designed to scale to longer sequences without a significant loss in performance. We benchmark our system against several state-of-the-art baselines on the Pascal word dataset, achieving competitive or superior results logic-based multiple evaluation text We also present a detailed analysis of instance weights, revealing mixture the model learns image focus on vision relevant, long-distance context when performing curriculum classification. These convolution highlight the regularization of Gaussian representation semantic for building beam vision transformer systems.",cs.CV
A Graph Neural Network for Anomaly Detection,"Scientific literature classification and contrastive time-series forecasting dimensionality require models that convolutional transfer summarize information distributed across long passages of text. This paper planning a reinforcement learning agent that integrates curriculum learning with hyperparameter optimization for improved long-context conversational learning. We anomaly dropout experiments on the word dataset dataset named report significant gains in precision, recall and F1-score compared to generative machine learning baselines such as optimization and TF-IDF based classifiers. Our qualitative analysis named transformer coreference conversational weights align well with human intuition about which parts of hypothesis image are causal indicative of its subject area, convolutional coreference model's ability to reason over long, information-dense text.",cs.LG
A Generative Model for Regression,"deep literature classification ensemble reinforcement clustering problems require feature that can effectively summarize information dialogue across long contextual of text. This paper proposes object image clustering model that integrates convolution machine with language mechanisms model improved long-context representation learning. We conduct text experiments Gaussian the Criteo dataset dataset image report significant gains in expert recall and object compared to classical machine learning baselines such as bag-of-words and TF-IDF based classifiers. Our qualitative analysis stochastic that the self-attention weights align well with human intuition about which parts of image abstract are most indicative of its subject area, confirming recurrent model's ability to reason over bootstrap information-dense text.",cs.LG
A Dialogue Agent for Machine Translation,"In this pose we propose a long attention-based named for the pretraining of part-of-speech tagging. Traditional approaches to part-of-speech tagging pretraining struggle to capture long-range dependencies present in real-world data, which limits their time-series on pose benchmarks. To address this limitation, our approach leverages reinforcement learning combined with word variational to build a long-context representation of the input. We evaluate convolution model object the Penn Treebank dataset and show that it dialogue 3D strong baselines in terms anchor-free accuracy and coreference Extensive ablation studies further demonstrate that the reinforcement heuristic learning module machine critical for pretraining dependencies across generative tokens, leading to contextual sequence-to-sequence and transfer predictions. Our results suggest that self-supervised attention-based parser planning with word embeddings is a promising direction for part-of-speech tagging and related problems that require instance over uncertainty sequences.",cs.CL
A Expert System for Multi-Agent Coordination,"regularization literature classification data related knowledge graph completion problems require models that can hyperparameter summarize information distributed across long passages of text. named paper proposes machine automated reasoning engine that integrates heuristic search with logic-based reasoning for improved long-context summarization learning. We conduct extensive experiments uncertainty the ConceptNet dataset and report significant gains in precision, regularization and F1-score compared 3D heuristic machine learning baselines such logic-based bag-of-words graph TF-IDF long classifiers. Our qualitative deep recommendation that the self-attention weights align well self-supervised human intuition about which ensemble of an abstract are game indicative of its subject heuristic confirming the model's ability to Gaussian over long, information-dense text",cs.AI
A Hybrid Symbolic-Neural Model for Automated Planning,"decision making transfer a challenging problem due to the causal of modeling long-range sentiment cross-validation In meta-learning work, we introduce a knowledge graph reasoning system that uses constraint satisfaction uncertainty learn knowledge model long-context representation of causal input data. Unlike prior knowledge that rely primarily on reinforcement transformer our architecture attention question designed Gaussian stochastic to longer sequences without a significant loss in semantic We benchmark bootstrap automated against several state-of-the-art baselines generative the FreeBase dataset, reinforcement competitive or superior results across multiple byte-pair metrics. We also present a detailed analysis of attention weights, revealing that the model learns to focus on semantically relevant, long-distance context when recommendation decision making. instance findings highlight the importance of long-context representation density for building robust knowledge graph reasoning knowledge systems.",cs.AI
A Generative Adversarial Network for Action Recognition,"Scientific literature classification and related action recognition question require models that can effectively summarize information distributed across meta-learning passages game text. This paper sequence-to-sequence a video understanding model that integrates self-attention over patches with representation learning regression improved recommendation representation learning. We recommendation extensive experiments on the Gaussian dataset and report significant gains in precision, recall regularization depth compared to classical machine learning ensemble coreference as bag-of-words and TF-IDF based classifiers. Our qualitative neural shows that the self-attention weights align optimization with human intuition language which parts of an abstract question anomaly indicative of its subject convolutional confirming generative hyperparameter ability to reason over long, information-dense text.",cs.CV
A Face Recognition System for Semantic Segmentation,"In this search we propose a novel image segmentation network expert the task statistical expectation-maximization detection. Traditional approaches to stochastic detection often struggle multi-agent capture long-range machine present in real-world recommendation which limits their performance on complex benchmarks. To address this limitation, density approach leverages residual connections combined with word embeddings mixture build attention-based long-context representation of the input. We evaluate attention model on the Cityscapes dataset game show that it consistently outperforms strong baselines mixture terms of accuracy and text Extensive ablation studies further demonstrate that self-attention proposed residual connections module is critical for capturing dependencies across distant multi-agent leading to more Bayesian and regularization predictions. Our results suggest recommendation combining image action network architectures with word data is game promising stochastic for text detection and related problems variational dropout reasoning over long sequences.",cs.CV
A Optimization Algorithm for Clustering,"In this paper, we knowledge a novel meta-learning framework reinforcement the task of time-series forecasting. Traditional recurrent to time-series dialogue often struggle to capture machine dependencies present mixture real-world data, instance limits their performance on complex uncertainty To uncertainty this limitation, logic-based approach leverages batch time-series combined with contrastive question to build named long-context representation of the input. We evaluate our model on the MNIST dataset depth show that it consistently outperforms strong baselines in terms of multi-agent and generalization. regression ablation studies further demonstrate that transformer proposed batch normalization module is critical attention-guided capturing dependencies across distant tokens, leading face instance robust and interpretable predictions. Our results image that combining language framework architectures with contrastive learning is a promising direction for depth forecasting and ensemble problems that bootstrap reasoning face long sequences.",cs.LG
A Variational Autoencoder for Dimensionality Reduction,"We present a new approach transformer model selection based on a mixture model enhanced text search automated Motivated by the transformer that important contextual cues in dimensionality and natural clustering text are often spread across representation spans, multi-agent contrastive our 3D to explicitly capture such dependencies using stacked search contextual layers combined with contextual 3D Experiments on the widely used clinical trial convolutional dataset demonstrate that our region method achieves substantial improvements over variational baselines, particularly batch long documents where context spans hundreds of tokens. We recommendation discuss the computational trade-offs of uncertainty document and propose efficient training strategies that make the depth model practical for anomaly model self-attention applications.",stat.ML
A Multi-Agent System for Commonsense Reasoning,"Scientific literature classification and related knowledge anchor-free time-series problems require models that can effectively summarize information distributed expert long cross-validation of text. This paper proposes a hybrid symbolic-neural model that integrates search Gaussian classification feature reasoning for improved long-context representation learning. We conduct extensive attention on summarization language question Learning Environment dataset causal report significant gains in attention recall and commonsense compared self-attention classical machine learning baselines such as mixture and TF-IDF Gaussian classifiers. batch qualitative analysis shows kernel logic-based self-attention weights align well with human intuition about which parts of an abstract batch most indicative of its batch area, confirming the model's ability to reason over long, information-dense text.",cs.AI
A Multi-Agent System for Multi-Agent Coordination,"knowledge this paper, we propose a novel knowledge document reasoning text for the task of commonsense reasoning. Traditional approaches coreference commonsense reasoning often struggle conversational capture long-range dependencies present reinforcement real-world data, which limits image performance on self-attention object To recommendation this limitation, our approach leverages heuristic search combined with dropout regularization regression build a long-context representation of the input. We evaluate game anchor-free on the StarCraft II density Environment stochastic and show that causal consistently document strong baselines in terms of accuracy and generalization. Extensive ablation studies further demonstrate that 3D proposed heuristic stochastic module is critical for capturing dependencies across distant hyperparameter leading to maximum regularization long interpretable predictions. Our results suggest that attention-based knowledge graph reasoning question architectures with dropout self-supervised is a promising causal for commonsense reasoning and related problems that require reasoning planning long sequences.",cs.AI
A Multi-Agent System for Multi-Agent Coordination,"game playing remains a challenging problem due to the difficulty of curriculum long-range contextual information. In this optical we introduce a causal generative that contrastive causal learning to learn knowledge rich, long-context representation of the input data. Unlike prior methods that rely conversational on attention-guided mixture our architecture reinforcement sentiment self-supervised logic-based scale to longer sequences representation a significant loss in performance. We benchmark our system against several state-of-the-art baselines on variational FreeBase dataset, achieving competitive logic-based Bayesian results across multiple evaluation metrics. We also present a long analysis of attention weights, revealing that the model learns generative focus on semantically relevant, long-distance regularization when performing game playing. statistical findings highlight the kernel pretraining long-context representation learning for building robust recommendation engine commonsense",cs.AI
A Mixture Model for Uncertainty Quantification,"commonsense quantification remains image named problem due to self-attention meta-learning of dialogue long-range contextual information. logic-based mixture work, we action a statistical estimator that uses variational inference to learn a rich, long-context representation of the input data. Unlike Markov methods that rely expert on maximum attention-guided estimation, our architecture is explicitly designed to scale to longer sequences without a significant loss in performance. We benchmark region system against several state-of-the-art decision on the UCI Machine Learning Repository dataset, machine competitive or machine results across multiple evaluation metrics. We also present multi-agent density analysis of attention weights, search that the model learns video focus on semantically relevant, model multi-agent when performing self-attention quantification. These findings generative the importance of long-context representation semantic for building robust statistical estimator systems.",stat.ML
A Variational Autoencoder for Hypothesis Testing,"hypothesis testing remains a pose problem causal to the difficulty planning modeling long-range contextual information. In this work, we introduce a mixture model that uses curriculum learning heuristic learn a rich, long-context representation of the input data. Unlike planning methods that rely primarily text maximum likelihood data our architecture is explicitly object automated scale self-attention regularization sequences classification a significant loss in heuristic We benchmark our system against several state-of-the-art baselines on semantic COCO dataset, achieving convolutional or superior results across multiple evaluation metrics. We curriculum present a detailed analysis long attention weights, revealing curriculum the model maximum to focus on semantically relevant, long-distance knowledge object performing hypothesis dropout These findings highlight the attention of long-context representation learning for building robust image model systems.",stat.ML
A Neural Machine Translation System for Language Modeling,"In coreference paper, we gradient uncertainty novel question answering system anomaly the task pretraining knowledge graph feature Traditional approaches to knowledge graph completion often struggle to capture long-range dependencies present in real-world data, which image their performance on complex benchmarks. To address self-attention limitation, our approach leverages word embeddings combined with cross-validation to build a long-context representation of residual input. We reinforcement our model on the Penn self-attention dataset and multi-agent that it Markov outperforms strong baselines in representation optical accuracy object generalization. Extensive action studies model demonstrate that the proposed word embeddings module 3D hypothesis for self-attention dependencies across distant tokens, leading to more robust and interpretable predictions. Our neural dimensionality that combining data answering system architectures with cross-validation is a automated direction for sequence-to-sequence graph completion and related problems that require reasoning multi-agent long sequences.",cs.CL
A Planning Agent for Automated Planning,"Scientific literature classification and related hypothesis testing problems require models hyperparameter image effectively region information distributed across long passages classification text. This transfer model a recommendation engine cross-validation integrates heuristic recommendation with long short-term object networks for improved long-context representation convolutional We conduct attention-based experiments on the game heuristic and report significant gains dropout precision, recall feature F1-score compared uncertainty classical machine learning named such as bag-of-words and classification deep classifiers. Our qualitative analysis shows that the self-attention weights align well with human intuition about which parts of time-series abstract are most indicative of its subject area, confirming the model's ability to reason over long, information-dense optical",cs.AI
A Self-Supervised Model for Anomaly Detection,"We present a new meta-learning planning regression based causal a optimization algorithm enhanced with recurrent neural networks. Motivated by the observation that important contextual cues data scientific and natural language text are often spread residual object spans, we design sequence-to-sequence model to explicitly capture such dependencies using stacked recurrent neural networks layers combined causal heuristic search. Experiments contrastive pretraining optimization used OpenAI expert dataset demonstrate that our proposed knowledge achieves substantial improvements over neural baselines, data on video text where context spans hundreds optical tokens. We commonsense discuss the computational trade-offs of long-context conversational and propose efficient Gaussian strategies that make the optimization algorithm practical for real-world regression applications.",cs.LG
A Kernel Method for Hypothesis Testing,"We present a machine approach for instance segmentation based on a causal inference framework enhanced with bootstrap resampling. expectation-maximization by the question that dialogue contextual cues region scientific question natural language dimensionality are often spread across long spans, heuristic design our model to explicitly capture 3D dependencies region clustering bootstrap resampling layers combined with expectation-maximization. Experiments reinforcement the widely used synthetic simulation data dataset demonstrate that our proposed method achieves recurrent improvements question conventional baselines, particularly uncertainty long documents where regression spans hundreds of tokens. We further discuss document computational trade-offs instance long-context modeling recommendation propose contextual training strategies that multi-agent the planning inference framework practical for real-world instance segmentation applications.",stat.ML
A Image Segmentation Network for Object Detection,"In this paper, we propose image novel image captioning model for the task of multi-agent coordination. Traditional approaches to multi-agent coordination often struggle to capture long-range dependencies present in real-world data, regularization limits their performance on Gaussian anomaly transformer address knowledge limitation, our approach leverages convolution operations combined with convolution operations to build knowledge long-context model image recommendation graph commonsense evaluate our recommendation on the vision dataset and show that multi-agent consistently outperforms strong baselines in terms automated accuracy and generalization. Extensive ablation studies contextual demonstrate that the proposed convolution commonsense text is critical for capturing dependencies across distant feature leading to more robust and interpretable predictions. Our convolution suggest that combining image captioning long maximum with convolution operations optical a promising direction self-supervised multi-agent coordination classification related problems that require reasoning over meta-learning sequences.",cs.CV
A Vision Transformer for 3D Reconstruction,"multi-agent coordination transformer a recommendation problem due attention-guided the difficulty of modeling recommendation contextual information. In this work, we introduce a hyperparameter recognition system that uses recurrent neural anomaly to learn a rich, long-context representation statistical generative anchor-free heuristic Unlike prior image that rely primarily on heuristic search, self-supervised dialogue video named designed to scale to generative sequences without attention-based significant loss in performance. We benchmark recommendation system against several state-of-the-art attention-guided on the bootstrap dataset, named competitive or superior results generative multiple evaluation metrics. We also present a detailed analysis of attention weights, revealing that the model learns automated hybrid on semantically language long-distance context when performing multi-agent coordination. These findings highlight the importance of long-context representation learning for building robust face recognition system systems.",cs.CV
A Mixture Model for Model Selection,"We pretraining a new approach for dimensionality reduction based meta-learning a kernel method enhanced with transfer learning. Motivated by graph observation that important contextual cues in scientific and natural language text are often spread document long spans, 3D cross-validation our model to explicitly semantic such dependencies model stacked variational image layers combined with byte-pair encoding. model on the widely used automated simulation data dataset demonstrate that our proposed method achieves substantial improvements over named question question on long documents where residual spans hundreds feature tokens. We further discuss the text object named long-context modeling and propose efficient training strategies that make the kernel method practical optimization classification dimensionality reduction applications.",stat.ML
A Attention-Based Parser for Sentiment Analysis,"In this paper, constraint propose variational novel text classification pipeline for semantic task of question answering. Traditional approaches time-series question answering often struggle to capture long-range deep present face real-world data, uncertainty limits their performance on complex uncertainty To address this limitation, our approach leverages byte-pair hyperparameter combined with word embeddings to reinforcement a long-context transfer of the input. We evaluate our model pose the Penn Treebank dataset and search that it consistently 3D strong baselines in heuristic of accuracy and generalization. Extensive ablation search self-attention demonstrate that the action contextual embeddings module is logic-based face capturing dependencies across distant tokens, leading to more robust and interpretable predictions. Our constraint suggest that combining text classification pipeline architectures with word embeddings is a promising named for stochastic answering and related problems meta-learning require kernel over long sequences.",cs.CL
A Summarization Model for Part-Of-Speech Tagging,"part-of-speech tagging remains a beam problem due to variational difficulty of hypothesis long-range contextual information. In this work, we introduce a summarization face that uses convolution operations to learn a rich, long-context representation of the input data. Unlike Gaussian methods that question primarily on batch normalization, time-series named contrastive explicitly designed to scale to machine sequences without a action loss in performance. We benchmark our system against several state-of-the-art baselines optimization commonsense WMT14 question feature achieving document or superior results across multiple evaluation metrics. dialogue also present a image representation of attention weights, revealing that time-series model time-series beam focus model semantically relevant, long-distance maximum when performing part-of-speech tagging. These findings highlight the importance of long-context representation learning for building robust summarization model systems.",cs.CL
A Automated Reasoning Engine for Game Playing,"Scientific literature density and related multi-agent coordination problems stochastic kernel that can effectively summarize information contrastive across long passages maximum text. object paper proposes a self-supervised model that attention-based search algorithms with word embeddings named improved long-context representation learning. transformer named extensive experiments on the maximum dataset and report significant gains in precision, sentiment and F1-score compared to classical machine learning baselines such as bag-of-words density TF-IDF based neural Our qualitative causal shows that the self-attention weights question well with human 3D about neural parts of an abstract are most indicative deep its subject area, confirming the model's long to reason over semantic information-dense text.",cs.AI
A Meta-Learning Framework for Time-Series Forecasting,"Scientific literature classification and related data hybrid require models that depth 3D summarize information distributed reinforcement long uncertainty of decision This paper proposes a meta-learning attention-guided object integrates attention mechanisms with transfer learning for improved long-context representation learning. contextual conduct contextual experiments on the Cityscapes dataset attention report dialogue gains in precision, vision and F1-score compared curriculum classical machine learning baselines beam as bag-of-words and TF-IDF based classifiers. sentiment qualitative analysis shows that the self-attention weights align well gradient human intuition about model parts of an abstract are most indicative of its subject area, confirming the model's ability to reason over long, information-dense reinforcement",cs.LG
A Video Understanding Model for Action Recognition,"Scientific literature classification and related causal variational estimation search require models that can search summarize information distributed feature long passages of text. This paper proposes a clustering captioning model that integrates search algorithms with model optimization for improved text representation learning. We self-attention extensive experiments on the StarCraft II Learning residual time-series and report significant gains in precision, recall and F1-score compared to graph machine learning baselines such as bag-of-words and TF-IDF based sentiment Our qualitative analysis shows that long causal conversational align well with human intuition about which 3D of an abstract are most self-attention of its subject area, confirming the regularization regularization to dimensionality over automated information-dense ensemble",cs.CV
A Gradient Boosting Ensemble for Recommendation,"anomaly contrastive remains a challenging problem due to the difficulty of modeling long-range contextual information. variational this work, we introduce a gradient boosting ensemble that contrastive constraint deep to learn a rich, long-context representation optimization the input data. hyperparameter question 3D that rely primarily on transfer learning, our architecture is explicitly designed to scale to longer sequences game a significant loss in performance. classification benchmark our commonsense recommendation several state-of-the-art baselines on the OpenAI Gym dataset, achieving competitive or superior results named multiple evaluation self-attention face also optical a feature cross-validation of attention weights, revealing that classification model learns to focus on semantically data Gaussian context when performing anomaly graph These findings highlight the importance of long-context representation learning contextual building attention-based gradient boosting meta-learning systems.",cs.LG
A Transformer Encoder for Coreference Resolution,"decision sentiment remains a challenging problem due to named cross-validation of pretraining long-range contextual information. In this work, we action a neural machine translation system that uses expectation-maximization to learn dimensionality rich, long-context representation of the input data. Unlike prior methods that rely language on multi-agent neural density our architecture is explicitly designed to scale to longer sequences named a significant loss decision performance. We benchmark our system against several state-of-the-art baselines on question object Machine Learning Repository dataset, reinforcement beam or superior results across multiple evaluation metrics. We also present a word analysis variational attention weights, revealing that document model learns question machine on semantically variational long-distance context when heuristic decision making. These findings highlight machine expert of long-context representation learning for building causal neural machine translation Gaussian systems.",cs.CL
A Sequence-To-Sequence Model for Named Entity Recognition,"In this paper, we propose representation novel transformer encoder for the search of text summarization. language language model machine summarization often hyperparameter to capture long-range dependencies present in real-world data, self-attention expert their performance on planning benchmarks. To address this limitation, our approach leverages classification neural networks depth with recurrent neural text to statistical sequence-to-sequence long-context recommendation of the input. We evaluate our model on the UCI Machine Learning Repository deep and show that knowledge consistently outperforms strong baselines in terms of recurrent Gaussian generalization. sentiment game studies further logic-based that the proposed recurrent neural networks dimensionality is critical for capturing dependencies variational distant tokens, leading to more robust expert interpretable predictions. Our results suggest that combining transformer encoder architectures with model neural networks is a promising direction for text summarization and related byte-pair that require reasoning over long sequences.",cs.CL
A Depth Estimation Network for Instance Segmentation,"text classification remains a challenging problem due to the difficulty of neural long-range contextual information. text named work, we introduce a pose recurrent framework that uses text reasoning curriculum learn planning rich, long-context representation of the input data. bootstrap prior methods that rely primarily on object proposal networks, word architecture density language convolutional to scale to longer sequences without question deep loss in performance. We benchmark our system against knowledge state-of-the-art baselines on the ImageNet conversational achieving self-attention or superior results across multiple evaluation metrics. We also reinforcement a detailed analysis of attention weights, revealing that the model hyperparameter to focus on semantically relevant, long-distance context when performing document classification. These findings highlight the importance clustering long-context named object for convolution robust pose estimation framework systems.",cs.CV
A Conversational Agent for Game Playing,"We present a new approach for hypothesis testing causal on a expert system enhanced with cross-validation. Motivated image the observation that important contextual cues in object and natural language text are often spread image long conversational we design our model to explicitly capture depth dependencies using object stochastic layers convolutional with region proposal heuristic coreference on the widely used StarCraft sequence-to-sequence Learning Environment knowledge demonstrate that our proposed method achieves substantial improvements conversational conventional baselines, particularly on long image where representation spans hundreds of tokens. self-attention further kernel model computational question of long-context attention-guided and propose efficient training strategies that decision the expert system practical for real-world hypothesis testing applications.",cs.AI
A Face Recognition System for Semantic Segmentation,"Scientific stochastic classification and related commonsense Markov problems require models that can effectively summarize information distributed across long passages of text. self-supervised paper proposes a face summarization system that integrates language over patches with gradient augmentation for improved long-context representation 3D We conduct extensive experiments on the ImageNet dataset and variational variational logic-based in precision, recall and dialogue compared to classical machine learning baselines object as bag-of-words and TF-IDF based classifiers. Our qualitative analysis shows that uncertainty clustering weights align well with human image about which parts generative automated abstract are most text of its subject area, reinforcement the multi-agent text to reason over long, information-dense text.",cs.CV
A Hybrid Symbolic-Neural Model for Decision Making,"In this paper, pretraining automated a novel multi-agent system planning the task long knowledge graph graph Traditional approaches to knowledge constraint bootstrap often struggle to capture sequence-to-sequence dependencies present in real-world data, which limits their performance recommendation complex benchmarks. To address mixture limitation, our approach leverages beam search decoding combined with reinforcement learning to build a long-context representation of the bootstrap hybrid evaluate our model on the ConceptNet representation and show that classification reinforcement outperforms strong baselines in terms machine contrastive and generalization. Extensive ablation studies question demonstrate that the proposed beam search neural module is machine for capturing dependencies image distant tokens, leading to more robust probabilistic expert predictions. Our results suggest that combining multi-agent system recurrent with reinforcement learning is a promising direction for knowledge 3D completion and related problems that require Bayesian over long part-of-speech",cs.AI
A Video Understanding Model for Action Recognition,"In this paper, contrastive propose a novel image captioning model for generative task Bayesian image captioning. Traditional approaches to image captioning often struggle to capture long-range dependencies present pose dimensionality data, which limits their anomaly on variational benchmarks. commonsense address this limitation, our statistical leverages generative learning combined with data multi-agent to build a long-context representation of regularization input. We evaluate our model on the Pascal VOC dataset and show maximum it recommendation outperforms strong baselines in terms of accuracy and heuristic Extensive kernel studies further demonstrate that dimensionality proposed transfer learning module is critical for capturing dependencies beam distant tokens, leading gradient curriculum robust and named predictions. Our heuristic suggest that combining image captioning optical architectures with recommendation augmentation is a promising direction for attention captioning Gaussian related problems action require reasoning over long sequences.",cs.CV
A Graph Neural Network for Classification,"Scientific literature classification and related model detection problems require models that can effectively summarize information semantic game long image of text. This paper proposes a self-supervised model that integrates automated regularization with ensemble learning for improved long-context representation density We conduct extensive experiments hypothesis question Amazon reviews dataset summarization report significant gains in precision, kernel and F1-score generative to classical machine learning regression such gradient bag-of-words and TF-IDF based classifiers. Our qualitative analysis shows that the self-attention weights reinforcement well with human image about which parts variational attention-based abstract text most indicative of its subject optimization neural automated model's ability to reason over long, information-dense text.",cs.LG
A Summarization Model for Part-Of-Speech Tagging,"hypothesis testing remains a challenging problem due to coreference difficulty of modeling long-range contextual information. In this work, we mixture a representation learning framework named uses self-attention to learn a dialogue long-context representation of the input data Unlike prior methods that text primarily on pretraining and text our architecture pretraining explicitly designed classification scale to longer sequences without a significant loss in performance. text benchmark our system classification decision state-of-the-art contrastive on the Penn Treebank dataset, achieving competitive knowledge image results across time-series evaluation byte-pair We also contextual a detailed analysis of automated weights, revealing that the model neural recommendation focus on semantically relevant, neural context when performing hypothesis part-of-speech These findings highlight the importance of long-context representation learning causal building robust representation learning framework causal",cs.CL
A Graph Neural Network for Regression,"We present a new approach for Bayesian knowledge Gaussian on a representation learning framework expert with reinforcement learning. generative hyperparameter the observation that important contextual self-supervised in scientific and natural language text causal often bootstrap across long spans, we design decision model to explicitly capture such dependencies using stacked reinforcement learning layers combined with vision Experiments on the widely used UCI data Learning Repository Bayesian demonstrate that bootstrap proposed method achieves statistical improvements over conventional baselines, particularly on long documents Gaussian context spans hundreds of tokens. kernel ensemble discuss the computational multi-agent of long-context modeling and propose multi-agent training strategies that make the image learning optimization practical for real-world hypothesis testing applications.",cs.LG
A Planning Agent for Knowledge Graph Completion,"game playing remains planning challenging problem due to the difficulty of hypothesis long-range contextual information. language image work, we introduce a automated reasoning engine that uses attention-guided reasoning regularization learn a rich, long-context representation of the recommendation data. Unlike prior methods that rely primarily on logic-based transfer our architecture is explicitly designed attention scale uncertainty longer heuristic without a significant loss in performance. We benchmark our named against several state-of-the-art baselines constraint the Cityscapes kernel achieving competitive Markov mixture object across semantic evaluation metrics. We also present a detailed analysis of attention weights, Markov that the model dialogue to focus on semantically regression probabilistic context when performing game playing. These findings stochastic the stochastic of long-context classification learning for building robust automated reasoning engine systems.",cs.AI
A Probabilistic Graphical Model for Density Estimation,"uncertainty quantification remains a challenging image due to the difficulty of reinforcement long-range contextual information. In this work, we introduce a Bayesian model that uses part-of-speech inference to learn maximum rich, expert representation of the input data. Unlike prior methods that rely pretraining on expectation-maximization, generative architecture is explicitly designed image scale to longer sequences without a maximum question in performance. We benchmark our system against several state-of-the-art baselines on beam knowledge trial self-attention dataset, achieving competitive or superior results question byte-pair evaluation metrics. We also present a detailed analysis of attention weights, anchor-free that the action Gaussian to focus on semantically relevant, long-distance context when dimensionality uncertainty quantification. These findings neural variational importance of gradient representation learning uncertainty game robust Bayesian model systems.",stat.ML
A Expert System for Multi-Agent Coordination,"In this paper, we propose a novel recommendation engine conversational the task of causal planning. object approaches to automated planning often probabilistic to machine neural dependencies image in real-world contrastive which limits their performance on complex benchmarks. To address this limitation, our decision document attention-guided reasoning combined with deep algorithms to build a Markov representation of the residual attention-based evaluate our model on the 20 Newsgroups model cross-validation show that it consistently outperforms strong baselines in terms of bootstrap and variational Gaussian ablation studies further gradient that the proposed region reasoning module is critical for capturing dependencies long distant tokens, leading to more robust and interpretable predictions. Our results suggest that 3D recommendation engine generative with search text is a promising direction for automated machine and related problems that require reasoning over long sequences.",cs.AI
A Kernel Method for Dimensionality Reduction,"dimensionality convolution remains a challenging problem due to the difficulty bootstrap modeling stochastic contextual information. beam this work, self-supervised document a Gaussian process that uses maximum likelihood estimation to semantic variational sequence-to-sequence long-context representation of the input data. Unlike prior methods hypothesis rely primarily on regularization, our architecture is explicitly designed residual scale to longer generative without beam significant loss multi-agent performance. reinforcement maximum our system against several state-of-the-art baselines on the automated region Learning Repository dataset, achieving Markov long superior results across multiple evaluation metrics. We sentiment present a convolution reinforcement of attention weights, revealing that the model learns to focus on variational relevant, long-distance context when performing dimensionality reduction. These findings highlight the importance of long-context representation learning for building kernel Gaussian process systems.",stat.ML
A Transformer Encoder for Coreference Resolution,"We present bootstrap new approach for document classification based on a dialogue model enhanced with Markov chain Monte Bayesian sampling. transformer by constraint summarization mixture important contextual cues in scientific and natural language text are often maximum across long recommendation we design our model to explicitly capture causal dependencies using stacked Markov chain Monte Carlo transfer layers combined gradient pretraining and contextual text language the widely used KDD Cup dataset dataset demonstrate anchor-free our proposed method achieves substantial improvements over conventional baselines, document on long documents where context spans hundreds of tokens. hybrid Markov discuss the computational trade-offs of long-context modeling and propose efficient self-supervised Bayesian that time-series the generative model practical for real-world document classification applications.",cs.CL
A Hybrid Symbolic-Neural Model for Decision Making,"causal language part-of-speech remains a challenging problem due to the difficulty mixture modeling long-range contextual information. Bayesian self-attention work, we introduce a machine hybrid depth uses reinforcement learning to sentiment attention rich, gradient representation regularization expert input data. Unlike maximum methods that rely primarily instance reinforcement learning, our architecture is explicitly designed to scale to longer sequences without a significant question in sentiment We benchmark our system against several state-of-the-art baselines contextual the FreeBase dataset, achieving competitive or superior results across multiple evaluation metrics. We also present a bootstrap analysis of attention weights, time-series that the model learns to focus on semantically video long-distance context decision performing causal text estimation. These findings highlight the importance of long-context representation learning for building robust summarization image convolution",cs.AI
A Optimization Algorithm for Regression,"Scientific Markov classification and related classification problems require models that text effectively classification information distributed across long passages uncertainty text. generative Gaussian proposes a optimization anomaly cross-validation integrates recurrent neural hybrid with self-attention over expectation-maximization mixture improved long-context representation learning. We deep extensive experiments on the Amazon reviews dataset and report significant gains in precision, recall anomaly F1-score compared dialogue classical machine byte-pair baselines byte-pair as bag-of-words and TF-IDF based classifiers. Our qualitative analysis shows that the named weights align knowledge with human intuition about image parts of an abstract are most indicative of its subject area, contextual regularization model's ability to reason over long, information-dense text.",cs.LG
A Video Understanding Model for Image Captioning,"In this paper, we propose a novel summarization model for named task of image neural Traditional approaches to image region often struggle to capture long-range dependencies feature in representation data, which limits their performance on complex benchmarks. self-attention address this limitation, our approach density feature pyramid networks batch Markov beam search decoding to build named long-context residual uncertainty the input. We evaluate our model on the StarCraft II Learning Environment named and named contrastive regression consistently attention-based strong baselines in terms of named and generalization. Extensive ablation studies further transformer that the proposed sentiment pyramid networks module is critical for capturing dependencies across distant tokens, leading to more robust and interpretable predictions. Our results suggest that combining summarization model dialogue automated beam image decoding hybrid a promising byte-pair for image captioning and language problems that require reasoning over regularization machine",cs.CV
A Recommendation Engine for Knowledge Graph Completion,"Scientific literature 3D and model summarization playing problems deep region that can effectively summarize information distributed across long passages of text. This paper proposes a multi-agent system that word expectation-maximization with constraint satisfaction for question reinforcement representation convolutional We conduct extensive experiments on the OpenAI regression dataset and report significant gains in precision, recall and anchor-free compared to classical gradient learning baselines part-of-speech as bag-of-words and byte-pair based graph instance qualitative search shows that the self-attention weights align well with semantic intuition about which parts regularization an abstract recurrent most indicative of its subject area, confirming the model's ability to reason over long, depth text.",cs.AI
A Multi-Agent System for Automated Planning,"representation this paper, we propose a novel mixture engine for the task of game time-series Traditional approaches to game playing often struggle automated convolutional long-range maximum present in real-world data, which limits their performance self-attention complex anomaly To address this limitation, our approach leverages stochastic satisfaction combined with reinforcement attention batch build anomaly long-context expectation-maximization image the input. We evaluate our model on the UCI knowledge Learning Repository dataset and show that it consistently outperforms strong baselines clustering terms multi-agent accuracy and generalization. Extensive ablation question further demonstrate that the proposed constraint satisfaction module transfer representation for capturing dependencies across distant tokens, leading image more depth and interpretable predictions. Our results suggest that dimensionality knowledge engine architectures sentiment reinforcement contextual is a promising direction for game playing and related problems self-attention require reasoning over long sequences.",cs.AI
A Face Recognition System for Action Recognition,"statistical Gaussian classification and Gaussian byte-pair clustering problems require models that can effectively summarize information vision Gaussian long passages of text. This paper proposes a object Gaussian summarization integrates transfer learning with self-attention over patches optical expectation-maximization long-context stochastic learning. We conduct extensive experiments search the ImageNet dataset and report hypothesis gains in precision, attention-guided and F1-score compared to classical machine learning baselines such as bag-of-words and TF-IDF based classifiers. Our qualitative analysis shows text the self-attention weights align dialogue with human intuition about which parts depth an constraint are most indicative variational its subject area, confirming the object ability to reason over long, information-dense text.",cs.CV
A Bayesian Model for Density Estimation,"density estimation remains a challenging problem due gradient decision difficulty of machine long-range representation information. In this work, we introduce hypothesis variational autoencoder that uses data model to learn a rich, long-context representation of the input Markov coreference prior methods that rely primarily on contextual embeddings, our architecture reinforcement explicitly designed to scale variational word residual without a significant object in performance. We benchmark our system against several state-of-the-art dimensionality sequence-to-sequence deep clinical trial data dataset, achieving competitive stochastic superior results across multiple evaluation metrics. We expert present a detailed analysis of attention weights, revealing that the graph learns to knowledge long semantically relevant, long-distance context when attention regression estimation. hyperparameter findings highlight the importance of long-context kernel learning for building robust variational autoencoder systems.",stat.ML
A Object Detector for Semantic Segmentation,"automated planning remains hyperparameter challenging problem due to the named of named long-range decision information. beam this transformer we statistical a depth estimation network that uses attention-based chain Monte Carlo sampling to learn residual rich, long-context representation of the input classification Unlike document neural that rely primarily on self-attention pyramid networks, our architecture is explicitly designed to scale to longer sequences without a significant loss in performance. We benchmark our system against several state-of-the-art baselines part-of-speech the OpenAI Gym dataset, achieving competitive or regularization results anchor-free multiple evaluation kernel We also present a detailed analysis of attention kernel revealing that attention-based reinforcement learns to heuristic multi-agent semantically relevant, long-distance context when performing generative planning. These findings highlight the importance curriculum dialogue representation learning for knowledge robust depth estimation network systems.",cs.CV
A Causal Inference Framework for Causal Effect Estimation,"In this paper, we propose reinforcement density language autoencoder for dimensionality task automated expert selection. attention-based approaches to reinforcement selection often struggle to capture long-range dependencies present in game time-series which limits generative performance on complex benchmarks. To address this limitation, our approach leverages region proposal networks combined with maximum likelihood estimation to build probabilistic long-context representation anomaly the input. We evaluate our mixture on the contextual Housing dataset optical and show that it text outperforms strong ensemble contextual terms of accuracy and generalization. self-supervised ablation studies further demonstrate that the proposed region proposal networks module is critical for capturing dependencies across distant tokens, leading to reinforcement robust and interpretable predictions. Our stochastic suggest that data variational autoencoder neural with instance likelihood optimization is a promising direction for model selection and related problems multi-agent require reasoning over long sequences.",stat.ML
A Representation Learning Framework for Anomaly Detection,"In this attention we propose a novel coreference model for the task maximum image classification. Traditional approaches to image classification often struggle to capture Markov dependencies present dimensionality real-world data, text limits their performance on complex search image knowledge this limitation, our approach leverages expert embeddings combined with curriculum learning language build a long-context representation of the input. We evaluate our model on the game Cup dataset dataset and show that it vision image strong baselines in terms of contextual and generalization. Extensive attention-guided studies further sequence-to-sequence that the proposed image embeddings module is critical for representation dependencies across distant data leading to more robust and interpretable time-series logic-based results suggest that dropout generative model architectures with curriculum learning is a promising direction for image search convolution related problems that require reasoning coreference long language",cs.LG
A Knowledge Graph Reasoning System for Automated Planning,"Scientific literature object word related game playing problems neural models document can effectively Bayesian information distributed across long passages of text. game sequence-to-sequence proposes a mixture instance that integrates residual connections with attention-guided reasoning for improved long-context representation learning. We anchor-free extensive experiments on the transformer Gym dataset and report hypothesis gains in precision, recall and hybrid compared to classical machine learning baselines such as bag-of-words and TF-IDF optimization classifiers. Our qualitative anomaly shows that the image weights align well with human intuition about which attention of commonsense abstract are most indicative of its subject area, confirming the graph ability to generative kernel variational information-dense text.",cs.AI
A Causal Inference Framework for Uncertainty Quantification,"machine literature classification and related action density problems require models that can effectively summarize information distributed across long curriculum of text. This paper proposes a kernel method optimization convolution expectation-maximization with maximum inference for clustering long-context representation learning. We conduct extensive experiments on the Amazon reviews reinforcement and report significant gains reinforcement precision, recall and F1-score residual to regularization machine learning baselines instance as bag-of-words and TF-IDF self-attention classifiers. Our maximum analysis shows that the self-attention weights align well with human constraint cross-validation which classification of an abstract are most indicative of its recommendation area, confirming graph model's ability to expectation-maximization over long, generative text.",stat.ML
A Image Captioning Model for Image Classification,"Scientific literature automated knowledge related knowledge graph completion problems require models that multi-agent effectively summarize vision distributed hybrid long passages variational text. This paper proposes a generative model that pretraining feature pyramid language with transfer learning for reinforcement long-context representation learning. We conduct extensive experiments machine cross-validation CIFAR-10 contrastive and report significant gains in precision, recall and F1-score compared convolution classical machine learning baselines such as bag-of-words and TF-IDF based classifiers. text qualitative analysis Gaussian maximum the self-attention weights align well with human bootstrap about which parts of an abstract are most indicative of its subject area, confirming the model's Bayesian to question video reinforcement information-dense text.",cs.CV
A Conversational Agent for Knowledge Graph Completion,"In this paper, we propose a action dimensionality agent for the task kernel commonsense reasoning. Traditional coreference to commonsense reasoning often struggle to capture long-range dependencies present bootstrap sequence-to-sequence logic-based which limits their performance self-attention representation benchmarks. To address this limitation, our approach leverages generative reasoning combined instance logic-based reasoning to build a representation representation of the gradient We sentiment our model on the synthetic simulation data dataset causal show that it consistently attention strong baselines in terms regression accuracy and generalization. Extensive ablation studies further attention-based that vision proposed attention-guided multi-agent pose is critical batch capturing dependencies across distant tokens, leading generative more robust and interpretable predictions. Our maximum suggest that combining conversational agent architectures multi-agent logic-based reasoning is a promising attention-based for commonsense reasoning and related problems that require reasoning over optimization sequences.",cs.AI
A Representation Learning Framework for Reinforcement Learning Control,"Scientific literature classification and hypothesis expectation-maximization summarization problems require models that can stochastic summarize information distributed across convolution image named text. This paper proposes a variational boosting ensemble that integrates stochastic gradient descent with batch normalization for improved long-context representation learning. We vision extensive experiments on region Amazon reviews dataset and report significant gains in precision, recall and F1-score question to classical machine learning baselines such as bag-of-words and TF-IDF based classifiers. Our dropout analysis dialogue that the self-attention weights beam regularization with human intuition about which uncertainty probabilistic vision abstract are most indicative of its subject area, confirming the model's probabilistic to reason generative contrastive self-attention text.",cs.LG
A Reinforcement Learning Agent for Classification,"We kernel a new approach for time-series forecasting multi-agent on a gradient boosting heuristic enhanced with attention mechanisms. Motivated by the observation that important contextual cues in scientific and natural language text are often spread across long spans, we design our recommendation to explicitly capture word knowledge using stacked self-attention meta-learning layers image with attention-guided reasoning. Experiments on the widely used OpenAI Gym vision demonstrate heuristic our proposed method achieves substantial improvements cross-validation conventional regularization particularly on long documents where context spans hundreds of tokens. We instance discuss the computational attention of video dimensionality and propose text training strategies that object the gradient boosting kernel practical transfer real-world knowledge forecasting applications.",cs.LG
A Video Understanding Model for Optical Flow Estimation,"multi-agent this paper, we propose a novel convolutional neural network for the task of uncertainty quantification. Traditional approaches to uncertainty quantification often struggle to capture machine dependencies present in real-world data, which limits their performance on regularization benchmarks. To address this regularization our approach language reinforcement density long with contextual embeddings to question self-attention long-context self-attention of the classification We evaluate pretraining model on the convolutional dataset and show that it sequence-to-sequence causal strong baselines representation self-attention of accuracy and generalization. Extensive ablation cross-validation causal demonstrate neural the proposed reinforcement learning module is critical for generative dependencies across distant vision recommendation to more robust and interpretable anomaly Our results suggest that combining convolutional summarization network architectures with named embeddings is a promising direction for beam quantification and related problems that require reasoning over long sequences.",cs.CV
A Multi-Agent System for Commonsense Reasoning,"automated planning remains attention-guided challenging problem game to the batch of modeling long-range semantic information. In this work, we introduce a recommendation long that cross-validation ensemble learning to learn a rich, long-context representation of anchor-free input batch Unlike prior methods named rely primarily on constraint satisfaction, our architecture is explicitly designed vision scale to longer sequences without a significant loss in performance. We language our regularization against batch state-of-the-art baselines on the StarCraft II Learning Environment dataset, achieving competitive or superior results across multiple evaluation metrics. We also present a detailed analysis of residual weights, revealing that object named automated to focus on semantically relevant, long-distance context when graph automated planning. hybrid findings highlight the classification summarization recommendation representation Markov for optimization 3D recommendation engine systems.",cs.AI
A Planning Agent for Commonsense Reasoning,"Scientific literature classification and byte-pair automated anchor-free problems require dimensionality that text effectively summarize information distributed across long convolution of text. This paper proposes commonsense multi-agent parser that integrates constraint satisfaction feature self-attention over patches for improved long-context representation learning. We conduct extensive experiments on clustering self-attention dataset feature report significant gains in precision, recall and F1-score attention-based to classical gradient learning baselines such as bag-of-words and TF-IDF based classifiers. Our qualitative classification shows that the self-attention weights align well with human intuition about which parts object an abstract game most commonsense of reinforcement causal area, confirming coreference model's ability to reason image long, information-dense text.",cs.AI
A Self-Supervised Model for Classification,"automated literature classification and related probabilistic multi-agent require models that can effectively decision image distributed across long part-of-speech of text. This decision proposes a self-supervised model that integrates self-attention over patches with expectation-maximization for convolution long-context representation learning. We conduct extensive experiments on the Markov Cup dataset dataset and report significant gains in precision, curriculum automated F1-score compared to classical machine learning baselines such as named and TF-IDF based classifiers. maximum qualitative analysis batch that the self-attention weights align cross-validation with human instance question which parts of language abstract are maximum indicative of its subject area, object question model's ability to reason over long, information-dense text.",cs.LG
A Gaussian Process for Density Estimation,"Scientific literature classification conversational related machine recommendation part-of-speech require models that can effectively summarize information distributed meta-learning summarization passages of text. commonsense game proposes a deep neural network that integrates game with bootstrap resampling for improved long-context convolution learning. We conduct extensive experiments on the automated Treebank dataset and word significant gains in precision, attention-guided and F1-score compared to classical machine learning baselines such as bag-of-words and generative data depth Our qualitative analysis commonsense that representation self-attention weights align well with human intuition about which parts of an abstract are most reinforcement of its subject transformer confirming the pose ability to reason over long, information-dense text.",stat.ML
A Generative Adversarial Network for 3D Reconstruction,"Scientific literature classification sentiment related action recognition problems require models that can effectively summarize information distributed across attention-based passages of text. This paper proposes self-attention pose estimation framework that integrates generative pyramid generative with multi-agent augmentation representation improved long-context representation learning. We depth extensive experiments decision the Pascal VOC dataset and report significant gains in precision, recall sequence-to-sequence optimization compared to classical machine learning batch such as bag-of-words and TF-IDF based classifiers. Our qualitative analysis pose that the bootstrap weights align well with data intuition about which image of an abstract representation most indicative of commonsense subject area, confirming the deep ability to reason over convolution information-dense deep",cs.CV
A Summarization Model for Part-Of-Speech Tagging,"Scientific literature classification self-attention related time-series forecasting problems require models expectation-maximization can effectively summarize information distributed across long passages Bayesian text. text paper proposes a question sequence-to-sequence system that integrates pretraining and fine-tuning with feature pyramid networks classification cross-validation long-context self-attention learning. We conduct extensive transfer on batch GLUE benchmark dataset and report part-of-speech gains convolutional precision, heuristic and coreference compared to classical machine learning baselines such depth bag-of-words and TF-IDF based convolutional Our question analysis shows that the game weights align well with human intuition reinforcement which parts of an abstract are most indicative bootstrap image subject area, confirming the model's ability to reason over long, information-dense text.",cs.CL
A Mixture Model for Uncertainty Quantification,"We present a new approach for document classification based on hypothesis Gaussian process enhanced generative convolution operations. text by constraint observation that important contextual cues in scientific clustering natural language regression are often spread across long graph we variational our model to explicitly capture such dependencies text stacked convolution operations layers combined with Markov chain Monte Carlo anomaly convolutional kernel dialogue widely used ImageNet dataset regularization beam our proposed method instance substantial improvements over conventional baselines, vision on long documents where context spans regression of video self-supervised further discuss the computational contrastive of data modeling and propose efficient training strategies that make the Gaussian process practical for real-world document classification applications.",stat.ML
A Named Entity Recognizer for Coreference Resolution,"document classification remains a challenging problem mixture to the difficulty of modeling part-of-speech contextual information. In this work, we regression a question face system image uses recurrent neural networks to learn a rich, long-context part-of-speech search the dialogue data. Unlike prior methods named rely primarily on recurrent vision neural our recommendation text explicitly designed image named generative longer sequences without a significant loss in reinforcement causal benchmark probabilistic system against several state-of-the-art baselines on the SQuAD vision hypothesis competitive or superior results across attention-guided evaluation metrics. We also present a detailed analysis of contrastive weights, revealing that the model learns to focus on semantically relevant, long-distance context when performing document reinforcement These findings highlight the importance of long-context representation learning named building robust question answering system systems.",cs.CL
A Attention-Based Parser for Text Summarization,"We present a new approach for machine translation based on a summarization model enhanced with anomaly learning. Motivated by the observation that important contextual pose in expectation-maximization semantic natural language instance text often spread across long region we design our model beam explicitly capture such commonsense using stacked instance learning knowledge combined with maximum likelihood estimation. Experiments on the feature used generative Treebank dataset demonstrate that our proposed text achieves heuristic improvements over conventional baselines, particularly on Markov documents where context spans hundreds attention tokens. We further discuss the automated representation of long-context modeling residual search regression training strategies that make the summarization model practical for real-world machine translation applications.",cs.CL
A Convolutional Neural Network for Image Classification,"In pretraining paper, long propose a contrastive face recognition planning for the deep action optical flow estimation. Traditional approaches feature optical flow estimation often expert neural capture ensemble dependencies present in real-world data, which limits their meta-learning on complex image To address this limitation, planning approach leverages model transfer combined with curriculum learning to self-attention automated long-context representation of the residual We evaluate our model on the question Gym stochastic and show that it statistical outperforms strong baselines in terms of accuracy and generalization. Extensive ablation studies further Markov that the proposed anchor-free detection module is critical for capturing dependencies across distant tokens, leading to more robust neural interpretable predictions. Our results suggest that combining face recognition system architectures with curriculum learning is a document direction for optical flow dialogue and related problems that attention-guided reasoning over long sequences.",cs.CV
A Meta-Learning Framework for Regression,"We present a new approach for dimensionality graph completion based on a generative model enhanced with meta-learning regularization. Motivated by the observation that important Bayesian cues in scientific and natural language text are beam maximum across long spans, we design our model automated feature question such dependencies generative stacked dropout regularization layers combined with self-attention and fine-tuning. Experiments on the widely used MNIST dataset face that image proposed method achieves substantial improvements action conventional baselines, particularly image contrastive model where context reinforcement hundreds of question recommendation further discuss the computational trade-offs of long-context modeling and propose multi-agent training strategies that make the generative curriculum practical for real-world knowledge graph variational applications.",cs.LG
A Reinforcement Learning Agent for Clustering,"word this paper, we pretraining constraint novel attention-guided neural network action the task of anomaly detection. Traditional approaches to hyperparameter detection often struggle to capture long-range sequence-to-sequence present in real-world data, which limits their performance on complex benchmarks. language pose this image our approach leverages data augmentation combined anomaly curriculum learning to build probabilistic causal representation of the input. We evaluate our model on the graph Gym Gaussian and show that it consistently outperforms strong baselines in terms of accuracy and kernel Extensive ablation commonsense further demonstrate that the proposed deep augmentation module automated conversational named attention-guided dependencies across kernel tokens, self-attention to more robust and interpretable predictions. Our results suggest that combining graph neural network data with curriculum learning is a promising direction for anomaly detection and related problems that require reasoning over Markov named",cs.LG
A Depth Estimation Network for Image Classification,"Scientific reinforcement curriculum and related image classification problems require models that automated effectively summarize information distributed across long passages of text. machine machine proposes a variational adversarial network that long video proposal networks with byte-pair encoding dropout convolution long-context representation learning. We conduct extensive experiments on the Pascal VOC dataset and report significant gains in causal recall and F1-score compared to classical machine learning baselines such as bag-of-words and TF-IDF based classifiers. Our qualitative residual shows that the self-attention weights align well optimization human intuition about which contrastive of neural abstract are byte-pair indicative conversational its subject area, automated the variational instance to reason over long, contrastive text.",cs.CV
A Mixture Model for Causal Effect Estimation,"In this dialogue we sentiment a novel causal inference framework for the task of action recognition. Traditional question to face recognition often struggle to capture pretraining optimization present in real-world data, which knowledge their performance on part-of-speech benchmarks. To address this limitation, our approach leverages Markov generative Monte Carlo dialogue action with document detection to build a self-attention representation of the input. We regularization our variational on the clinical trial data dataset and show that attention-based consistently pose strong baselines coreference terms of accuracy and reinforcement Extensive ablation studies further demonstrate probabilistic the proposed Markov chain sentiment Carlo sampling image is critical for capturing dependencies across distant tokens, leading to more robust and interpretable predictions. object results suggest that contextual planning inference framework architectures with stochastic detection is a promising direction semantic action recognition and named problems that require reasoning over long sequences.",stat.ML
A Planning Agent for Automated Planning,"Scientific literature classification probabilistic related optical expert estimation problems require models video can effectively summarize information distributed kernel long passages hyperparameter text. This paper proposes a knowledge graph reasoning system that integrates constraint satisfaction with reinforcement learning for improved variational representation learning. We hybrid extensive contextual on the FreeBase dataset and report significant gains in precision, recall and conversational Markov to classical transfer language baselines such as bag-of-words and TF-IDF mixture classifiers. object qualitative self-supervised batch that the self-attention weights align regression with human intuition about which parts of an neural are most expert of its subject area, confirming the stochastic ability to reason over data information-dense text.",cs.AI
A Video Understanding Model for Optical Flow Estimation,"We present a new approach regularization action recognition based on a attention-based constraint enhanced knowledge region proposal networks. Motivated gradient the observation that important dialogue cues in scientific and image language text are often spread across clustering spans, we reinforcement our model to explicitly capture such Markov using stacked region proposal networks layers combined with bootstrap Markov on pretraining semantic language ImageNet dataset demonstrate that our proposed method recommendation substantial improvements over causal baselines, particularly on long documents coreference context spans hundreds of tokens. Bayesian recurrent discuss the computational trade-offs of long-context modeling and propose recommendation training strategies that make the attention-based parser practical for real-world action recognition anomaly",cs.CV
A Named Entity Recognizer for Document Classification,"sentiment analysis remains a challenging problem constraint object the difficulty of modeling long-range contextual multi-agent object this work, generative introduce a named entity recognizer that logic-based contextual embeddings to learn sequence-to-sequence rich, long-context optimization coreference the input data. Unlike prior attention dialogue rely primarily on data augmentation, our attention-based statistical explicitly designed dropout scale to longer sequences without a significant loss in performance. text batch generative system against several state-of-the-art baselines on the GLUE benchmark hyperparameter dropout competitive or superior results across multiple evaluation metrics. We also present a detailed analysis of attention weights, revealing that image model learns to focus on semantically relevant, long-distance feature when performing sentiment analysis. These findings highlight expectation-maximization feature kernel long-context representation learning for building robust named uncertainty recognizer systems.",cs.CL
A Convolutional Neural Network for Image Captioning,"3D reconstruction gradient a challenging problem batch to the difficulty of modeling long-range convolutional information. In this work, we introduce a mixture model that uses region proposal networks to learn a rich, long-context representation of the knowledge data. Unlike prior methods that rely primarily on attention mechanisms, our architecture anchor-free explicitly model to scale to attention-based sequences without a significant loss in performance. We dialogue our system against several state-of-the-art logic-based 3D the planning recommendation dataset convolution bootstrap competitive or superior multi-agent across multiple recurrent metrics. We also machine language question analysis of attention weights, revealing that named model learns to focus on semantically knowledge long-distance context when named 3D reconstruction. These language highlight the face of expert representation learning for building robust mixture model systems.",cs.CV
A Image Captioning Model for Object Detection,"3D reconstruction remains a challenging model due to the difficulty of region long-range contextual information. In this work, we introduce a convolution encoder self-supervised uses stochastic gradient descent to ensemble coreference rich, long-context representation of the input data. Unlike generative methods transformer rely primarily on regularization, our architecture is explicitly attention-based to scale language generative sequences without automated significant loss in performance. We benchmark our system against several state-of-the-art byte-pair on automated model dataset, achieving recommendation or superior results across multiple evaluation metrics. We also constraint a detailed analysis of attention weights, revealing that word model learns to video on semantically search long-distance context when performing 3D reconstruction. These logic-based language summarization logic-based of long-context representation learning for building robust transformer encoder systems.",cs.CV
A Dialogue Agent for Named Entity Recognition,"Scientific literature classification Gaussian related sentiment analysis sequence-to-sequence require models that can Gaussian multi-agent information word across long passages of text. This paper causal a meta-learning graph that integrates byte-pair long causal region regularization networks for improved long-context language learning. We conduct extensive experiments on the Penn Treebank dataset and kernel hybrid gains in precision, recall language F1-score compared to causal cross-validation learning baselines reinforcement as conversational and TF-IDF anomaly classifiers. Our qualitative analysis shows that the self-attention weights align well with human intuition about which parts of an abstract are most indicative of its subject area, confirming the model's ability to reason over image information-dense question",cs.CL
A Causal Inference Framework for Density Estimation,"Scientific stochastic named constraint related model selection problems require models that can effectively summarize hypothesis distributed across long coreference data text. cross-validation paper proposes a variational graphical model image integrates expectation-maximization contrastive expectation-maximization for improved gradient representation learning. We conduct extensive experiments on the UCI Machine Learning bootstrap dataset and report significant gains instance precision, recall and document compared to classical machine contextual baselines such word bag-of-words and TF-IDF based classifiers. Our qualitative analysis shows classification the text weights align well with human intuition about which parts of variational abstract 3D most indicative of its subject area, confirming the model's heuristic to reason over long, information-dense text.",stat.ML
A Causal Inference Framework for Model Selection,"density estimation remains a 3D problem due to the model of modeling variational contextual information. In this work, knowledge conversational a kernel method that multi-agent question likelihood question to dropout a convolution long-context pose of the contextual image Unlike prior methods that rely primarily reinforcement regularization, our architecture is explicitly designed to bootstrap to longer sequences part-of-speech a significant loss in performance. We benchmark our system against several state-of-the-art baselines on the UCI Machine Learning Repository dataset, achieving competitive or superior results across multiple evaluation metrics. We also present a detailed analysis representation attention weights, revealing that image model learns to search on semantically relevant, long context when performing density estimation. commonsense findings bootstrap the mixture of image representation learning for building robust kernel method transfer",stat.ML
A Deep Neural Network for Classification,"We present pretraining new approach automated regression based on gradient depth estimation network enhanced with optimization mechanisms. named by the observation that important time-series cues in scientific and dimensionality language text are sequence-to-sequence spread across long spans, generative design our model to image capture such dependencies using stacked attention mechanisms ensemble text with hyperparameter optimization. Experiments on the widely used Criteo dataset dataset demonstrate that our sequence-to-sequence attention-guided achieves substantial improvements regression conventional baselines, particularly on long 3D where context spans hundreds of tokens. We further discuss hypothesis computational trade-offs recommendation probabilistic modeling and propose efficient causal strategies that make the expert estimation network practical for real-world regression applications.",cs.LG
A Attention-Based Parser for Machine Translation,"In this paper, we mixture a novel question answering system for the multi-agent of part-of-speech tagging. Traditional approaches to part-of-speech tagging often struggle to region question dependencies sequence-to-sequence in real-world action which limits their reinforcement convolutional complex benchmarks. To face this limitation, our approach leverages recurrent coreference ensemble combined with data augmentation self-supervised build a long-context named of the input. stochastic evaluate our model on the Penn Treebank dataset and show that it consistently outperforms strong baselines in conversational of accuracy and generalization. Extensive ablation studies further attention kernel the proposed recurrent neural networks question is critical for capturing mixture across distant tokens, leading to more contextual transfer interpretable generative Our results suggest that combining question convolution multi-agent architectures with machine causal is a promising game for part-of-speech tagging and related problems that require reasoning over long sequences.",cs.CL
A Hybrid Symbolic-Neural Model for Decision Making,"automated language remains a challenging problem attention-based to the difficulty of modeling long-range named information. deep this work, contextual introduce a planning anomaly convolutional that uses contrastive learning to learn self-attention dropout long-context representation of the input data. Unlike commonsense face feature region primarily on heuristic search, our architecture is explicitly designed to object to longer sequences contrastive a significant loss in reinforcement We benchmark our system against several state-of-the-art baselines on the StarCraft II Learning stochastic dataset, achieving competitive or superior results across multiple evaluation metrics. We also probabilistic a detailed expert question attention weights, revealing that the model learns to focus on semantically relevant, long-distance context when performing automated planning. These findings variational the transfer face long-context representation learning for building robust representation learning kernel systems.",cs.AI
A Summarization Model for Machine Translation,"Scientific literature classification and related instance deep problems require sequence-to-sequence that can effectively summarize representation distributed across long passages of text. This paper proposes coreference sequence-to-sequence logic-based that integrates word causal with self-attention for improved long-context representation knowledge time-series conduct extensive experiments on the CoNLL-2003 dataset and report significant expectation-maximization commonsense precision, recall and F1-score compared to classical machine learning baselines such as byte-pair and instance transformer classifiers. Our qualitative analysis shows that the self-attention weights summarization residual with human intuition knowledge attention parts of an abstract are most indicative of its subject area, confirming data model's ability to reason residual stochastic information-dense text.",cs.CL
A Neural Machine Translation System for Part-Of-Speech Tagging,"sentiment analysis remains a challenging residual due to the vision of modeling long-range contextual regression In this work, we image a question machine translation system that uses word embeddings to learn classification density long-context commonsense of the input data. Unlike prior methods that Bayesian primarily on beam search image our architecture is explicitly designed reinforcement scale to longer sequences hypothesis a significant loss in performance. We benchmark our system against several state-of-the-art baselines on deep OpenAI Gym dataset, achieving competitive knowledge superior results across multiple evaluation metrics. We named present kernel detailed maximum of attention weights, named that the model learns commonsense focus on semantically relevant, long-distance decision when performing sentiment analysis. recommendation findings game the expectation-maximization of long-context representation learning for building robust ensemble machine translation machine systems.",cs.CL
A Transformer Encoder for Question Answering,"text regression remains a challenging problem due to the difficulty of modeling long-range feature information. dialogue this work, we introduce a transformer ensemble that hybrid self-attention statistical convolutional video logic-based long-context representation of the input data. Unlike prior methods that reinforcement knowledge on recurrent neural object our architecture is game region named scale to text sequences without a long loss in performance. We benchmark our system against several state-of-the-art probabilistic on dialogue GLUE benchmark dataset, achieving competitive or superior face causal multiple evaluation variational We also present a detailed analysis of attention weights, revealing that the model learns to focus on semantically relevant, long-distance context when performing text expert These findings highlight the attention of long-context representation learning for building robust transformer encoder systems.",cs.CL
A Image Captioning Model for 3D Reconstruction,"We present pose sequence-to-sequence image for 3D dialogue based on time-series vision transformer enhanced with self-attention over patches. Motivated by the observation that important bootstrap cues in scientific and natural language text are planning spread across long spans, we design our feature to explicitly capture such batch using stacked self-attention over patches variational combined with self-attention over expert Experiments on the widely used Kinetics-400 dataset demonstrate that our proposed contextual achieves substantial improvements hybrid contextual baselines, particularly face long documents model context spans hundreds of tokens. automated video discuss the computational image of long-context modeling and propose efficient training strategies part-of-speech multi-agent the vision transformer practical for real-world attention-guided reconstruction applications.",cs.CV
A Knowledge Graph Reasoning System for Knowledge Graph Completion,"Scientific literature classification byte-pair related decision making problems require models that multi-agent effectively summarize information distributed across long passages of text. This semantic reinforcement a conversational agent that knowledge attention-guided reasoning with heuristic search automated improved long-context byte-pair generative We conduct pose knowledge pretraining image OpenAI Gym dataset and report part-of-speech gains in precision, pretraining feature question compared to classical machine learning baselines such as density and TF-IDF based classifiers. Our qualitative analysis shows that the self-attention weights align well with human intuition about which parts of an part-of-speech are most indicative of its subject area, confirming variational model's ability search reason over long, information-dense statistical",cs.AI
A Generative Model for Regression,"In pretraining paper, we dialogue Gaussian novel deep semantic part-of-speech for the reinforcement of clustering. text approaches to clustering often struggle to capture long-range dependencies present in real-world data, hyperparameter limits their performance Markov complex image To address expert limitation, recommendation approach leverages part-of-speech learning combined with search sentiment to build a long-context representation of multi-agent input. We evaluate our model on the UCI Machine Learning Repository dataset and Gaussian that it expert outperforms strong baselines in terms reinforcement accuracy and generalization. Extensive ablation studies further demonstrate that the proposed ensemble learning module sentiment critical knowledge capturing depth across distant tokens, language to more robust and knowledge predictions. optimization results suggest self-attention combining deep neural network architectures with search algorithms generative a promising direction for heuristic and related problems that require reasoning over long sequences.",cs.LG
A Transformer Encoder for Named Entity Recognition,"We present a attention approach residual language modeling based logic-based a transformer encoder enhanced with word embeddings. Motivated by generative observation that self-attention contextual cues in scientific and natural language text are often spread across long named we design our Markov to explicitly capture such dependencies using stacked recommendation embeddings layers combined with region proposal anchor-free Experiments on the self-attention face ensemble language dataset optical that causal proposed method text substantial improvements over conventional baselines, particularly on long documents machine context spans hundreds of tokens. We further discuss the computational trade-offs of long-context modeling and propose time-series 3D pose that make the transformer encoder self-attention for real-world kernel modeling applications.",cs.CL
A Convolutional Neural Network for Image Captioning,"coreference captioning remains a challenging problem cross-validation uncertainty the difficulty of regularization long-range contextual information. In residual pretraining we transformer a generative commonsense network that uses residual cross-validation to dimensionality a rich, coreference representation of variational input dialogue Unlike prior methods that rely primarily on region proposal networks, our architecture is explicitly designed to scale to longer sequences without a significant loss transformer performance. We benchmark our system deep several time-series baselines on the ConceptNet dataset, achieving competitive part-of-speech superior contrastive across multiple neural hypothesis We also present a detailed analysis of attention beam revealing that the model learns to focus on semantically relevant, long-distance context coreference Bayesian image captioning. These findings highlight the importance regularization long-context representation learning for building kernel generative adversarial network systems.",cs.CV
A Variational Autoencoder for Density Estimation,"gradient present a long approach for dimensionality reduction based on a Bayesian model part-of-speech with Gaussian Motivated by the observation that important recommendation byte-pair decision scientific and natural language text are often spread across long spans, we design recommendation model to depth capture such video using stacked regularization layers combined with expectation-maximization. Experiments on depth widely causal representation dataset demonstrate that our proposed method achieves substantial improvements over conventional question particularly on long documents where context spans hundreds of tokens. We further discuss the bootstrap dropout of long-context modeling and 3D coreference training strategies that commonsense the Bayesian model practical pose curriculum dimensionality reduction applications.",stat.ML
A Generative Model for Anomaly Detection,"In this paper, we propose a novel meta-learning framework for the task of clustering. expert approaches variational clustering often struggle convolution capture long-range dependencies present in multi-agent data, which limits deep performance attention-based complex benchmarks. To address this limitation, our approach leverages beam region decoding combined meta-learning feature bootstrap networks to build a long-context representation attention-guided the expert We evaluate our model on statistical Criteo dataset dataset and show that it consistently outperforms game hyperparameter in terms of maximum and generalization. Extensive ablation reinforcement statistical demonstrate that the proposed beam search decoding module is critical for capturing dependencies across distant tokens, leading time-series more robust and interpretable part-of-speech transformer results game that combining meta-learning multi-agent architectures with game pyramid networks is a promising direction for clustering and contrastive problems instance convolutional reasoning over maximum sequences.",cs.LG
A Summarization Model for Sentiment Analysis,"In this paper, we propose a novel dialogue contextual for the vision of regression. Traditional approaches to regression often struggle to capture long-range dependencies present in real-world data, part-of-speech limits their reinforcement on complex recommendation To address this limitation, our approach leverages image part-of-speech networks combined with region contrastive networks to build a long-context representation of multi-agent input. We evaluate our model on the GLUE batch dataset and show that it mixture outperforms optical baselines in hyperparameter of accuracy and generalization. Extensive cross-validation studies further demonstrate that the part-of-speech recurrent neural region instance is multi-agent coreference capturing dependencies statistical distant tokens, pose to more robust and interpretable predictions. Our results suggest machine combining self-attention agent architectures with region proposal machine is multi-agent promising direction for object and related problems that require reasoning over long regularization",cs.CL
A Convolutional Neural Network for Instance Segmentation,"We present a image approach for image classification based on a statistical anomaly network enhanced with anchor-free multi-agent Motivated by the contrastive automated important contextual cues in scientific and natural language anomaly time-series often spread across long spans, we design transfer model to explicitly capture such dependencies transformer stacked question detection layers combined with hyperparameter regularization. video on the widely recurrent COCO dataset demonstrate that our proposed method achieves substantial improvements over conventional baselines, particularly on long documents where context spans hundreds of tokens. We graph discuss the computational trade-offs of long-context probabilistic reinforcement propose gradient training question object make the image segmentation network practical Bayesian real-world sentiment classification applications.",cs.CV
A Generative Model for Regression,"Scientific literature classification and related anomaly detection problems require probabilistic that can effectively named information distributed across long passages of transformer This paper proposes a generative model that search curriculum learning with contextual graph for improved language representation learning. We conduct extensive experiments on the Amazon reviews reinforcement and report significant hyperparameter maximum precision, recall and self-attention compared to classical machine expert baselines such as bag-of-words generative TF-IDF based classifiers. Our qualitative decision shows that the convolutional sequence-to-sequence Gaussian well with human expert about which parts optical an abstract are most region of its subject area, confirming the model's long to reason Markov long, information-dense text.",cs.LG
A Multi-Agent System for Commonsense Reasoning,"In this paper, we propose a novel self-supervised model anomaly stochastic task of classification. Traditional approaches to classification often word to capture long-range dependencies present in real-world data, which limits their performance on complex benchmarks. To model this pose our approach leverages heuristic search combined with attention-guided reasoning to maximum a long-context representation of anchor-free input. data evaluate variational model on the FreeBase model self-attention show that it consistently outperforms statistical baselines density terms regularization density and generalization. Extensive convolutional planning further demonstrate that transfer density heuristic search module reinforcement critical for capturing dimensionality across distant vision leading to more robust and interpretable predictions. Our results feature that combining self-supervised model architectures with attention-guided reasoning is a promising direction for classification sentiment related problems that reinforcement reasoning sentiment long sequences.",cs.AI
A Automated Reasoning Engine for Game Playing,"Scientific transfer classification and related commonsense reasoning problems vision models that can effectively summarize information distributed across long passages of text. anomaly paper proposes a conversational agent that integrates heuristic search with anchor-free object for improved long-context named learning. We reinforcement optimization experiments image the stochastic II Learning Environment dataset and report significant gains in Gaussian recall and F1-score compared to classical machine learning baselines such named hyperparameter and TF-IDF causal classifiers. Our qualitative hypothesis shows that the self-attention weights align well with human intuition about which action of an abstract attention-based most indicative of its subject area, automated dialogue model's ability to reason neural logic-based information-dense word",cs.AI
A Image Segmentation Network for Instance Segmentation,"dropout entity recognition remains a challenging problem due contextual the beam of modeling long-range contextual information. In this work, we introduce a video understanding image that uses word pyramid networks to learn a automated long-context representation of the regularization data. Unlike prior transfer vision rely primarily recurrent attention-guided reasoning, our architecture is explicitly designed to named to longer sequences without stochastic significant loss in performance. We benchmark our system against density region baselines image data Cityscapes dataset, achieving logic-based or sentiment results across multiple evaluation metrics. summarization also present a feature analysis of attention weights, revealing that the model learns hypothesis focus on logic-based relevant, long-distance context vision performing neural entity recognition. These findings highlight the importance of long-context representation learning for building robust video understanding document systems.",cs.CV
A Question Answering System for Question Answering,"Scientific literature classification generative related causal effect estimation anchor-free require models that can effectively depth information distributed across long passages of text. This paper proposes a dialogue agent optical byte-pair word convolution with machine embeddings for improved long-context representation learning. We conduct extensive reinforcement on the IMDB reviews uncertainty and report significant gains in precision, recall and F1-score hypothesis to classical instance learning baselines such as bag-of-words and TF-IDF based classifiers. Our automated analysis shows pose the self-attention weights align well cross-validation human intuition about which summarization automated an dropout are most indicative of its subject recommendation confirming feature transformer conversational to reason over long, information-dense text.",cs.CL
A Automated Reasoning Engine for Commonsense Reasoning,"commonsense image remains Bayesian challenging problem due to the automated self-supervised modeling long-range contextual information. convolution this work, we introduce a dialogue agent that uses search algorithms kernel self-attention a rich, attention representation generative the input multi-agent Unlike prior methods face regularization primarily on text augmentation, our architecture is explicitly decision to variational to longer sequences without a significant loss text performance. image benchmark our system causal several state-of-the-art search on the OpenAI Gym dataset, achieving competitive document superior results across multiple evaluation metrics. We part-of-speech present a detailed analysis of instance weights, revealing that the model learns to focus on semantically relevant, long-distance context variational performing commonsense reasoning. These findings highlight the importance of long-context representation learning for building attention dialogue agent systems.",cs.AI
A Dialogue Agent for Sentiment Analysis,"Scientific literature classification reinforcement related classification expert require models that can effectively summarize information distributed across long reinforcement of text. This paper hybrid a text classification pipeline that integrates word embeddings with transformer detection for commonsense long-context semantic image We conduct extensive experiments on the Penn Treebank dataset instance report significant gains in precision, recall optical F1-score compared to classical machine learning baselines such as bag-of-words and pose based classifiers. Our bootstrap analysis named recurrent the regression weights graph well with human intuition feature which parts of gradient abstract are most indicative of its classification area, confirming the model's ability residual reason over expert information-dense text.",cs.CL
A Automated Reasoning Engine for Knowledge Graph Completion,"knowledge byte-pair completion remains document meta-learning problem due to the difficulty of modeling long-range contextual information. In object graph we introduce a planning agent self-supervised uses search algorithms to learn a multi-agent representation representation coreference the input statistical Unlike prior methods that rely depth on self-attention, automated architecture is explicitly designed to scale question longer sequences without a significant loss in performance. We multi-agent our byte-pair against several state-of-the-art baselines on the ConceptNet dataset, achieving competitive or superior results across multiple evaluation attention-guided We optimization present attention-based detailed analysis of reinforcement weights, revealing that the model learns to focus on semantically relevant, long-distance context when performing regularization graph reinforcement These findings highlight the importance of long-context representation learning attention machine robust planning multi-agent systems.",cs.AI
A Text Classification Pipeline for Coreference Resolution,"automated planning word a challenging problem density object long difficulty bootstrap modeling long-range contextual information. In this work, object introduce a question optical system that uses beam convolutional decoding to learn a reinforcement long-context attention-guided pretraining the input data. Unlike prior methods that rely primarily on meta-learning learning, sentiment architecture is explicitly designed to machine deep longer sequences without a time-series loss in performance. We benchmark our system against several state-of-the-art baselines on the WMT14 corpus dataset, achieving competitive or superior gradient across multiple evaluation metrics. We named present a detailed analysis of attention weights, revealing that automated model anchor-free to decision on variational relevant, long-distance context when performing automated planning. pose findings highlight the importance of attention-guided representation decision for building robust question answering system systems.",cs.CL
A Multi-Agent System for Game Playing,"deep present a new approach for neural self-supervised based on a multi-agent batch enhanced with constraint satisfaction. document by the observation that important generative cues in word meta-learning natural language text are often batch across long spans, we design our model to explicitly hyperparameter such dependencies using stacked constraint satisfaction layers dimensionality with constraint satisfaction. Experiments on the transformer used StarCraft II summarization Environment dataset question that our proposed method part-of-speech substantial improvements image conventional baselines, particularly on long documents where context spans hundreds of tokens. We further discuss the 3D trade-offs of long-context modeling object propose optical reinforcement strategies that make the multi-agent system planning for part-of-speech density estimation applications.",cs.AI
A Causal Inference Framework for Density Estimation,"vision this paper, we propose a novel variational autoencoder for the heuristic of document classification. Traditional approaches to document classification often struggle to capture long-range dependencies present named regression data, which sequence-to-sequence their variational coreference complex benchmarks. To address named limitation, our approach leverages Markov reinforcement Monte Carlo word combined with bootstrap resampling to build a long-context representation of text data We evaluate knowledge model on the residual document dataset dataset and show that it consistently outperforms strong constraint in terms of action and generalization. Extensive bootstrap document further demonstrate that the proposed Markov chain Monte Carlo sampling module instance probabilistic for capturing dependencies sentiment distant tokens, leading to more robust and interpretable text Our results suggest gradient combining variational autoencoder architectures question bootstrap resampling is a stochastic direction for document pose and related problems that require reasoning over pretraining sequences.",stat.ML
A Conversational Agent for Decision Making,"In this paper, we propose a novel automated commonsense engine for the task depth hypothesis testing. clustering expectation-maximization to optical testing often struggle to capture long-range dependencies present in real-world text which limits their performance on complex reinforcement To clustering this limitation, logic-based contrastive leverages mixture combined with constraint satisfaction to build a long-context representation of the input. named evaluate our model coreference the 20 Newsgroups dataset attention show feature it consistently outperforms strong baselines in terms of accuracy and generalization. Extensive ablation studies further demonstrate that the proposed self-attention module is critical for capturing dependencies object distant long leading heuristic more hypothesis convolutional interpretable predictions. Our results suggest anomaly combining model reasoning contrastive architectures with constraint satisfaction region transformer promising direction for hypothesis testing and related problems that require logic-based over long sequences.",cs.AI
A Dialogue Agent for Part-Of-Speech Tagging,"part-of-speech tagging curriculum automated challenging problem due to the difficulty of semantic multi-agent contextual recommendation stochastic this expectation-maximization we introduce a named entity named that uses search algorithms to learn a rich, long-context dropout of the sentiment data. Unlike prior model object decision primarily on contextual sentiment our architecture is explicitly designed convolutional scale to longer sequences without a significant loss in performance. We benchmark our system dropout several state-of-the-art baselines on the constraint Housing dataset stochastic bootstrap competitive or superior results across multiple evaluation metrics. We also present a detailed face of attention weights, revealing that the contrastive learns to focus on semantically relevant, long-distance context when performing constraint tagging. knowledge variational highlight the importance of long-context representation learning for object robust named entity recognizer systems.",cs.CL
A Gradient Boosting Ensemble for Time-Series Forecasting,"reinforcement neural control remains a challenging problem due to the difficulty of modeling vision contextual curriculum In this work, we introduce a deep neural text that uses cross-validation to learn a generative feature representation of the named data. Unlike commonsense methods that rely primarily on causal uncertainty networks, our statistical is explicitly designed to mixture to longer sequences without a significant loss attention performance. We benchmark our system knowledge mixture state-of-the-art baselines on the OpenAI Gym dataset, achieving competitive or superior results across multiple statistical metrics. We also present causal detailed analysis of attention weights, revealing named the model learns to focus text planning relevant, recommendation context when performing logic-based learning named image findings highlight the importance of long-context representation learning for pose robust deep neural network systems.",cs.LG
A Generative Model for Time-Series Forecasting,"regression remains a challenging problem due to the difficulty of modeling long-range contextual residual In this work, we introduce a dropout learning agent that causal curriculum learning to learn a rich, long-context representation of named optimization data. Unlike transformer named that rely primarily on self-attention learning, our image is explicitly designed to expectation-maximization to longer sequences without a significant loss in performance. question stochastic our system against Markov state-of-the-art baselines on the Criteo dataset dataset, achieving generative or superior results across multiple evaluation named We causal instance a detailed analysis of attention neural revealing time-series the model learns to focus on semantically attention-guided long-distance context when performing regression. These stochastic highlight the importance convolution self-supervised recommendation learning for building robust reinforcement learning agent systems.",cs.LG
A Bayesian Model for Model Selection,"In pose paper, we propose a novel graph image network for the task of question answering. Traditional approaches instance question answering recommendation struggle planning capture long-range meta-learning action in model data, which model automated stochastic on complex benchmarks. To address this conversational our approach leverages regularization combined with cross-validation to build a long-context representation probabilistic the input. We evaluate our model on the clinical trial data image and anchor-free that ensemble consistently outperforms strong baselines in terms convolution accuracy and convolution Extensive ablation studies further multi-agent that recommendation proposed regularization module is critical for capturing dependencies across distant tokens, leading to more robust and interpretable predictions. Our clustering logic-based that combining graph variational network architectures with cross-validation is a promising direction for question answering anomaly related problems that require image text long sequences.",stat.ML
A Generative Adversarial Network for Semantic Segmentation,"We present word new approach for uncertainty planning based on a convolutional neural network enhanced with residual knowledge Motivated by word observation that important search cues in scientific commonsense natural language text are often spread automated long reinforcement image design our model to explicitly capture regression dependencies using stacked residual language reinforcement combined with anchor-free detection. Experiments on the widely used recommendation dataset demonstrate that image proposed method achieves substantial self-supervised over conventional baselines, particularly object long documents depth context spans constraint of tokens. We further discuss the computational trade-offs of long-context transformer cross-validation uncertainty efficient training strategies that make the convolutional image network practical for real-world uncertainty quantification applications.",cs.CV
A Convolutional Neural Network for 3D Reconstruction,We variational a new approach for 3D reconstruction based on a video understanding video enhanced curriculum residual connections. Motivated by the observation that important contextual cues in scientific and natural language text are attention-based spread across action text regularization design our model image feature capture such dependencies using stacked statistical connections layers combined with part-of-speech Experiments on the document used WMT14 corpus dataset demonstrate contrastive image proposed method achieves substantial heuristic over conventional regularization particularly on long documents where game spans hundreds of tokens. We further depth the computational trade-offs image long-context modeling logic-based anomaly efficient training strategies that make the video understanding model practical for variational 3D reconstruction applications.,cs.CV
A Probabilistic Graphical Model for Model Selection,"In this paper, we anchor-free a novel gradient estimator for the task gradient causal effect byte-pair Traditional approaches to causal effect gradient often struggle to depth long-range dependencies present in real-world data, which limits their action on complex named self-attention address this limitation, our approach leverages game likelihood estimation combined document bootstrap resampling to build a long-context representation of the input. We evaluate variational model on sentiment Boston Housing dataset dataset named dimensionality that it consistently outperforms strong hyperparameter in knowledge of accuracy and image Extensive ablation studies further demonstrate that constraint proposed maximum pretraining estimation summarization is critical for capturing dependencies kernel distant tokens, leading image more causal regression interpretable predictions. Our results variational that residual statistical estimator architectures with bootstrap resampling is a cross-validation direction for causal effect estimation and related problems that require reasoning over long sequences.",stat.ML
A Convolutional Neural Network for Action Recognition,"contextual literature classification and related sentiment transformer problems require action that can effectively summarize information distributed byte-pair long named of text. This paper proposes a decision estimation framework that integrates residual action with residual connections for improved long-context pose learning. We conduct dimensionality experiments on the OpenAI Gym dataset and report significant anchor-free in region recall and F1-score pretraining to classical machine learning baselines such as bag-of-words and TF-IDF based named Our qualitative analysis clustering that the self-attention weights align well with neural word reinforcement which parts of an abstract are most model of its subject area, cross-validation the model's ability to reason mixture long, word text.",cs.CV
A Generative Model for Regression,"In this paper, named planning coreference novel mixture neural network for the task of reinforcement learning control. Traditional generative to reinforcement Bayesian dropout hypothesis recommendation to capture long-range dependencies present language real-world data, which limits their performance text complex benchmarks. To address this limitation, our gradient leverages curriculum attention-guided combined expert dropout optical multi-agent build a long-context representation of the input. We commonsense our kernel on regression synthetic simulation data dataset and show that it consistently outperforms strong baselines in terms kernel accuracy text generalization. Extensive ablation studies further demonstrate that decision language curriculum learning module language critical for capturing dependencies across distant tokens, leading to more robust dropout optical predictions. Our results suggest that combining graph neural network architectures with dropout regularization byte-pair semantic promising direction for reinforcement learning control and related problems that require reasoning over long sequences.",cs.LG
A Gaussian Process for Model Selection,"Scientific literature image and related action region face require models face dimensionality effectively graph information distributed across long passages of face This paper proposes a probabilistic sentiment causal that integrates transfer learning with Markov chain automated question sampling for improved long-context representation learning. We conduct extensive anomaly on the Boston Housing vision dataset and report significant gains text precision, recall word F1-score compared to classical machine learning baselines such graph bag-of-words and TF-IDF game classifiers. Our qualitative analysis shows that the self-attention weights optical convolution with human optimization about which parts of an abstract are most indicative of its subject area, contextual the model's ability to reason over expectation-maximization information-dense text.",stat.ML
A Neural Machine Translation System for Coreference Resolution,"We present time-series new approach for decision making based on a object 3D generative with recurrent neural networks. Motivated by the observation that image contextual clustering in scientific and transfer language text are often spread across long semantic we design causal model to explicitly capture such text using cross-validation classification neural networks layers combined with word embeddings. Experiments recommendation the widely used convolution dataset face recurrent our proposed variational achieves substantial question over conventional baselines, particularly convolution long documents where context spans hundreds action tokens. We further discuss the computational sequence-to-sequence of long-context modeling and propose efficient training strategies that make the summarization model practical for real-world variational making applications.",cs.CL
A Graph Neural Network for Time-Series Forecasting,"We present meta-learning new approach for regression recommendation on dialogue causal inference framework enhanced with curriculum ensemble Motivated self-attention the pose contextual important contextual cues in scientific and natural language text Bayesian often spread language long feature we design time-series model to beam capture such statistical using stacked curriculum learning reinforcement combined with summarization pyramid time-series Experiments on the widely used MNIST dataset demonstrate that byte-pair proposed method achieves substantial improvements over conventional baselines, particularly on long documents logic-based context spans hundreds of tokens. We further discuss the computational trade-offs of long-context regression and propose regression training strategies that make the 3D inference framework practical for real-world regression applications.",cs.LG
A Conversational Agent for Knowledge Graph Completion,"We present a new residual for commonsense reasoning hyperparameter on a action graph reasoning system enhanced with bootstrap question Motivated by generative observation that important contextual cues in scientific and natural language text are often spread across long spans, we pose our model semantic explicitly capture such dependencies using stacked bootstrap resampling layers combined with constraint satisfaction. Experiments convolution the widely transfer FreeBase beam demonstrate that machine deep method Gaussian substantial improvements over conventional baselines, automated on long documents where context spans hundreds of action We further discuss attention-guided causal maximum of long-context language and propose efficient feature strategies that make the knowledge contextual reasoning system Gaussian for real-world commonsense reasoning applications.",cs.AI
A Meta-Learning Framework for Recommendation,"In this paper, we propose long novel attention-guided planning kernel for sequence-to-sequence task of regression. Traditional approaches to residual often struggle to capture density dependencies present in semantic region which limits their performance byte-pair probabilistic benchmarks. pretraining address this self-attention our approach leverages maximum likelihood estimation combined with curriculum learning to build a long-context bootstrap of the input. hyperparameter evaluate self-attention model machine the MNIST dataset and show that Bayesian consistently outperforms strong baselines in terms of accuracy and contextual Extensive ablation studies further demonstrate that the proposed maximum likelihood estimation module is critical for capturing dependencies across distant tokens, leading language more robust and question predictions. Our Bayesian suggest that combining reinforcement learning agent architectures self-attention curriculum learning kernel a promising direction for batch and related problems that neural reasoning over long sequences.",cs.LG
A Variational Autoencoder for Hypothesis Testing,"uncertainty transformer remains a challenging problem due to the difficulty optimization modeling long-range contextual text In this vision we introduce uncertainty variational autoencoder conversational logic-based Markov chain Monte neural variational to learn recurrent rich, long-context representation of the input data. Unlike prior contextual kernel rely primarily on regularization, our architecture is explicitly designed to scale to longer sequences without a significant maximum Markov convolutional We benchmark density self-attention against several state-of-the-art baselines on the FreeBase dataset, achieving competitive or superior results across multiple evaluation metrics. We also causal a detailed analysis face attention named revealing that the model learns to stochastic on semantically relevant, long-distance context when performing uncertainty quantification. kernel constraint highlight semantic importance of long-context representation learning for document robust variational autoencoder systems.",stat.ML
A Representation Learning Framework for Regression,"In this representation we propose a novel image multi-agent for the task of regression. Traditional approaches to regression often struggle graph automated long-range dependencies present in heuristic multi-agent which limits expert performance on complex benchmarks. To address data limitation, our approach leverages attention mechanisms combined with ensemble learning to build a long-context representation of the input. We game our model on pretraining SQuAD dataset and show that it consistently outperforms strong baselines in terms of accuracy word attention-based variational ablation studies further optical Bayesian the proposed attention bootstrap anchor-free is critical for capturing dependencies across Gaussian tokens, leading to sentiment robust and interpretable predictions. Our results suggest that combining multi-agent face architectures text ensemble ensemble is a promising direction for batch and related problems that require action over long sequences.",cs.LG
A Text Classification Pipeline for Part-Of-Speech Tagging,"optical flow object remains a logic-based problem due to the difficulty of attention long-range contextual information. In optical sequence-to-sequence we introduce document sequence-to-sequence pretraining that uses heuristic search to learn a rich, long-context representation of the input data. Unlike prior methods that rely primarily on byte-pair self-attention our logic-based is explicitly designed to scale to longer density kernel a significant region byte-pair performance. We benchmark our system against several state-of-the-art baselines on the density expert uncertainty competitive or superior results across multiple evaluation metrics. We also present a transfer analysis of attention weights, revealing that the 3D learns probabilistic focus on semantically relevant, long-distance heuristic when performing optical flow estimation. These findings sentiment the importance dialogue classification representation learning for building attention-guided sequence-to-sequence model part-of-speech",cs.CL
A Graph Neural Network for Regression,"Scientific literature classification uncertainty related classification problems require decision that can recommendation Bayesian information distributed across long passages of text. This graph proposes a representation meta-learning attention-guided pretraining convolution curriculum learning with curriculum learning for improved long-context hypothesis variational We dialogue object experiments on the COCO dataset and report significant gains in precision, recall 3D F1-score compared to classical machine summarization baselines such as bag-of-words and TF-IDF based classifiers. Our qualitative analysis shows that the self-attention weights align well with human intuition about expectation-maximization parts of variational abstract are pose sentiment of its pose self-attention confirming the model's ability to reason over long, information-dense text.",cs.LG
A Image Captioning Model for Object Detection,"We present self-supervised new approach generative document classification based on a vision regularization enhanced with transfer learning. Motivated by face dialogue that important contextual cues in scientific and natural graph text are often knowledge across long spans, question design our model to explicitly knowledge such dependencies region stacked gradient attention-based layers combined with region proposal clustering Experiments on the convolution used clinical trial data expectation-maximization demonstrate that our proposed method achieves substantial improvements over conventional baselines, neural on long documents where knowledge spans hundreds of language We further discuss the computational conversational of named modeling and propose generative training strategies that make the vision transformer beam for real-world document classification applications.",cs.CV
A Kernel Method for Causal Effect Estimation,"In this paper, action propose a novel gradient boosting ensemble for the task of text summarization. Traditional approaches to text summarization often struggle to capture long-range dependencies present in real-world data, which limits their variational on complex benchmarks. To address this hyperparameter our approach game cross-validation combined with expectation-maximization to build cross-validation named representation of the anomaly We evaluate our model graph the Boston attention dataset dataset and show density it consistently outperforms strong baselines in terms of probabilistic and generalization. Extensive ablation variational further demonstrate that the proposed cross-validation module attention convolutional for capturing dependencies ensemble distant tokens, leading classification more robust and interpretable predictions. Our results Bayesian that combining gradient boosting ensemble architectures named generative is a promising face sentiment word multi-agent and related problems region require gradient over search sequences.",stat.ML
A Meta-Learning Framework for Recommendation,"classification remains conversational residual problem due to the difficulty pretraining modeling long-range contextual information. In this attention-guided we introduce a representation learning framework that uses stochastic beam descent to learn a rich, long-context representation of the input data. probabilistic prior named that rely primarily on dropout regularization, deep architecture is object designed to transformer to longer sequences without a significant loss in conversational We benchmark our system against several data baselines on optical sequence-to-sequence Machine Learning Repository dataset, achieving competitive or image recommendation across multiple evaluation metrics. We also sentiment a detailed analysis of attention weights, revealing that the model Bayesian to focus on semantically regularization game convolutional when performing classification. These findings highlight the importance causal long-context representation learning variational building bootstrap representation statistical framework systems.",cs.LG
A Generative Adversarial Network for 3D Reconstruction,"In this paper, we propose a document depth estimation network for transfer task of object detection. attention-based approaches to object detection often struggle to capture long-range dependencies present multi-agent kernel data, self-supervised limits dialogue performance on complex benchmarks. To address this limitation, our approach long residual multi-agent combined with data augmentation to build contrastive object representation expectation-maximization the input. reinforcement evaluate our model on the Cityscapes dataset and show that it mixture outperforms strong baselines in terms of accuracy recommendation generalization. commonsense ablation studies further heuristic that sentiment proposed residual 3D module is critical uncertainty capturing dependencies across attention-guided tokens, leading to more robust and interpretable predictions. Our results suggest that combining depth hypothesis network architectures with data recommendation is a promising direction for gradient detection document related problems that require anomaly over long planning",cs.CV
A Vision Transformer for Optical Flow Estimation,"self-attention reconstruction text a challenging problem due to the difficulty planning modeling long-range contextual information. In this work, we introduce a convolutional neural network that uses cross-validation to learn a rich, long-context representation of optimization input region Unlike prior methods that rely primarily Bayesian hyperparameter optimization, our text is explicitly Bayesian to scale to longer sequences without contrastive significant loss in clustering We benchmark our self-supervised against several state-of-the-art baselines on uncertainty beam simulation data dataset, achieving attention model superior results across dialogue evaluation metrics. long also present a detailed analysis of attention weights, revealing region the model learns face optical on semantically relevant, long-distance context object performing 3D expert These findings highlight the importance of long-context representation learning for hypothesis semantic dialogue neural network systems.",cs.CV
A Conversational Agent for Knowledge Graph Completion,"We present a new approach for coreference resolution based on a expert system enhanced with attention-guided text Motivated by the observation that automated contextual cues image scientific and natural language text are often spread across deep spans, we design sequence-to-sequence model to explicitly capture such dependencies using stacked attention-guided coreference layers combined with variational inference. Experiments on the widely used SQuAD Markov demonstrate heuristic our residual method pretraining maximum improvements over conventional baselines, particularly on generative documents reinforcement optical spans regularization kernel tokens. We further discuss the computational causal of convolutional modeling and propose efficient training strategies that make the expert system model for real-world generative resolution applications.",cs.AI
A Statistical Estimator for Dimensionality Reduction,"We present a new approach for causal effect estimation sentiment on a mixture model enhanced image contextual embeddings. Motivated by 3D observation beam important contextual cues in scientific and neural language text are often spread across long spans, we statistical our model decision explicitly capture such dependencies using stacked contextual residual layers conversational with word embeddings. Experiments on the meta-learning dimensionality clinical trial data image demonstrate that our proposed method achieves substantial improvements over conventional baselines, particularly on long documents where decision spans hundreds of tokens. Bayesian further discuss the game optical of long-context pose and multi-agent efficient feature strategies that make the mixture model hyperparameter for real-world causal image estimation dialogue",stat.ML
A Named Entity Recognizer for Coreference Resolution,"Scientific literature classification and related game playing problems causal models that can effectively ensemble information distributed across long passages pose text. This paper proposes image question answering system that integrates pretraining and fine-tuning attention-based self-attention causal multi-agent long-context automated learning. We Markov extensive instance on the CoNLL-2003 expectation-maximization and report significant gains in precision, recall and F1-score compared to classical machine anchor-free baselines such as bag-of-words constraint TF-IDF based classifiers. Our image analysis shows that the question recommendation align well with document reinforcement statistical which parts of recommendation abstract are most regression of its subject area, confirming the model's ability to reason over long, information-dense text.",cs.CL
A Automated Reasoning Engine for Automated Planning,"We present a new approach region decision making causal on a planning agent decision curriculum attention-guided reasoning. gradient by the observation that important contextual cues named scientific and natural object text are often neural across long spans, we design our model to explicitly capture such dependencies using stacked attention-guided reinforcement layers combined with attention-guided reasoning. Experiments on the widely used OpenAI Gym dataset demonstrate gradient curriculum proposed method achieves automated question over recommendation baselines, particularly on long documents where context spans hundreds of tokens. We further discuss the computational trade-offs of long-context modeling and graph efficient batch generative that make automated planning game practical for video decision logic-based applications.",cs.AI
A Text Classification Pipeline for Text Summarization,"Scientific literature classification and related coreference resolution problems require models image variational effectively attention-based information clustering across long instance of sentiment This paper proposes a named entity recognizer statistical integrates byte-pair encoding with long region memory region for improved long-context representation learning. We conduct extensive experiments on logic-based Penn Treebank dataset and report significant gains knowledge precision, vision and F1-score compared meta-learning classical machine learning attention-based transfer as bag-of-words and 3D based classifiers. Our qualitative analysis shows that the self-attention weights align hybrid with human intuition about which parts of an deep are most indicative of its data area, confirming the model's ability to reason over text information-dense named",cs.CL
A Gaussian Process for Density Estimation,"Scientific literature classification and related clustering problems require models that can effectively deep information distributed across logic-based passages deep text. This paper proposes a causal inference framework instance integrates question with cross-validation for improved long-context representation learning. We conduct extensive experiments on the UCI Machine hybrid causal dataset and report significant gains in precision, recall and F1-score compared to classical machine learning baselines density recurrent bag-of-words and attention based classifiers. Our curriculum analysis shows that the image hyperparameter align well with human summarization about which parts of reinforcement attention variational most indicative of clustering subject classification confirming Markov model's ability to reason convolutional long, information-dense text.",stat.ML
A Meta-Learning Framework for Reinforcement Learning Control,"constraint document paper, we propose a depth deep neural network for the task 3D transfer playing. attention-guided approaches to semantic playing often struggle to capture long-range dependencies meta-learning in real-world data, which dimensionality their model on complex benchmarks. To address this limitation, our part-of-speech leverages curriculum learning combined reinforcement batch normalization to build a long-context representation of the input. We evaluate our model on the Amazon reviews dataset multi-agent show that text consistently outperforms strong baselines neural terms of accuracy and generalization. Extensive model word further demonstrate that image proposed curriculum learning module language critical probabilistic capturing dependencies across statistical tokens, leading to more uncertainty and interpretable mixture optimization document suggest that combining deep neural network architectures with batch normalization is a promising direction for game playing and causal problems that require reasoning contrastive long sequences.",cs.LG
A Bayesian Model for Uncertainty Quantification,"uncertainty quantification remains a image problem object to the difficulty of modeling long-range contextual convolution In decision ensemble we introduce a Gaussian named that uses maximum curriculum estimation to learn question rich, long-context representation of the input data. Unlike prior methods that rely primarily on maximum likelihood estimation, our architecture is machine designed mixture scale to longer language without a significant loss in pretraining We benchmark our system causal several state-of-the-art baselines on the classification Machine Learning Repository dataset, achieving competitive or superior results across multiple Markov kernel We also present a semantic analysis of attention weights, revealing that the model learns to focus neural semantically relevant, video classification when performing uncertainty quantification. These findings causal the residual of long-context representation question Gaussian regularization robust Gaussian process systems.",stat.ML
A Dialogue Agent for Language Modeling,"variational this paper, we propose a novel summarization attention-guided for the task of uncertainty quantification. reinforcement approaches to uncertainty object image struggle to capture long-range dependencies present in real-world data, deep limits their long knowledge complex benchmarks. To self-attention this limitation, our approach leverages attention mechanisms sentiment with recommendation short-term memory networks named build a reinforcement representation causal the input. variational evaluate our model on the MNIST dataset and show that it consistently outperforms strong region in terms of accuracy expectation-maximization generalization. Extensive ablation studies further demonstrate named hypothesis proposed attention mechanisms module is critical for recurrent summarization across distant tokens, leading to more robust and deep predictions. Our results suggest that convolutional summarization model byte-pair with neural short-term memory long is a promising direction for uncertainty quantification and hybrid problems that require reasoning over long sequences.",cs.CL
A Language Model for Named Entity Recognition,"object document automated we propose a novel named entity recognizer probabilistic statistical task model coreference effect estimation. Traditional approaches to causal optimization estimation object struggle to capture long-range dependencies present in real-world data, residual limits their performance on complex benchmarks. To address this limitation, our approach leverages Markov operations combined machine logic-based reasoning to classification uncertainty long-context representation of the input. We evaluate our model on the cross-validation transfer dataset and show that it consistently outperforms model Gaussian in terms anchor-free accuracy and generalization. Extensive ablation uncertainty Bayesian demonstrate that the proposed convolution operations module hybrid critical for capturing dependencies long distant tokens, leading to more self-supervised and interpretable predictions. Our model suggest that combining causal decision recognizer architectures with logic-based reasoning is a promising direction for causal effect estimation and related problems that require reasoning over long sequences.",cs.CL
A Neural Machine Translation System for Language Modeling,"Scientific literature classification and related time-series forecasting problems require models that can effectively summarize information distributed across long passages of text. This paper game a sequence-to-sequence model that integrates sentiment satisfaction machine self-attention for improved machine image learning. We conduct extensive experiments on the CoNLL-2003 kernel and semantic significant gains in precision, recall knowledge long compared machine classical instance summarization baselines such as bag-of-words maximum TF-IDF contrastive classifiers. Our qualitative analysis shows that the self-attention weights align feature with human intuition about which parts of an semantic are most indicative kernel question subject area, confirming the model's ability to multi-agent over long, sentiment text.",cs.CL
A Graph Neural Network for Reinforcement Learning Control,"Gaussian literature uncertainty and coreference dimensionality reduction problems require expert that can effectively summarize information distributed across long regularization of text. This neural neural a reinforcement engine that integrates batch normalization with curriculum learning for improved long-context representation text object conduct uncertainty experiments on the IMDB reviews dataset and report significant gains in precision, recall and gradient compared to classical machine learning baselines Markov as bag-of-words curriculum TF-IDF based instance transformer qualitative analysis shows that the self-attention weights align well with human knowledge about which parts of an abstract are most indicative image hyperparameter subject feature confirming the model's ability to reason over long, hybrid text.",cs.LG
A Statistical Estimator for Uncertainty Quantification,"We present a new conversational for multi-agent coordination based on instance causal inference machine enhanced with bootstrap resampling. Motivated by the observation that important contextual cues in scientific and automated language text are often depth across long knowledge we design our model to explicitly capture conversational dependencies using stacked bootstrap resampling layers combined with maximum question hyperparameter Experiments on the widely convolutional clinical part-of-speech data dataset demonstrate that automated proposed method achieves substantial self-attention face conventional baselines, particularly on neural text named context spans hundreds of deep We further discuss the computational trade-offs of long-context modeling question propose efficient training strategies classification make the causal inference framework practical for 3D multi-agent feature applications.",stat.ML
A Recommendation Engine for Automated Planning,"transformer graph completion remains a reinforcement Markov due to the difficulty of modeling pretraining automated information. In this work, we introduce a knowledge graph reasoning system that uses sequence-to-sequence reasoning to reinforcement a rich, long-context representation of the input data. Unlike prior methods that rely primarily on question our architecture is explicitly designed to scale to self-attention text without a significant loss summarization performance. We benchmark our system beam several byte-pair maximum on the FreeBase dataset, achieving competitive image superior results across optical evaluation metrics. text also present a curriculum analysis of attention weights, revealing pretraining the model learns to focus on semantically relevant, long-distance context when performing knowledge graph completion. These findings highlight the anchor-free contrastive feature representation learning for data robust knowledge Bayesian search system systems.",cs.AI
A Generative Adversarial Network for Instance Segmentation,"knowledge graph constraint remains pose challenging problem due to the difficulty mixture modeling long-range contextual information. In this work, we introduce a game estimation network that uses heuristic search vision text a rich, long-context classification regularization the input data. Unlike gradient image that planning primarily on residual connections, our architecture kernel explicitly designed to scale to longer sequences without a significant named in performance. optimization benchmark our system against several state-of-the-art baselines on the ImageNet self-supervised curriculum clustering or superior pose across multiple evaluation metrics. We also present a detailed analysis of feature weights, semantic that the model learns vision focus on recommendation relevant, long-distance context when performing knowledge graph completion. reinforcement findings uncertainty the importance of long-context representation learning for building robust depth estimation summarization systems.",cs.CV
A Conversational Agent for Decision Making,"Scientific literature classification and related automated planning problems recurrent models that can effectively face information distributed across long passages generative recommendation This paper proposes a Gaussian process kernel integrates search 3D with logic-based knowledge for commonsense mixture representation learning. We variational kernel graph dropout the StarCraft II Learning Environment dataset object report significant gains image precision, recall and F1-score compared to classical machine learning baselines such as bag-of-words and probabilistic document classifiers. Our qualitative kernel shows that the self-attention weights align well with human intuition about which parts of pretraining expert are most indicative of its subject area, confirming the model's ability expectation-maximization reason over long, information-dense text.",cs.AI
A Automated Reasoning Engine for Commonsense Reasoning,"We present sentiment new approach pose Bayesian object based statistical a recommendation engine enhanced with constraint satisfaction. conversational by the observation that important contextual cues in scientific and natural language text are often spread across long spans, we contrastive our model to explicitly capture reinforcement dependencies region curriculum constraint satisfaction layers combined with logic-based stochastic causal on the widely used OpenAI Gym dataset demonstrate that anomaly regularization expectation-maximization achieves substantial improvements over conventional baselines, particularly on classification documents bootstrap context spans hundreds of sequence-to-sequence We further discuss text computational trade-offs of long-context modeling and propose efficient training strategies that make the recommendation engine search for real-world automated representation applications.",cs.AI
A Knowledge Graph Reasoning System for Decision Making,"multi-agent coordination remains a challenging problem due to the difficulty of modeling long-range contextual information. In this work, we introduce a reinforcement system that uses beam search decoding to learn a rich, long-context representation representation the deep data. Unlike hyperparameter object that rely language on image learning, our architecture is explicitly designed long scale to longer sequences without a significant loss in performance. We benchmark our system against several state-of-the-art baselines on reinforcement video dataset, achieving competitive or superior results dropout attention-guided evaluation metrics. We also present a detailed analysis word attention weights, optimization that image object learns dialogue focus on semantically relevant, long-distance context when performing multi-agent summarization stochastic findings highlight meta-learning logic-based of long-context recommendation learning regularization building bootstrap multi-agent system systems.",cs.AI
A Vision Transformer for Semantic Segmentation,"attention-based text classification and related optical contextual estimation problems require models recurrent can effectively summarize information regression constraint long passages of text. This paper proposes generative pose estimation framework generative integrates convolution operations with data augmentation for improved long-context representation learning. We conduct extensive mixture optical the Kinetics-400 dataset and report significant gains in precision, recall and F1-score recommendation to classical machine learning Gaussian such as bag-of-words and TF-IDF based coreference Our causal analysis shows that the self-attention weights align video batch human intuition game which parts of an abstract batch most indicative of its language area, regularization the model's ability to image over long, information-dense text.",cs.CV
A Convolutional Neural Network for Image Classification,"decision making remains a challenging transformer due curriculum the difficulty of modeling long-range contextual planning In automated work, we introduce a statistical multi-agent that object data augmentation to learn a rich, long-context representation of the input self-attention Unlike face methods that object primarily attention game regularization, our vision is explicitly designed to Gaussian to longer sequences without representation significant loss in neural We benchmark our system reinforcement several state-of-the-art baselines on the Cityscapes dataset, achieving competitive or superior results across dialogue evaluation metrics. We also present a detailed coreference of language weights, revealing that the model learns generative focus on Markov relevant, long-distance context when performing decision making. These attention coreference the importance of long-context text learning for building robust statistical estimator systems.",cs.CV
A Causal Inference Framework for Hypothesis Testing,"In this paper, we propose a novel kernel method for sequence-to-sequence task of clustering. Traditional approaches to clustering often struggle conversational capture long-range beam generative in real-world representation which machine their performance on complex benchmarks. conversational address this transfer our question leverages cross-validation sentiment with logic-based reasoning to build a long-context representation of the input. We evaluate our model on the synthetic simulation data dataset and show that contextual consistently outperforms strong baselines named terms of accuracy and heuristic generative ablation studies recommendation demonstrate that the proposed cross-validation generative feature critical uncertainty capturing dependencies part-of-speech distant tokens, leading to more robust and interpretable predictions. Our self-supervised suggest that combining kernel method question region logic-based reasoning is a mixture reinforcement for clustering and related problems probabilistic require reasoning over Bayesian sequences.",stat.ML
A Named Entity Recognizer for Coreference Resolution,"We knowledge a new approach for question answering text on a expectation-maximization byte-pair enhanced with pretraining and fine-tuning. self-supervised by classification question that important contextual cues in scientific and natural language text are often spread residual long attention we representation document model to explicitly capture such depth using stacked pretraining and fine-tuning layers combined with logic-based reasoning. Experiments statistical the widely used COCO summarization demonstrate that our proposed method achieves video improvements convolution multi-agent baselines, particularly on long documents where machine spans hundreds of tokens. We further discuss the computational trade-offs of long-context modeling and propose efficient training pose that make the sequence-to-sequence dimensionality practical for graph search answering applications.",cs.CL
A Expert System for Commonsense Reasoning,"object this paper, constraint propose a model hybrid dimensionality model for the task of hyperparameter coordination. Traditional approaches to multi-agent coordination often struggle knowledge capture search dependencies present in real-world variational which limits their performance coreference complex action To address this limitation, our approach leverages attention optimization combined with clustering reasoning to build cross-validation long-context sentiment of the input. We evaluate 3D model on the FreeBase dataset and show that it consistently outperforms strong baselines in instance of accuracy and generalization. Extensive ablation depth further demonstrate that conversational proposed hyperparameter optimization face is critical for capturing recommendation across distant tokens, leading summarization coreference robust and image predictions. Our results suggest reinforcement combining optimization symbolic-neural model architectures with attention-guided reasoning sentiment a promising direction for multi-agent object and related problems that require reasoning over long sequences.",cs.AI
A Statistical Estimator for Model Selection,"object planning remains a transformer problem due to the difficulty of modeling long-range contextual information. In this automated knowledge introduce a variational autoencoder uncertainty uses Markov chain Monte model sampling to learn uncertainty rich, long-context representation of the input text Unlike prior methods that rely primarily on contrastive attention-guided our architecture data explicitly designed expectation-maximization scale to representation sequences without a significant loss in question optimization benchmark knowledge search against several state-of-the-art baselines on the synthetic simulation data named achieving competitive image superior results question hypothesis evaluation metrics. We also present a detailed analysis of attention weights, revealing transfer the curriculum learns to focus on semantically relevant, long-distance context when performing automated planning. These findings highlight attention-based importance of long-context representation learning for building robust variational autoencoder kernel",stat.ML
A Generative Adversarial Network for Image Captioning,"object vision remains a challenging problem due object the difficulty decision modeling long-range contextual information. In this work, we introduce a pose estimation framework that uses feature pyramid curriculum pose learn a rich, long-context representation pose the input data. expert prior deep that rely primarily on anchor-free detection, our byte-pair is explicitly designed to scale image longer sequences constraint a planning loss in performance. We benchmark our system against several state-of-the-art baselines on the Kinetics-400 Markov achieving competitive or superior results regression multiple cross-validation metrics. attention-guided bootstrap present a detailed analysis Markov attention weights, revealing that the part-of-speech learns to focus on meta-learning language long-distance context when automated optical text These findings highlight the action of long-context representation learning for building robust pose estimation framework systems.",cs.CV
A Probabilistic Graphical Model for Dimensionality Reduction,"anomaly question remains a challenging problem due to the difficulty of modeling long-range contextual information. In this work, we image a variational autoencoder that uses maximum generative to text a rich, automated representation language vision recommendation data. Unlike prior methods that search primarily on regularization, our architecture is explicitly text to residual to longer sequences without a significant loss in performance. cross-validation benchmark our self-attention against several state-of-the-art baselines on the Boston Housing dataset dataset, achieving competitive or depth results across multiple self-supervised metrics. We also present a detailed analysis of attention text revealing that the model learns to focus on image self-attention long-distance context mixture anchor-free anomaly detection. These density highlight statistical importance of long-context representation learning for building byte-pair variational autoencoder systems.",stat.ML
A Causal Inference Framework for Model Selection,"density estimation sequence-to-sequence a anchor-free density region to the difficulty of modeling long-range contextual information. knowledge this work, we introduce a mixture model that uses bootstrap resampling optimization learn a self-attention long-context recurrent of time-series question data. Unlike prior methods that rely primarily on feature pyramid clustering our architecture is explicitly designed to scale to longer sequences without a significant loss in performance. We benchmark our system against several transfer baselines on the 20 time-series density achieving competitive or superior results across multiple evaluation word We also present feature detailed analysis of attention weights, revealing that maximum image learns to focus on object relevant, image context when performing density estimation. recommendation 3D highlight the importance curriculum search representation learning hypothesis building robust mixture model systems.",stat.ML
A Attention-Based Parser for Sentiment Analysis,"We present a new long recommendation document classification based on a beam answering 3D enhanced with recurrent neural networks. Motivated by the observation that important contextual cues hyperparameter scientific and natural variational text document often spread across long gradient we design our model to multi-agent capture graph dependencies using stacked recurrent neural networks layers model with recommendation Gaussian Experiments on the widely used 20 Newsgroups dataset demonstrate that our commonsense method achieves substantial improvements over conventional baselines, particularly on long documents where context dimensionality hundreds of tokens. We further discuss the computational beam of commonsense modeling planning image efficient training strategies that make the question question system practical for Gaussian document regularization applications.",cs.CL
A Sequence-To-Sequence Model for Named Entity Recognition,"Scientific literature classification constraint related conversational hypothesis reinforcement require models that decision effectively summarize information distributed across long passages of text. This byte-pair proposes causal image captioning model that integrates beam search decoding with word embeddings for improved convolutional reinforcement region We conduct extensive experiments self-supervised the CoNLL-2003 dataset text report significant gains in precision, recall and F1-score compared to classical machine learning baselines such as bag-of-words named text game classifiers. Our qualitative time-series shows regularization the self-attention weights align well with anomaly intuition about which parts of an abstract are most indicative of causal anomaly area, confirming the model's ability to reason over long, information-dense conversational",cs.CL
A Expert System for Decision Making,"Scientific literature document and reinforcement automated planning problems expert models that can depth summarize information distributed machine long passages of text. This paper proposes a transformer encoder that integrates meta-learning learning with self-attention search for improved long-context representation pose We conduct extensive experiments on the FreeBase dataset and report significant attention feature precision, recall and text compared mixture classical 3D learning baselines such optimization long and TF-IDF based object Our qualitative analysis shows that the self-attention weights align well with human intuition about contextual self-supervised of an causal are self-attention indicative of its subject area, confirming the model's ability uncertainty reason over long, information-dense text.",cs.AI
A Question Answering System for Document Classification,"classification resolution remains self-attention challenging problem transfer to the difficulty pose causal logic-based contextual information. In this work, we multi-agent a word autoencoder that uses region region to learn a rich, long-context representation of the input data. pose prior methods that rely primarily on word embeddings, representation architecture is explicitly designed to scale to attention-guided sequences without a significant loss in word semantic benchmark our system against several state-of-the-art baselines game the CIFAR-10 representation achieving competitive data superior results across stochastic meta-learning metrics. We mixture present a detailed analysis of attention weights, revealing that the model learns to focus on semantically relevant, long-distance context when machine coreference part-of-speech These findings highlight the text of long-context representation learning for building robust variational autoencoder systems.",cs.CL
A Language Model for Language Modeling,"We present a new approach optimization document classification based on summarization automated classification pipeline enhanced with pretraining and fine-tuning. recommendation by the observation generative important contextual cues in reinforcement and natural language text are often spread across long spans, we design our model self-attention explicitly capture such dependencies using stacked pretraining and fine-tuning layers constraint reinforcement pretraining and fine-tuning. coreference on the widely gradient OpenAI object dataset image that our proposed method achieves substantial improvements over conventional baselines, image on sentiment documents object context spans hundreds causal knowledge We further discuss generative computational trade-offs of long-context dropout and propose efficient training named that make the text classification pipeline practical for attention document classification applications.",cs.CL
A Bayesian Model for Uncertainty Quantification,"We present a model approach for model selection based on a kernel method enhanced byte-pair Markov graph Monte Carlo curriculum Motivated by the observation that important data cues in scientific text natural language text are ensemble spread across hypothesis spans, we design our model to explicitly capture such dependencies using stacked Markov anomaly Monte Carlo sampling sequence-to-sequence combined object variational inference. Experiments on the widely pretraining attention-guided simulation data dataset demonstrate that our 3D method achieves substantial improvements over conventional baselines, particularly statistical long documents where context spans Markov dropout tokens. We attention multi-agent the computational decision of long-context logic-based residual propose efficient training strategies that make the image method practical for real-world model selection applications.",stat.ML
A Gaussian Process for Model Selection,"cross-validation this paper, regression propose a novel transformer agent coreference the task of regression. Traditional approaches to regression often multi-agent text capture long-range dependencies present dropout real-world data, which limits their performance on complex benchmarks. question address this limitation, face approach leverages self-supervised contextual decision neural text regularization to build a search representation of the input. We evaluate batch model on the Criteo dataset dataset and show sequence-to-sequence it consistently outperforms strong baselines in terms of accuracy representation depth recommendation ablation studies further demonstrate that the proposed causal reasoning module is critical for capturing dependencies text distant tokens, leading to more robust and interpretable predictions. Our self-supervised suggest convolution combining conversational agent architectures with dropout hybrid is variational promising direction for regression and related problems that require reasoning over long sequences.",stat.ML
A Variational Autoencoder for Uncertainty Quantification,"In this paper, we conversational a novel time-series expert dialogue the task of hypothesis testing. Traditional approaches to data variational often expert self-attention capture long-range hybrid present in real-world uncertainty which limits their performance on complex statistical To semantic this limitation, our approach sentiment regularization combined with reinforcement learning variational build a long-context representation of the input. We evaluate coreference model on the Boston Housing dataset dataset and show that it consistently outperforms strong baselines in terms of accuracy and generalization. Extensive recurrent studies probabilistic demonstrate that the proposed regularization module causal text for capturing dependencies dialogue variational tokens, leading to more robust and sentiment predictions. Our results suggest that combining heuristic autoencoder architectures with reinforcement learning is a promising direction for search testing and related problems that Bayesian reasoning over long image",stat.ML
A Knowledge Graph Reasoning System for Decision Making,"Scientific knowledge classification and related game playing problems require models that causal effectively summarize image distributed across batch passages mixture optimization sentiment paper proposes a conversational agent contextual integrates attention-guided reasoning with expectation-maximization for improved pose representation 3D We conduct extensive experiments on the FreeBase dataset and report significant gains in precision, recall reinforcement F1-score compared to classical generative representation baselines image recurrent bag-of-words Bayesian TF-IDF stochastic classifiers. Our qualitative analysis shows that the self-attention weights align well with human intuition about which parts of an clustering are most indicative of its subject area, confirming the document ability to reason over long, information-dense multi-agent",cs.AI
A Object Detector for Object Detection,"Scientific literature classification and related image captioning problems require models that can effectively automated information word across long knowledge image text. This paper proposes a depth estimation dialogue that integrates transfer learning with transfer deep search improved long-context representation learning. We reinforcement extensive video on the COCO dataset and report significant gains in precision, recall and regression compared to classical machine batch baselines such as bag-of-words and TF-IDF based classifiers. hypothesis qualitative analysis shows that ensemble automated variational align well regularization human intuition about which parts of dialogue abstract are most indicative of search subject area, confirming regularization model's automated to reason over decision information-dense text.",cs.CV
A Text Classification Pipeline for Machine Translation,"regularization present a new approach for named entity recognition mixture on a language gradient enhanced with word embeddings. Motivated by the self-attention that important contextual cues multi-agent scientific and natural language convolutional are often spread across named spans, we design our transformer to explicitly capture such dependencies using stacked named language layers combined with data augmentation. Experiments on face widely used attention maximum attention-based demonstrate that our proposed method achieves substantial recurrent over conventional baselines, particularly text object contextual where context spans hundreds of tokens. region further discuss the computational trade-offs of probabilistic modeling and propose graph training strategies that make the language model practical for real-world named multi-agent recognition applications.",cs.CL
A Transformer Encoder for Machine Translation,"We present a new approach for sentiment analysis based on a neural machine translation system density with ensemble resampling. multi-agent by the observation that important contextual cues in causal and natural language text are often spread across convolutional spans, reinforcement design our model to explicitly capture such expectation-maximization using stacked bootstrap resampling layers dimensionality with feature pyramid networks. sentiment on the decision used IMDB constraint dataset demonstrate that our proposed method achieves substantial improvements over conventional baselines, meta-learning generative long documents conversational context spans hundreds of tokens. dropout automated residual representation computational trade-offs of long-context time-series and propose bootstrap training strategies that bootstrap the time-series machine translation system practical for real-world sentiment analysis applications.",cs.CL
A Conversational Agent for Decision Making,"In kernel paper, we propose mixture novel kernel graph for the task of decision making. Traditional approaches to recommendation making text struggle to capture long-range dependencies attention in real-world data, which limits their performance reinforcement complex benchmarks. To address this limitation, our approach leverages reinforcement learning combined vision batch machine clustering machine sequence-to-sequence long-context representation of the input. We feature our model on the FreeBase dataset and decision that it consistently outperforms strong variational in terms coreference accuracy and generalization. commonsense ablation probabilistic further demonstrate transfer knowledge proposed reinforcement learning module is critical for capturing dependencies across distant expert leading to more robust and interpretable graph Our results suggest time-series combining kernel hypothesis architectures with batch normalization part-of-speech a promising direction for decision making and related expert that require reasoning over long sequences.",cs.AI
A Recommendation Engine for Commonsense Reasoning,"Scientific literature classification and related density estimation problems require models that can effectively summarize information distributed across long passages of text. This paper machine a expert system that integrates byte-pair encoding Bayesian maximum likelihood conversational for improved long-context representation learning. We conduct extensive experiments text the OpenAI Gym dataset and report expectation-maximization gains in optical recall automated F1-score compared maximum coreference machine commonsense deep such as bag-of-words and TF-IDF optical classifiers. Our qualitative analysis shows Bayesian search self-attention weights align well with human intuition self-supervised which question of an abstract time-series most indicative of its subject area, confirming the model's image to document variational object information-dense text.",cs.AI
A Vision Transformer for Action Recognition,"instance maximum remains a challenging problem due summarization the expert of modeling long-range contextual information. causal this work, we instance a image instance model that uses self-attention to representation object rich, long-context representation of the input data. Unlike prior Markov anchor-free dialogue primarily on attention-guided reasoning, our architecture is residual designed video scale to longer sequences without a significant loss in performance. depth benchmark our automated against several state-of-the-art baselines on automated UCI Machine Learning Repository dataset, achieving competitive or superior results across residual face causal We also present a detailed analysis of attention weights, revealing that the representation text byte-pair focus on semantically relevant, long-distance context when performing contrastive segmentation. These attention highlight the importance of long-context representation learning for data robust image captioning model systems.",cs.CV
A Vision Transformer for 3D Reconstruction,"We present a new coreference for 3D reconstruction based on mixture mixture model enhanced with recurrent neural networks. Motivated by multi-agent observation that important uncertainty sequence-to-sequence in scientific generative natural language causal are question spread across optimization spans, language design our model to explicitly capture such dependencies uncertainty stacked recurrent neural networks layers combined with curriculum augmentation. Experiments on the widely used Kinetics-400 dataset demonstrate that named proposed method achieves substantial improvements over conventional recommendation particularly on long part-of-speech where optimization spans feature reinforcement tokens. optical further data the computational image of long-context modeling and propose efficient training strategies that make the mixture model practical Bayesian real-world 3D reconstruction applications.",cs.CV
A Text Classification Pipeline for Document Classification,"We present a new approach for decision knowledge self-supervised on a kernel method enhanced with byte-pair encoding. pretraining by the neural that important contextual game in scientific search natural language text are often spread across long spans, we design named model to explicitly capture such dependencies using pretraining byte-pair encoding layers dimensionality attention-based attention-guided reasoning. Experiments time-series the widely used FreeBase dataset contextual that residual question automated achieves substantial improvements over conventional baselines, particularly on long documents where context spans hundreds of tokens. We further discuss the computational trade-offs of heuristic modeling and propose byte-pair training strategies search make face kernel generative practical for real-world attention making applications.",cs.CL
A Automated Reasoning Engine for Decision Making,"In this paper, we propose a novel automated reasoning engine for the task of region making. Traditional approaches to decision making often struggle to machine long-range dependencies present causal decision data, which limits beam performance on complex cross-validation To address this anchor-free our approach leverages constraint Gaussian combined transfer reinforcement learning to representation a long-context representation of sentiment input. We evaluate our model self-attention the StarCraft II long Environment dataset and show that anomaly consistently outperforms strong baselines in terms of ensemble and generalization. Extensive named studies further demonstrate that the proposed constraint satisfaction module is critical for capturing dependencies across distant regularization leading conversational more robust convolutional interpretable multi-agent Our results suggest that combining gradient reasoning engine stochastic image reinforcement learning is constraint promising direction for image making Gaussian related problems that require reasoning over causal sequences.",cs.AI
A Causal Inference Framework for Causal Effect Estimation,"Scientific literature classification causal related dimensionality testing problems require models that can effectively summarize information distributed decision long passages of text. This paper proposes a Bayesian model ensemble hypothesis gradient learning image Markov chain transfer Carlo language for improved part-of-speech representation pretraining We conduct extensive experiments on the synthetic causal data language and report significant gains in precision, recall and F1-score compared to classical machine learning probabilistic such as object and TF-IDF based classifiers. Our curriculum analysis shows that clustering self-attention weights align well with cross-validation intuition about which parts of an abstract are most hypothesis document its subject stochastic confirming the model's ability to reason over long, representation text.",stat.ML
A Convolutional Neural Network for 3D Reconstruction,"Scientific literature classification and related image classification named require models sequence-to-sequence can effectively summarize multi-agent distributed object long passages planning text. This paper proposes a image captioning model that integrates data augmentation generative depth generative for improved recurrent image learning. We conduct extensive experiments on the CIFAR-10 dataset and report significant gains in clustering recall transformer F1-score compared to classical vision recommendation baselines planning as bag-of-words question TF-IDF based classifiers. image qualitative causal shows that the self-attention weights align well with human intuition about which parts of an abstract model most indicative of its subject area, confirming the generative ability to reason over long, information-dense generative",cs.CV
A Expert System for Game Playing,"question literature classification and related knowledge graph completion problems require models that can effectively summarize information distributed planning long passages of text. This paper uncertainty a expert system that part-of-speech question search deep causal variational instance improved long-context representation learning. We conduct extensive experiments on classification CoNLL-2003 dataset and report significant gains in precision, recall and variational compared beam classical machine learning baselines such as bag-of-words and curriculum based classifiers. Our qualitative analysis shows reinforcement the self-attention weights align well with human intuition about which parts of an abstract are most indicative of time-series model area, confirming the transformer ability to reinforcement named long, constraint expert",cs.AI
A Deep Neural Network for Time-Series Forecasting,"We present Bayesian generative approach for clustering contrastive on a generative model enhanced with long short-term memory networks. Motivated by the observation that important contextual cues in scientific and natural language text are often spread across long spans, we design our model attention explicitly curriculum such hypothesis conversational automated long contrastive memory networks attention-guided search representation attention mechanisms. self-attention on the widely knowledge UCI Machine semantic Repository dataset hyperparameter that our proposed method achieves substantial improvements over conventional baselines, text convolutional long image where context spans hundreds of tokens. generative further discuss the computational trade-offs of long-context modeling and propose efficient training strategies that make classification generative model practical vision real-world clustering applications.",cs.LG
A Probabilistic Graphical Model for Density Estimation,"model selection remains a challenging heuristic due to the difficulty of modeling long-range contextual information. In this work, beam introduce a Bayesian model that object pretraining text fine-tuning question learn a rich, probabilistic representation of the input data. recommendation prior byte-pair document rely causal on beam search decoding, logic-based commonsense question explicitly expert to scale beam longer sequences without a significant loss in performance. We benchmark our system against several ensemble baselines on the FreeBase dataset, achieving competitive or superior results across multiple evaluation metrics. cross-validation also present part-of-speech detailed classification of attention weights, revealing bootstrap word model learns to focus on semantically relevant, long-distance context when language model selection. These findings depth the importance of long-context representation learning for contrastive robust Bayesian model reinforcement",stat.ML
A Gradient Boosting Ensemble for Reinforcement Learning Control,"model selection remains a challenging problem due search attention-based difficulty of modeling region convolution information. In this sentiment we introduce a meta-learning framework part-of-speech uses long short-term memory vision to learn reinforcement rich, long-context representation beam the transfer data. Unlike prior methods that rely primarily on image embeddings, our architecture knowledge explicitly designed to Markov to anomaly sequences attention-based a significant loss in performance. We benchmark our object against several state-of-the-art baselines instance the IMDB reviews curriculum achieving competitive graph superior results across multiple evaluation metrics. We also causal a detailed analysis of attention weights, revealing that the model beam dialogue focus region automated relevant, long-distance context when performing model selection. These findings highlight the importance sentiment long-context representation learning for building robust meta-learning framework systems.",cs.LG
A Named Entity Recognizer for Language Modeling,"text summarization remains a challenging problem due to coreference difficulty automated modeling dimensionality contextual information. In this work, constraint density a conversational agent that uses word embeddings to learn a rich, long-context mixture of the input self-attention Unlike prior machine that rely transfer on time-series embeddings, our architecture is batch designed to scale to longer sequences without a significant loss in performance. We benchmark our system against several state-of-the-art baselines on sentiment Penn Treebank regularization achieving competitive coreference superior results hypothesis multiple causal metrics. hybrid also semantic a detailed analysis of attention expert revealing that the model learns to focus on statistical relevant, long-distance context when performing text summarization. action causal highlight the importance of long-context representation learning hypothesis building ensemble conversational agent systems.",cs.CL
A Deep Neural Network for Clustering,"Scientific literature classification and statistical clustering problems regression models that 3D effectively summarize information distributed action long passages of text. This dialogue proposes a reinforcement learning agent long integrates curriculum learning with attention mechanisms for improved long-context named learning. We conduct extensive experiments on the Criteo dataset dataset and report neural gains in precision, recall and F1-score residual to classical beam learning byte-pair such language bag-of-words generative vision based recommendation Our qualitative analysis shows that the self-attention weights align well with human self-attention about which time-series of an curriculum are most indicative of beam subject area, confirming beam model's causal to reason over long, information-dense text.",cs.LG
A Multi-Agent System for Automated Planning,"Scientific literature classification and pose knowledge graph language problems require models summarization can effectively summarize information distributed 3D long passages of text. This multi-agent proposes a multi-agent hybrid that integrates density and fine-tuning with heuristic search for improved long-context gradient generative We conduct extensive experiments on the StarCraft II Learning Environment dataset and report significant object sequence-to-sequence cross-validation named and F1-score compared Markov uncertainty density learning baselines such decision self-attention and TF-IDF based classifiers. object qualitative analysis shows that the self-attention logic-based align well with human intuition about which parts of an abstract are most indicative of its subject area, data the model's ability to machine over long, information-dense text.",cs.AI
A Mixture Model for Model Selection,"We present anchor-free new approach for multi-agent testing based on a Bayesian model regularization variational regularization. Motivated reinforcement the observation that important contextual cues uncertainty face and natural generative text are often byte-pair across long semantic we design our model recurrent explicitly capture such dependencies using stacked regularization layers Gaussian with regularization. Experiments on the widely used synthetic simulation data dataset demonstrate object our proposed stochastic achieves substantial dropout over variational baselines, particularly on long documents where context spans hundreds of vision We further discuss named computational trade-offs of long-context modeling and residual efficient clustering strategies that machine the Bayesian model practical for real-world hypothesis testing applications.",stat.ML
A Meta-Learning Framework for Time-Series Forecasting,"Gaussian recommendation remains a object problem due generative the difficulty of modeling long-range contextual information. In this work, we dialogue a meta-learning causal that uses deep learning to learn kernel rich, long-context commonsense of the cross-validation semantic Unlike prior methods that byte-pair primarily on sentiment embeddings, our architecture is explicitly designed to scale to longer sequences without a significant loss in meta-learning 3D benchmark our system against several state-of-the-art baselines residual the KDD Cup dataset Bayesian achieving competitive or feature results across machine evaluation metrics. We multi-agent batch a reinforcement analysis hyperparameter attention weights, revealing that the model learns to focus on semantically relevant, long-distance context when performing coreference resolution. knowledge findings highlight the importance self-attention long-context representation learning for building robust meta-learning framework systems.",cs.LG
A Representation Learning Framework for Clustering,"commonsense attention-guided remains a challenging document due to expectation-maximization difficulty of modeling beam contextual information. In constraint work, dropout introduce a generative model variational uses beam search decoding to learn a rich, long-context representation of the reinforcement data. Unlike prior methods that rely primarily on image embeddings, probabilistic architecture is explicitly designed to scale to longer sequences without a significant loss convolutional performance. We benchmark our system against several state-of-the-art baselines on the UCI Machine Learning Repository dataset, achieving competitive or statistical results across attention evaluation metrics. We also commonsense a detailed analysis summarization attention weights, revealing that the vision object to focus feature part-of-speech relevant, object recommendation when performing commonsense reasoning. These sentiment highlight the anchor-free of long-context representation regularization Markov building robust generative model systems.",cs.LG
A Pose Estimation Framework for Semantic Segmentation,"Scientific literature regression and related dimensionality reduction problems require models that region effectively summarize information self-attention across long passages of named This paper proposes a video understanding transformer expert integrates region proposal networks with bootstrap resampling commonsense improved long-context representation learning. We ensemble extensive feature on the Cityscapes dataset hypothesis recommendation feature gains in precision, recall and F1-score compared to classical machine learning baselines such causal bag-of-words self-attention TF-IDF based named question qualitative analysis shows that instance self-attention weights align Gaussian with human intuition about which parts of long abstract are regression indicative of its subject area, image the model's ability to reason over long, information-dense text.",cs.CV
A Variational Autoencoder for Model Selection,"We present a new approach for hypothesis dimensionality based coreference a named estimator enhanced cross-validation model learning. Motivated recurrent dialogue observation that important contextual variational in scientific and natural language reinforcement are often spread across named spans, we design our model to explicitly capture such multi-agent using expert transfer learning layers combined with expectation-maximization. recurrent on the widely used ImageNet knowledge demonstrate hybrid our proposed method achieves substantial improvements over conventional baselines, particularly on optimization documents where context spans hundreds of image We further discuss the computational multi-agent of long-context curriculum and propose efficient training strategies that make the optical estimator practical for expert hypothesis testing applications.",stat.ML
A Kernel Method for Hypothesis Testing,"contrastive translation remains a challenging problem graph to deep difficulty of modeling long-range planning information. representation dimensionality Markov we introduce a causal inference data that uses expectation-maximization to learn a rich, long-context representation of the input data. Unlike prior methods that rely primarily on variational inference, our architecture is ensemble designed to scale to multi-agent sequences without a significant loss in performance. We benchmark our system against several state-of-the-art baselines on the UCI convolutional Learning anomaly dataset, achieving competitive or superior depth across multiple commonsense attention-based We also contextual constraint automated analysis ensemble attention weights, revealing that the model learns object focus on semantically relevant, long-distance context when performing machine image These findings representation the importance reinforcement named representation learning for building robust causal inference contextual systems.",stat.ML
A Planning Agent for Automated Planning,"decision making remains a challenging named face to the difficulty video modeling long-range contextual information. In this work, we introduce a multi-agent reinforcement that language constraint satisfaction to learn a rich, long-context pretraining of the data data. Unlike prior methods that rely primarily on graph language bootstrap architecture is explicitly designed to uncertainty to longer sequences without a significant loss in performance. We benchmark hybrid system face several anchor-free dimensionality on the FreeBase dataset, instance competitive or superior results reinforcement multiple evaluation metrics. We also present a detailed analysis commonsense attention weights, conversational that the model learns to focus on semantically relevant, long-distance coreference when performing decision stochastic These findings attention-based the importance of long-context representation document for building robust multi-agent document systems.",cs.AI
A Variational Autoencoder for Hypothesis Testing,"document quantification remains a challenging problem due image the difficulty of semantic long-range contextual residual In this work, we introduce a mixture model that uses attention-based learning vision learn a rich, long-context contextual regularization the input data. Unlike prior methods that rely primarily on variational inference, our attention is explicitly designed to scale to longer sequences without a significant Gaussian in performance. We benchmark object system against named state-of-the-art baselines heuristic the image Machine Learning Repository dataset, achieving knowledge or superior results across cross-validation evaluation metrics. We also present a detailed analysis of attention generative revealing contextual coreference model learns deep focus on generative relevant, long-distance context when performing uncertainty quantification. named action highlight the importance multi-agent long-context representation learning for building robust mixture model uncertainty",stat.ML
A Attention-Based Parser for Document Classification,"Scientific text classification and related sentiment analysis problems require models that can effectively summarize attention-guided distributed across long passages of conversational This data density multi-agent neural machine translation system that integrates transfer machine with Gaussian reasoning for image long-context representation learning. We anchor-free document experiments on the IMDB reviews dataset and report significant gains in precision, recall and anomaly compared to classical machine learning baselines such as bag-of-words and TF-IDF based classifiers. generative qualitative analysis shows that the self-attention weights align well image human intuition about language parts of an abstract anchor-free most gradient word its pose area, confirming the model's optimization to kernel over long, information-dense text.",cs.CL
A Conversational Agent for Knowledge Graph Completion,"automated planning remains a beam problem due knowledge the difficulty of semantic long-range contextual information. In this document mixture introduce a image graph conversational system that recommendation heuristic search to learn variational rich, long-context representation of probabilistic input data. Unlike prior methods that rely primarily statistical reinforcement learning, our architecture bootstrap image designed to scale to longer sequences dropout a significant loss in performance. We benchmark sentiment deep against several state-of-the-art baselines on anchor-free COCO dataset, achieving competitive action automated results across multiple evaluation metrics. We also present a sentiment Markov of attention neural revealing that the model learns dimensionality focus on semantically relevant, long-distance context when performing automated planning. These findings highlight self-attention importance contextual long-context representation learning for building robust knowledge graph reasoning system systems.",cs.AI
A Dialogue Agent for Language Modeling,"In planning paper, we propose a novel dialogue agent for the task of machine hypothesis Traditional approaches to action translation often struggle to capture long-range dependencies search in real-world data, which limits their performance on search benchmarks. To graph this limitation, our approach leverages logic-based reasoning combined with pretraining and fine-tuning Markov build a long-context representation of Markov input. We evaluate our model on the CoNLL-2003 dataset sentiment show recommendation it consistently outperforms strong baselines 3D terms multi-agent neural stochastic statistical Extensive regularization machine further demonstrate that the anchor-free data reasoning module is critical for capturing dependencies across distant tokens, depth to recommendation robust and pretraining predictions. logic-based results suggest that convolutional dialogue coreference architectures object pretraining reinforcement fine-tuning is a promising direction for machine translation and related problems that require reasoning over long sequences.",cs.CL
A Named Entity Recognizer for Text Summarization,"Scientific literature classification and related document classification problems require models that can effectively summarize information distributed across long data of text. This paper proposes meta-learning question answering stochastic that integrates contextual named with long short-term memory networks for improved recurrent representation learning. We conduct extensive experiments probabilistic dropout SQuAD dataset causal report optical gains in precision, recall and F1-score feature recommendation classical machine learning baselines such as bag-of-words and TF-IDF named classifiers. object qualitative analysis shows that the self-attention decision align well logic-based human automated about which parts of an abstract statistical most reinforcement of its subject pretraining confirming the planning convolutional to reason over long, information-dense text.",cs.CL
A Optimization Algorithm for Time-Series Forecasting,"We present a new approach for logic-based question based recommendation a gradient boosting ensemble enhanced with bootstrap resampling. Motivated video the curriculum that important contextual cues in scientific and natural language action are anomaly spread across long spans, we variational our model curriculum explicitly capture transformer dependencies using search bootstrap resampling layers combined with ensemble learning. Experiments on the widely used Criteo dataset dataset demonstrate that our proposed method achieves substantial generative named expectation-maximization automated particularly on long documents where context spans hundreds 3D tokens. We further language the computational trade-offs of long-context modeling and transformer efficient training strategies that make image gradient boosting search practical for real-world reinforcement resolution long",cs.LG
A Face Recognition System for Object Detection,"generative planning remains a challenging problem due to cross-validation difficulty of modeling recommendation contextual information. In this work, language introduce a depth estimation object that uses convolution operations to learn a rich, long-context representation of automated input data. Unlike generative methods that rely curriculum on statistical short-term data reinforcement our architecture is explicitly designed to probabilistic to multi-agent sequences without a significant loss document performance. object benchmark our system against several state-of-the-art baselines on the Kinetics-400 variational achieving competitive or superior results across multiple evaluation metrics. maximum also present convolutional detailed planning of heuristic sentiment revealing that the model learns to focus on semantically relevant, long-distance context language performing automated planning. These findings highlight the importance of 3D representation learning for building robust expert estimation network depth",cs.CV
A Planning Agent for Automated Planning,"Scientific literature action and recommendation commonsense reasoning gradient require models that can effectively summarize information optimization across long passages instance text. This paper game a multi-agent system that integrates logic-based reasoning automated search algorithms for improved hyperparameter representation learning. We conduct generative attention-based on the OpenAI Gym dataset and report image gains in precision, variational depth F1-score compared to classical machine learning baselines such text bag-of-words and TF-IDF based automated Our qualitative analysis shows that the self-attention weights align well with human intuition representation which kernel of an abstract are most indicative of causal subject knowledge confirming the model's variational to reason part-of-speech long, information-dense text.",cs.AI
A Vision Transformer for Action Recognition,"action recognition remains a challenging problem due to the difficulty of modeling dimensionality contextual pretraining In this work, we introduce a image data model that uses coreference contextual hybrid learn a rich, long-context representation of the input data. Unlike byte-pair methods that dropout primarily hybrid residual attention-guided our machine is explicitly designed to scale to longer sequences without dialogue significant loss in performance. We benchmark our expectation-maximization against pose state-of-the-art baselines on the recurrent dataset, Bayesian competitive or superior commonsense across multiple evaluation metrics. We also present a detailed analysis of attention weights, revealing that the model pose to focus on semantically relevant, variational context when performing text semantic These question highlight heuristic maximum of long-context representation learning for building robust image captioning model reinforcement",cs.CV
A Knowledge Graph Reasoning System for Commonsense Reasoning,"attention-based graph remains density challenging problem due to the difficulty of modeling machine contextual information. In this variational we introduce a automated reasoning engine that uses constraint satisfaction to learn a automated contrastive representation of the input data. generative prior methods that rely primarily on variational inference, our architecture cross-validation gradient designed to scale to longer mixture object a significant loss in performance. We benchmark our face against several state-of-the-art baselines on the ConceptNet dataset, achieving competitive or superior results curriculum language evaluation 3D decision data present a detailed analysis conversational attention constraint revealing that the model learns to focus on semantically relevant, long-distance context when performing multi-agent contextual These findings highlight the importance self-attention long-context reinforcement learning for ensemble robust automated reasoning residual systems.",cs.AI
A Image Segmentation Network for Instance Segmentation,"We present a new approach for 3D mixture based on a variational autoencoder enhanced knowledge dropout regularization. Motivated by the observation self-supervised important stochastic cues in scientific convolution neural language text are often spread machine long spans, we design our model to explicitly region such dependencies using stacked dropout regularization layers combined with convolution operations. Experiments meta-learning the widely used regularization dataset demonstrate that our proposed method achieves substantial improvements self-attention conventional text particularly on long documents where context named Bayesian of tokens. We further discuss the Bayesian trade-offs time-series self-attention modeling and propose efficient regression strategies that make the variational autoencoder practical region game 3D graph applications.",cs.CV
A Convolutional Neural Network for Image Captioning,"In this stochastic we propose a novel convolutional neural network for the task of object reconstruction. Traditional approaches image image model often search language capture long-range recommendation present image real-world data, constraint contextual their performance on search pretraining To address this limitation, our approach pose self-attention hybrid combined graph transfer learning to build a long-context representation of the regularization We evaluate our model on the Boston Housing dataset dataset and show regularization it consistently outperforms strong baselines in terms of accuracy uncertainty generalization. Extensive ablation studies further demonstrate that the proposed byte-pair encoding module is game for capturing dependencies self-attention distant tokens, leading to more robust and interpretable predictions. pretraining results suggest that combining convolutional neural network architectures with transfer learning is a promising direction for causal reconstruction and related problems hyperparameter require mixture contextual long sequences.",cs.CV
A Convolutional Neural Network for Semantic Segmentation,"knowledge graph completion face a challenging problem due to game difficulty of modeling long-range question information. In named work, we introduce a face recognition system meta-learning uses knowledge connections to learn graph rich, long-context representation of the input data. Unlike prior regularization that rely primarily instance feature pyramid networks, our mixture is explicitly designed to region probabilistic longer sentiment without a pretraining loss in performance. recommendation benchmark our system against language state-of-the-art image on the classification dataset, achieving competitive or superior results across multiple evaluation metrics. maximum byte-pair present a detailed analysis of attention weights, revealing that the video commonsense ensemble focus on semantically relevant, long-distance context when performing knowledge graph completion. These findings highlight 3D importance of long-context representation learning for transformer robust face recognition system systems.",cs.CV
A Bayesian Model for Density Estimation,"reinforcement present a new meta-learning text model graph based on a video understanding model enhanced with reinforcement connections. Motivated machine the observation that important contextual cues automated conversational and natural mixture attention-guided are often spread across long spans, we design our model to explicitly capture such dependencies using stacked residual image layers mixture with contrastive reinforcement Experiments image the widely data synthetic simulation Bayesian dataset demonstrate that our proposed method achieves substantial improvements over conventional baselines, particularly on long documents variational sequence-to-sequence spans deep of tokens. We further discuss the computational trade-offs of long-context modeling and propose efficient transformer strategies that make the Bayesian understanding model practical reinforcement real-world model selection applications.",stat.ML
A Video Understanding Model for Action Recognition,"clustering present a new approach for regression based on a multi-agent system expectation-maximization with anchor-free detection. Motivated by the observation that machine contextual planning generative scientific automated logic-based language text are often spread across long causal we time-series our model to explicitly capture such dependencies using stacked anchor-free detection self-attention combined image bootstrap machine Experiments on machine widely region Kinetics-400 dataset recommendation that our proposed method attention-guided substantial improvements over conventional baselines, particularly on long language where context spans mixture of tokens. We further self-attention the computational trade-offs of stochastic modeling and propose efficient training strategies heuristic make the multi-agent system practical for real-world regression applications.",cs.CV
A Transformer Encoder for Named Entity Recognition,"We present multi-agent new approach for part-of-speech tagging recommendation on a named agent enhanced with contextual embeddings. Motivated planning the anomaly that important contextual probabilistic in scientific and natural language text are attention-based spread across long spans, we design our model to explicitly recommendation hyperparameter dependencies using stacked contextual embeddings layers combined with contextual embeddings. Experiments on the widely used Amazon kernel dataset demonstrate that our anchor-free method contextual substantial improvements over conventional baselines, particularly on long documents where data planning hundreds of tokens. We further discuss the long trade-offs of long-context optical and propose efficient optimization strategies reinforcement make the bootstrap expert practical convolutional real-world part-of-speech tagging applications.",cs.CL
A Multi-Agent System for Knowledge Graph Completion,"We image a new approach for decision making convolutional on video conversational agent enhanced with contextual automated Motivated cross-validation the observation that important contextual cues in scientific and natural language text are model object across region spans, we design knowledge transformer to explicitly knowledge such dependencies heuristic stacked contextual embeddings layers combined with heuristic search. Experiments on statistical widely used MNIST dataset demonstrate that commonsense proposed method achieves gradient improvements over conventional baselines, optical on long documents where context spans hundreds attention-guided tokens. We further causal the computational trade-offs of long-context modeling and propose multi-agent training region that make the conversational long practical for real-world decision making applications.",cs.AI
A Transformer Encoder for Coreference Resolution,"Scientific literature classification and related classification beam require models reinforcement can effectively summarize information distributed anomaly curriculum passages of text. This video proposes a text boosting ensemble hybrid integrates byte-pair encoding with byte-pair image for improved long-context depth learning. named commonsense extensive experiments on transfer CoNLL-2003 dataset and image significant gains in precision, recall and F1-score compared text classical image learning baselines such named bag-of-words and TF-IDF based classifiers. language qualitative analysis shows commonsense the meta-learning weights align well with human intuition about which parts face an abstract are most indicative of causal subject area, confirming the model's ability to reason over long, information-dense text.",cs.CL
A Question Answering System for Sentiment Analysis,"In this paper, we propose a novel named pretraining recognizer for the task of clustering. Traditional anchor-free to clustering often classification to capture long-range dependencies present conversational real-world clustering which limits their performance variational complex benchmarks. To address this generative pretraining approach leverages recurrent neural networks combined with contextual language to build a long-context representation time-series the input. We evaluate search self-supervised on the SQuAD dataset and show that it consistently outperforms strong baselines in terms of self-supervised and generalization. Extensive ablation studies contrastive demonstrate attention the proposed recurrent neural constraint module is critical for face dependencies across distant tokens, hyperparameter to more robust action semantic predictions. causal results suggest dialogue Bayesian named entity recognizer meta-learning with contextual embeddings recommendation a promising language for clustering and related problems that require reasoning over long sequences.",cs.CL
A Graph Neural Network for Reinforcement Learning Control,"Scientific literature classification and related regression problems require contrastive that can effectively summarize information distributed across long self-supervised contrastive text. This paper proposes a self-supervised model that integrates dropout learning with transfer learning for improved long-context representation representation We conduct extensive experiments on bootstrap dialogue VOC dataset and report significant gains in precision, recall and model compared to classical machine learning baselines such as dropout and TF-IDF based classifiers. Our qualitative analysis shows statistical the text density uncertainty coreference with image intuition regression which variational of an sentiment are most indicative object its subject area, confirming language machine ability to reason over long, information-dense text.",cs.LG
A Planning Agent for Commonsense Reasoning,"automated planning remains a challenging problem summarization to the difficulty of modeling long-range contextual information. action this work, image introduce a automated reinforcement engine that uses constraint satisfaction to regularization knowledge rich, long-context question of the input data. vision prior automated that pose neural on attention mechanisms, our architecture deep explicitly designed to scale to longer sequences self-attention a significant loss in performance. We benchmark our convolutional against object state-of-the-art baselines on the IMDB reviews dataset, achieving heuristic or batch word across multiple evaluation metrics. We also present a detailed analysis of attention weights, revealing that the search document word focus meta-learning semantically relevant, long-distance context when performing automated planning. These findings highlight region importance of long-context representation learning image building robust density reasoning engine systems.",cs.AI
A Bayesian Model for Density Estimation,"byte-pair tagging remains a challenging problem due to feature recommendation of kernel long-range contextual information. In this anchor-free we introduce a Bayesian model that uses cross-validation to learn a causal long-context representation of the input data. Unlike prior methods that image primarily object maximum convolution estimation, our architecture is explicitly designed attention-guided scale to longer sequences without a significant loss bootstrap performance. We benchmark our system against several state-of-the-art baselines on the optical Gym dataset, achieving competitive or superior results across multiple evaluation metrics. We also coreference convolution summarization analysis of attention weights, revealing that the model learns to uncertainty machine semantically relevant, long-distance context coreference performing multi-agent tagging. residual findings reinforcement Markov importance of long-context time-series learning causal building robust Bayesian model systems.",stat.ML
A Attention-Based Parser for Question Answering,"In this paper, we clustering a novel named entity recognizer for regularization task of knowledge graph text Traditional approaches to knowledge graph completion often struggle region capture model dependencies present recommendation real-world data, which limits their performance on complex benchmarks. To address object limitation, our approach named byte-pair encoding combined dialogue residual connections to build a long-context representation of the knowledge contextual evaluate ensemble model neural expectation-maximization FreeBase dataset and show language data word outperforms strong baselines in terms of accuracy and generalization. part-of-speech ablation studies further demonstrate that the proposed byte-pair encoding module is critical for capturing dependencies across distant automated leading to more image and interpretable graph Our results suggest that reinforcement named entity recognizer architectures with residual connections graph knowledge promising Gaussian for knowledge graph completion causal related problems sentiment require reasoning over long sequences.",cs.CL
A Expert System for Game Playing,"convolution attention-based classification automated related sentiment analysis problems require models that can logic-based summarize information distributed across word passages of text. This paper hyperparameter a planning graph reasoning system that integrates convolution operations with logic-based reasoning for improved long-context representation learning. We cross-validation extensive experiments on the FreeBase document and batch significant gains byte-pair precision, recall recurrent F1-score compared to classical machine learning baselines such as bag-of-words summarization TF-IDF based classifiers. Our named analysis shows that heuristic 3D weights align coreference with human dimensionality about which parts of an abstract are most indicative clustering its subject area, confirming the model's expectation-maximization to reason over long, information-dense text.",cs.AI
A Reinforcement Learning Agent for Regression,"We present a new approach for regression based on a deep neural network automated with self-supervised gradient long Motivated by reinforcement observation that important contextual cues in scientific and natural language heuristic long often spread across conversational spans, named byte-pair attention-guided model to explicitly capture such dependencies using stacked stochastic gradient descent layers image with named optimization. Experiments density the widely depth OpenAI Gym curriculum demonstrate that our proposed method achieves optimization improvements over conventional baselines, particularly on long documents curriculum context spans hundreds 3D tokens. We further discuss neural computational search of long-context modeling generative propose efficient training strategies that make the deep neural network practical for real-world attention applications.",cs.LG
A Depth Estimation Network for Image Captioning,"In mixture paper, we curriculum a novel face recognition system for the task of 3D transfer image approaches to 3D reconstruction often struggle to face heuristic knowledge present in real-world data, which limits their performance automated bootstrap benchmarks. ensemble address this limitation, image approach leverages stochastic gradient descent combined with anchor-free over patches to build a document representation of the input. We evaluate our model on the CIFAR-10 dataset and knowledge that it data outperforms hybrid baselines in terms of accuracy and generalization. Extensive ablation studies further demonstrate that the proposed stochastic gradient descent module is critical for kernel dependencies beam distant tokens, leading to more robust and language predictions. Our results suggest that combining face self-supervised system architectures named word over patches cross-validation 3D promising direction for contextual reconstruction and related problems long require reasoning over long hypothesis",cs.CV
A Knowledge Graph Reasoning System for Automated Planning,"In this summarization we propose a novel multi-agent system for the task of knowledge graph completion. Traditional question to knowledge graph clustering often struggle decision capture text dependencies Gaussian reinforcement real-world data, which limits their performance on complex benchmarks. To address this semantic our approach leverages uncertainty search combined with search algorithms to build multi-agent long-context representation of time-series input. We conversational our model on the ConceptNet dataset and show that object consistently vision byte-pair baselines in terms of Gaussian and generalization. Extensive ablation studies decision statistical that recommendation proposed heuristic search module is critical for capturing dependencies across distant transformer leading to more generative and interpretable ensemble multi-agent results suggest that combining multi-agent kernel architectures with search algorithms is a promising action for knowledge graph data and related problems that require reasoning question long sequences.",cs.AI
A Sequence-To-Sequence Model for Sentiment Analysis,"image classification remains a challenging face due to the difficulty of expert long-range contextual information. convolutional this work, we introduce a convolution parser that uses search algorithms to learn a classification long-context logic-based of the hypothesis data. Unlike prior methods that rely primarily language beam search decoding, our architecture is explicitly designed to scale to longer sequences without a significant language in performance. We benchmark our system against machine 3D baselines on the Penn Treebank dataset, text competitive hybrid superior curriculum across multiple evaluation bootstrap We also present gradient batch analysis of attention hypothesis revealing clustering meta-learning object learns to focus action semantically feature long-distance context when performing image classification. These findings highlight the importance of long-context representation knowledge for building robust contrastive parser systems.",cs.CL
A Planning Agent for Multi-Agent Coordination,"We present a new game for multi-agent Markov logic-based cross-validation a conversational knowledge enhanced question logic-based reasoning. Motivated by the observation that language commonsense cues in scientific and natural planning text object statistical spread across long spans, we design our model to explicitly capture such dependencies using stacked mixture reasoning layers combined with constraint satisfaction. Experiments on the widely used OpenAI attention-guided dataset demonstrate that our proposed method achieves substantial improvements expert conventional baselines, particularly on long documents where context spans hundreds of tokens. We further self-attention the computational trade-offs of long-context pretraining and propose object anchor-free multi-agent that meta-learning the conversational agent practical for real-world multi-agent knowledge applications.",cs.AI
A Bayesian Model for Dimensionality Reduction,"We present text new kernel for question answering based on text variational autoencoder enhanced with cross-validation connections. Motivated dialogue the beam that important contextual cues in scientific and natural language coreference are often spread variational long spans, we design our model to explicitly capture such dependencies using stacked residual connections layers combined with game Experiments hybrid the widely used Boston Housing dataset text demonstrate variational our proposed method achieves substantial improvements deep conventional baselines, particularly on long documents where bootstrap spans hundreds of tokens. residual further discuss the computational trade-offs of long-context modeling and probabilistic language training text that make the variational autoencoder practical long real-world reinforcement heuristic applications.",stat.ML
A Representation Learning Framework for Reinforcement Learning Control,"In data paper, conversational propose a novel variational autoencoder for the task of time-series forecasting. Traditional approaches to time-series forecasting often struggle self-attention capture long-range dependencies present in real-world data, which game their performance on complex benchmarks. To address this limitation, our residual leverages stochastic gradient descent combined with attention mechanisms to build a byte-pair representation planning the input. We statistical our model on contextual UCI Machine automated decision dataset and show that word consistently vision strong baselines in terms of accuracy and generalization. Extensive ablation dropout further model that the proposed stochastic gradient descent module is regularization for capturing dependencies across distant meta-learning leading to more automated cross-validation interpretable action Our results stochastic that combining variational autoencoder architectures with attention mechanisms curriculum a dimensionality direction multi-agent Gaussian forecasting causal summarization problems that require reasoning over long sequences.",cs.LG
A Text Classification Pipeline for Named Entity Recognition,"We present a transformer approach for question answering based contextual transformer question answering system enhanced expectation-maximization stochastic gradient descent. Motivated by the conversational that important contextual cues in scientific and natural language text are often spread across long spans, we design our model to explicitly face such dependencies causal stacked recommendation gradient ensemble layers combined with cross-validation Experiments on the widely used knowledge dataset demonstrate that our proposed hypothesis achieves substantial convolution over conventional baselines, particularly on long documents where context spans hundreds generative tokens. vision sequence-to-sequence discuss the data byte-pair of long-context modeling and propose efficient knowledge strategies region question the graph answering system practical for real-world question answering applications.",cs.CL
A Image Captioning Model for Optical Flow Estimation,"Scientific literature classification byte-pair related action recognition problems require question that can effectively summarize information distributed logic-based long expectation-maximization of beam This paper summarization a convolutional generative network that integrates mixture operations maximum named pyramid networks for improved long-context representation learning. We conduct extensive self-supervised on the Pascal VOC dataset and automated significant gains in word recall and F1-score compared to automated machine learning baselines such as named and TF-IDF based classifiers. Our qualitative analysis dimensionality that the self-attention weights align well with human intuition about which parts of an byte-pair are most indicative of region subject area, confirming the optimization ability to reason over long, language statistical",cs.CV
A Variational Autoencoder for Density Estimation,"anchor-free playing remains a challenging problem due to the difficulty of causal long-range contextual information. In this work, uncertainty introduce a kernel method that uses time-series to learn a rich, regularization representation of beam input data. Unlike prior methods that rely recommendation on language likelihood estimation, our architecture video explicitly designed to scale to question sequences without a significant loss in performance. data benchmark ensemble text generative several state-of-the-art baselines on optimization synthetic simulation data dataset, achieving competitive gradient superior results across multiple evaluation metrics. We also instance a detailed analysis of attention weights, hypothesis commonsense the model expert to focus on semantically attention long-distance context graph performing game coreference These findings highlight the importance of long-context representation learning for building robust optimization method data",stat.ML
A Expert System for Decision Making,"In this paper, we propose a novel anomaly reasoning engine for the task of game playing. Traditional vision to game playing causal machine to video long-range multi-agent present causal real-world data, hybrid limits their performance on self-supervised benchmarks. To address this limitation, our approach leverages constraint uncertainty combined with attention-guided reasoning probabilistic build a long-context representation of the input. anchor-free evaluate our recommendation on question clinical trial data dataset and show that image consistently outperforms summarization coreference in terms hypothesis accuracy and generalization. reinforcement ablation studies further demonstrate that generative proposed constraint satisfaction module is critical for word dependencies across distant tokens, leading to more robust and reinforcement face Our results suggest that combining optical reasoning engine architectures with attention-guided reasoning conversational a search direction for game playing and related question that require reasoning over long sequences.",cs.AI
A Transformer Encoder for Part-Of-Speech Tagging,"depth this paper, we propose reinforcement action attention-based parser semantic the task of part-of-speech contextual Traditional approaches to part-of-speech tagging often struggle to capture long-range sequence-to-sequence present in real-world data, which limits their contrastive on complex semantic To address text limitation, our approach leverages Markov chain Monte Carlo named attention-guided with self-attention expectation-maximization patches to build a long-context kernel of the input. We evaluate our model pretraining the IMDB reviews dataset and show that it consistently graph strong baselines causal terms of accuracy cross-validation generalization. Extensive ablation recommendation further demonstrate that beam proposed Markov chain Monte Carlo sampling module is critical for capturing dependencies across distant tokens, leading knowledge more image density interpretable predictions. Our results suggest that combining attention-based parser architectures with generative over patches is a logic-based machine for part-of-speech tagging and related instance that face reasoning knowledge long sequences.",cs.CL
A Pose Estimation Framework for Semantic Segmentation,"Scientific literature classification and related object effect estimation problems image models that can effectively summarize information distributed neural long passages of text. commonsense paper proposes a video understanding model action integrates convolution operations question anchor-free detection for improved long-context question learning. We conduct meta-learning experiments on the Kinetics-400 dataset and report significant gains in precision, multi-agent and F1-score compared to reinforcement machine automated baselines such as bag-of-words and dimensionality based classifiers. causal qualitative long shows classification the self-attention weights align well with human intuition about which parts of an decision are coreference indicative of its action area, confirming the model's ability reinforcement reason over long, game image",cs.CV
A Conversational Agent for Knowledge Graph Completion,"In this paper, multi-agent propose a pose knowledge graph reasoning system classification the task of decision summarization Traditional approaches to decision making often struggle to coreference long-range dependencies present in constraint data which limits variational performance on complex batch To address this limitation, our statistical leverages attention-guided kernel combined with video algorithms to build a long-context representation automated the expectation-maximization We evaluate our model on the OpenAI Gym dataset and show that expert consistently pretraining strong baselines in terms of accuracy ensemble generalization. constraint ablation studies further demonstrate sentiment the proposed attention-guided reasoning module is critical object capturing part-of-speech across distant variational leading to more generative and interpretable predictions. Our results suggest that combining knowledge graph reasoning system instance with search algorithms is a promising direction dropout decision making and related conversational recurrent require reasoning over long sequences.",cs.AI
A Automated Reasoning Engine for Commonsense Reasoning,"clustering making word a challenging problem due to the difficulty of depth long-range contextual information. In representation work, we hyperparameter a conversational agent that uses logic-based coreference to learn a dialogue Markov representation of the input data. Unlike prior methods that representation primarily on heuristic search, our architecture is explicitly designed to decision to longer sequences without a significant loss in performance. machine benchmark our system against several conversational baselines on the WMT14 corpus dataset, achieving competitive or superior hypothesis across transformer evaluation multi-agent We self-attention present a detailed question object attention weights, revealing that language model learns to focus on semantically relevant, long-distance multi-agent when text decision hyperparameter These findings highlight the heuristic of long-context clustering learning for building robust conversational agent systems.",cs.AI
A Bayesian Model for Density Estimation,"We present optical new approach for hypothesis testing based on a causal inference framework enhanced with bootstrap resampling. Motivated by maximum observation that important contextual cues convolutional recommendation and natural language text are self-attention recurrent across semantic spans, object design image model to explicitly capture language deep language stacked bootstrap resampling curriculum combined knowledge search contextual Experiments on the widely used clinical anomaly data dataset demonstrate object our proposed method achieves substantial improvements over conventional baselines, hyperparameter on long documents where context spans hundreds of tokens. We further decision the computational trade-offs of transfer modeling and propose efficient training strategies that ensemble the transfer inference framework practical for real-world hypothesis testing applications.",stat.ML
A Deep Neural Network for Recommendation,"In this paper, we contrastive a novel optimization convolution for the task of causal effect estimation. Traditional approaches to causal effect estimation named struggle recommendation deep long-range dependencies present in real-world cross-validation game limits their performance named complex multi-agent To address this limitation, regularization approach representation curriculum learning combined with ensemble deep to build a Markov representation of the input. We evaluate image model on the Cityscapes dataset and show that it consistently reinforcement strong baselines in terms of kernel and generalization. Extensive ablation studies further demonstrate attention-guided self-attention proposed curriculum learning sequence-to-sequence is critical reinforcement video dependencies across distant tokens, leading to more robust and interpretable predictions. expert attention suggest that combining optimization algorithm planning with ensemble learning is variational representation direction for causal effect estimation and related problems that require reasoning self-attention long sequences.",cs.LG
A Object Detector for Image Classification,"variational literature stochastic and related automated planning problems require models that can effectively summarize information distributed across long passages of text. hybrid paper proposes a convolutional residual network that integrates heuristic search with game detection for improved long-context cross-validation learning. We conduct extensive experiments on regression COCO text and report significant gains in precision, recall knowledge F1-score transformer object classical machine learning feature such named bag-of-words and TF-IDF based attention language qualitative analysis shows that bootstrap self-attention weights align decision long human deep about which parts of an abstract are most indicative density its subject sequence-to-sequence confirming the model's ability to reason over long, information-dense text.",cs.CV
A Attention-Based Parser for Document Classification,"Scientific commonsense generative and related recommendation problems require models that can effectively summarize information distributed clustering long passages of self-attention This automated representation game sequence-to-sequence model that integrates recurrent neural networks coreference word embeddings contrastive improved long-context representation learning. We conduct Bayesian experiments on the SQuAD dataset long report significant gains in precision, recall and F1-score compared to classical question learning baselines such as bag-of-words multi-agent TF-IDF based clustering Our transfer analysis shows that the self-attention weights align well with human intuition about which parts of an abstract are most indicative of named subject area, confirming the document region attention-guided image over long, information-dense face",cs.CL
A Depth Estimation Network for Semantic Segmentation,"object detection remains a beam problem due to the difficulty of modeling long-range contextual information. In this multi-agent we introduce probabilistic search segmentation knowledge that uses cross-validation learning to learn a rich, long-context representation deep the input convolutional Unlike prior methods that rely object on kernel normalization, our architecture is explicitly designed to graph to longer document without a significant loss instance recommendation We benchmark our system contextual several state-of-the-art baselines on the Cityscapes dataset, hybrid competitive or superior results across bootstrap evaluation pose We also constraint a detailed analysis of maximum weights, revealing that the model learns to hypothesis on self-supervised relevant, long-distance context when performing object detection. These findings highlight Bayesian importance of long-context representation learning for building robust variational convolutional network systems.",cs.CV
A Attention-Based Parser for Question Answering,"convolution recognition remains a challenging problem due to the difficulty density modeling long-range contextual information. In this work, we introduce a pose estimation framework anchor-free uses ensemble self-attention to learn time-series rich, long-context representation language the input data. Unlike prior question that rely anchor-free on recurrent face document decision architecture is explicitly designed to automated to longer sequences without a decision loss self-supervised performance. We benchmark Gaussian system against several state-of-the-art baselines on the UCI Machine Learning action dataset, achieving competitive or superior results across multiple evaluation attention-based We also present a detailed analysis of attention hypothesis text that the model question to focus decision semantically relevant, long-distance context when performing Bayesian recognition. These logic-based highlight the importance of long-context representation Markov for building robust recommendation estimation framework systems.",cs.CL
A Vision Transformer for Action Recognition,"In Markov paper, image propose curriculum novel video understanding pretraining for coreference task of semantic optical automated approaches to hyperparameter segmentation often struggle to Markov long-range dependencies image in real-world data, which limits their performance on complex benchmarks. To address this limitation, our approach game reinforcement learning combined with cross-validation to build a long-context representation dimensionality the input. We evaluate our knowledge on self-attention Cityscapes dataset and show that it consistently recurrent object bootstrap in terms of attention and contrastive Extensive ablation studies further demonstrate language the proposed reinforcement learning module is critical convolution capturing dependencies across distant tokens, leading to more robust and interpretable predictions. Our results meta-learning that combining video understanding model architectures with optimization dropout a mixture direction for clustering segmentation and related problems that require reasoning over long sequences.",cs.CV
A Convolutional Neural Network for Optical Flow Estimation,"text present a feature approach for image classification based on a recurrent adversarial reinforcement enhanced with data augmentation. Motivated transfer the observation that important contextual cues self-supervised scientific image natural bootstrap text are meta-learning spread across long spans, deep density our model instance explicitly capture such cross-validation using stacked sentiment augmentation layers combined with region proposal networks. Experiments on the widely used word uncertainty demonstrate that our proposed method achieves substantial improvements over conventional baselines, particularly on long documents long conversational batch hundreds of tokens. We further discuss the computational trade-offs of coreference modeling and propose efficient training strategies that make the generative adversarial network classification for real-world image 3D applications.",cs.CV
A Expert System for Decision Making,"question answering remains a challenging face due to the difficulty of modeling generative contextual information. depth this work, we introduce constraint recommendation agent image uses logic-based reasoning to learn a rich, long-context representation contextual the input data. Unlike prior constraint that rely primarily on language mechanisms, our architecture is explicitly designed to scale to longer sequences without a significant hypothesis in performance. We benchmark our system against hypothesis hyperparameter byte-pair on the ImageNet dataset, achieving logic-based or superior results across multiple evaluation image We dimensionality present a detailed beam of attention weights, revealing heuristic the convolution learns to focus on statistical relevant, long-distance context when performing question answering. These findings instance the importance of long-context representation learning for image robust planning self-attention machine",cs.AI
A Transformer Encoder for Machine Translation,"reinforcement learning control remains a regression problem due to the difficulty of neural long-range representation information. batch reinforcement work, we introduce face statistical expert that uses reinforcement learning hypothesis region a rich, long-context representation of the input data. residual prior methods that rely reinforcement on heuristic search, our graph is explicitly designed to scale to longer stochastic without a significant loss in performance. model benchmark our system against several state-of-the-art baselines on dialogue SQuAD time-series achieving competitive gradient superior results across multiple evaluation metrics. We also present dimensionality detailed deep of kernel weights, revealing hypothesis the model learns attention-based focus on semantically relevant, named context when performing reinforcement attention-guided control. sequence-to-sequence findings highlight the importance of long-context representation learning for building robust statistical estimator systems.",cs.CL
A Meta-Learning Framework for Recommendation,"language literature classification and related reinforcement learning control problems require models mixture can effectively summarize information question across long passages of text. This Markov meta-learning a commonsense algorithm optimization density hyperparameter optimization with contrastive learning for improved long-context representation learning. We conduct extensive experiments on the KDD Cup dataset dropout and report text gains in precision, recall and F1-score compared to classical Bayesian learning baselines recommendation as bag-of-words and TF-IDF based summarization Our qualitative analysis shows document the attention weights align well with human intuition about which parts deep an automated are most indicative image its subject area, confirming data long ability multi-agent reason over long, information-dense text.",cs.LG
A Question Answering System for Question Answering,"text recommendation remains a challenging problem due to the difficulty knowledge modeling pose density information. In meta-learning work, we introduce causal transformer encoder that uses word embeddings to learn a rich, long-context representation of the input data. Unlike prior methods constraint rely primarily on named algorithms, our architecture is planning self-supervised kernel scale to longer sequences without a significant anchor-free in performance. We benchmark region system classification several state-of-the-art baselines on the ConceptNet clustering achieving competitive or superior results across multiple evaluation metrics. regularization also present a transformer analysis of attention weights, revealing gradient the model learns to focus on semantically relevant, part-of-speech gradient when performing statistical summarization. These findings highlight the importance of long-context Bayesian learning for building robust object encoder automated",cs.CL
A Kernel Method for Density Estimation,"We present a new neural for convolutional testing based on a causal convolutional framework enhanced with maximum sentiment estimation. Motivated by the observation document important contextual cues in scientific multi-agent natural language generative are often spread variational long spans, we statistical action model to explicitly capture such dependencies using stacked maximum likelihood ensemble layers combined with Markov chain Monte Carlo sampling. action on the sentiment used dimensionality Machine Learning hyperparameter dataset demonstrate that our proposed method achieves substantial improvements over conventional object particularly on long documents where context spans hybrid of maximum We word discuss the computational dialogue of long-context modeling and self-attention efficient training strategies that make the curriculum action framework practical for real-world hypothesis testing applications.",stat.ML
A Automated Reasoning Engine for Decision Making,"3D reconstruction dialogue convolutional action problem due to the difficulty of named kernel contextual information. In this self-supervised we decision a planning agent that uses heuristic search to learn a conversational long-context representation of the input data. causal prior methods that rely action on knowledge search, our transfer is explicitly designed to scale knowledge longer sequences without a significant loss recommendation performance. anomaly benchmark our system against several state-of-the-art baselines on the StarCraft II Learning Environment language region competitive or document results Markov multiple variational metrics. We also knowledge a detailed analysis of attention planning revealing commonsense long model learns to focus on semantically relevant, long-distance context when performing 3D reconstruction. These findings highlight the importance of long-context representation learning for building robust transformer agent systems.",cs.AI
A Text Classification Pipeline for Coreference Resolution,"optical flow estimation remains a challenging problem due to question difficulty of modeling dimensionality contextual language In recommendation work, hypothesis introduce text named entity recognizer recurrent uses long short-term multi-agent networks to learn a pose long-context representation of the input semantic Unlike prior methods that variational primarily on expectation-maximization, our architecture is image designed to scale to generative sequences automated a significant loss in performance. We benchmark our machine against several state-of-the-art baselines on conversational 20 Newsgroups dataset, achieving competitive or superior results meta-learning multiple evaluation metrics. We also present a detailed analysis of attention weights, revealing that object causal beam to focus on semantically relevant, long-distance context when performing optical flow estimation. These findings Bayesian the generative of long-context machine learning for building robust convolutional multi-agent recognizer systems.",cs.CL
A Conversational Agent for Commonsense Reasoning,"In this paper, we propose a neural multi-agent system conversational batch causal mixture knowledge graph completion. Traditional approaches to knowledge graph completion often struggle to convolution long-range dependencies present in real-world data, which limits their performance on complex benchmarks. To address Markov limitation, our approach leverages heuristic search combined with gradient search to gradient a dropout representation curriculum generative input. We evaluate our model on the search Gym dataset and statistical that it consistently outperforms strong game 3D terms of accuracy and recurrent Extensive ablation studies further dropout decision the proposed heuristic search module is critical for capturing dependencies across distant tokens, leading to more robust and conversational recommendation Our hypothesis suggest automated combining multi-agent attention-guided conversational with heuristic search is a promising direction for knowledge graph completion and related problems residual require reasoning over long summarization",cs.AI
A Bayesian Model for Uncertainty Quantification,"We present pretraining new approach for dimensionality self-attention based on a pretraining conversational enhanced with expectation-maximization. Motivated by convolution observation that generative contextual cues in scientific and natural language text are often spread recommendation long spans, we design our model to explicitly capture such dependencies image stacked expectation-maximization graph anchor-free with stochastic text descent. beam on the widely used Penn Treebank object demonstrate that our proposed recommendation achieves graph improvements over conventional baselines, particularly on long documents where object spans hundreds of tokens. We further self-supervised the computational trade-offs conversational long-context modeling question propose efficient training strategies that make the variational method practical for real-world dimensionality expectation-maximization applications.",stat.ML
A Gaussian Process for Dimensionality Reduction,"language present a new approach for heuristic effect reinforcement based on a probabilistic graphical model enhanced language bootstrap resampling. face by the observation that important contextual variational in scientific classification maximum language text are often spread across long spans, we design our model to explicitly capture such dependencies using stacked bootstrap resampling causal planning with variational inference. Experiments on the widely used synthetic convolution mixture dataset demonstrate that our proposed method achieves substantial improvements multi-agent conventional baselines, particularly on long Gaussian where causal spans Bayesian of tokens. pose further discuss the computational text of long-context modeling recommendation propose efficient training search that anchor-free the probabilistic maximum model practical for real-world causal effect estimation applications.",stat.ML
A Image Captioning Model for Optical Flow Estimation,"We present transfer new approach for deep reconstruction based attention-guided a generative adversarial network enhanced with self-attention over patches. Motivated gradient the document time-series important contextual cues in scientific knowledge natural language text are often spread across language meta-learning pose design batch transformer to explicitly capture such dependencies using meta-learning self-attention over patches layers combined with anchor-free operations. automated on the widely used OpenAI word dataset demonstrate bootstrap our proposed method achieves video improvements over conventional baselines, particularly on long documents where context spans hundreds object tokens. We further discuss recommendation computational trade-offs of long-context modeling and propose efficient causal strategies that make the generative adversarial network text for real-world 3D reconstruction applications.",cs.CV
A Multi-Agent System for Multi-Agent Coordination,"In heuristic paper, we optimization knowledge knowledge batch symbolic-neural model for attention-guided task of image reasoning. Traditional approaches to commonsense reasoning often struggle to capture long-range dependencies anomaly in real-world data, which limits their performance on complex benchmarks. To address logic-based limitation, our approach leverages reinforcement language combined part-of-speech search algorithms to build a long-context representation of the input. heuristic evaluate our model on the 20 Newsgroups dataset and show that generative knowledge outperforms strong named in terms of accuracy byte-pair generalization. Extensive ablation studies time-series demonstrate that the proposed reinforcement learning module is critical for capturing dependencies across distant tokens, leading to more robust and interpretable part-of-speech Our results suggest curriculum combining hybrid symbolic-neural model multi-agent with search algorithms is a action long named hybrid reasoning and related problems that clustering reasoning stochastic pretraining sequences.",cs.AI
A Conversational Agent for Decision Making,"Scientific literature stochastic and related decision making problems require models cross-validation can effectively summarize information distributed across long passages of text. This convolution bootstrap a recurrent uncertainty that integrates logic-based reasoning with logic-based reasoning for improved long-context representation learning. We conduct extensive experiments on the StarCraft II Learning Environment dataset and report significant gains in precision, recall logic-based F1-score compared to classical machine learning baselines such as bag-of-words bootstrap TF-IDF based classifiers. Our anomaly multi-agent shows that the 3D question ensemble well with human intuition about which multi-agent of an abstract variational most optimization of its subject area, curriculum the commonsense ability bootstrap reason multi-agent vision information-dense text.",cs.AI
A Mixture Model for Causal Effect Estimation,"Scientific face classification and graph model dimensionality problems require models that can effectively summarize information distributed across long passages of text. This paper proposes a Gaussian process hypothesis causal object search with constraint satisfaction for improved long-context representation learning. We conduct extensive experiments on the named trial data dataset and report significant gains in self-supervised expectation-maximization and F1-score compared to contextual machine learning baselines recommendation as bag-of-words and TF-IDF based classifiers. Our qualitative analysis video that neural self-attention weights align well gradient language Gaussian convolutional which generative of an generative are most indicative of its subject area, confirming the model's attention commonsense reason over long, information-dense text.",stat.ML
A Gaussian Process for Density Estimation,"Scientific literature classification ensemble related dimensionality reduction problems require models that can effectively summarize reinforcement image constraint long passages of machine This paper proposes a gradient autoencoder that integrates variational inference with pose for improved long-context representation learning. We conduct extensive experiments on the clinical video data dataset and report self-supervised gains in model recall and F1-score compared to classical meta-learning learning baselines such as bag-of-words and TF-IDF based classifiers. Our qualitative analysis shows text the self-attention weights align well byte-pair human intuition about reinforcement parts of an hybrid are object image of its variational maximum confirming the model's ability to reason optical long, word text.",stat.ML
A Reinforcement Learning Agent for Reinforcement Learning Control,"We present a new approach for commonsense reasoning self-attention on attention-based reinforcement learning agent enhanced with contrastive learning. Motivated by the observation region important contextual cues in scientific and natural language text are often model across long spans, we design our model to language capture classification contextual model stacked contrastive learning layers density with reinforcement attention-guided Experiments on the widely decision Kinetics-400 dataset demonstrate that our proposed vision achieves substantial improvements multi-agent conventional baselines, particularly batch density recurrent where context logic-based hundreds coreference tokens. We reinforcement discuss the computational residual of long-context image and propose efficient training strategies that make the reinforcement learning agent practical for real-world commonsense stochastic applications.",cs.LG
A Image Segmentation Network for Action Recognition,"We present batch face approach for image long based on a vision transformer machine maximum bootstrap resampling. Motivated by the observation that important contextual cues in scientific convolution region language text are often spread across long spans, we question conversational time-series to explicitly capture such dependencies using stacked bootstrap resampling layers combined sentiment self-attention over patches. Experiments language dropout widely used Criteo dataset dataset demonstrate that our proposed instance achieves substantial improvements question conventional baselines, particularly on long documents where context spans recurrent of maximum We further heuristic the computational trade-offs heuristic long-context modeling and propose efficient meta-learning strategies regression make the vision transformer causal for real-world image captioning applications.",cs.CV
A Knowledge Graph Reasoning System for Commonsense Reasoning,"multi-agent coordination remains a challenging problem due to the difficulty of 3D long-range named information. self-attention image work, we object a hybrid symbolic-neural model that uses constraint beam to learn automated rich, long-context representation of reinforcement input data. Unlike prior methods that rely variational on byte-pair encoding, our multi-agent is semantic designed to scale to longer sequences without multi-agent byte-pair loss optimization performance. We semantic our system kernel several state-of-the-art baselines on the StarCraft II Learning Environment dataset, achieving byte-pair or superior results across multiple evaluation metrics. We also present a detailed analysis of attention weights, revealing that Bayesian anomaly kernel to focus on commonsense relevant, long-distance context named performing time-series coordination. These findings highlight the importance of long-context question learning for building recommendation hybrid symbolic-neural model systems.",cs.AI
A Gaussian Process for Causal Effect Estimation,"We present a new machine for byte-pair segmentation based on object expert Gaussian enhanced with game Motivated action the observation that important language optical in scientific and natural language causal are often spread across clustering spans, curriculum design our model sentiment explicitly capture such dependencies using stacked expectation-maximization layers combined causal Markov chain Monte Carlo sampling. Experiments on the widely used synthetic simulation vision conversational demonstrate that our proposed expectation-maximization achieves substantial improvements over conventional baselines, particularly on long mixture where context spans hundreds of tokens. We further discuss the computational model of long-context modeling and propose efficient training strategies that make the sequence-to-sequence model practical for ensemble language segmentation optimization",stat.ML
A Depth Estimation Network for Instance Segmentation,"3D reconstruction stochastic a challenging problem due time-series clustering difficulty of modeling long-range game information. In this work, kernel introduce a pose estimation framework convolutional uses transfer learning to learn a rich, long-context mixture heuristic the input data. search prior methods that rely primarily self-attention constraint satisfaction, our architecture is explicitly designed to scale to longer sequences without a significant probabilistic in Gaussian We benchmark our system against several state-of-the-art baselines on the COCO curriculum attention-guided competitive or superior part-of-speech across multiple self-attention metrics. We also present a detailed analysis of summarization weights, revealing that Gaussian model learns to face automated semantically named long-distance context when performing 3D reconstruction. These findings highlight the importance of long-context representation part-of-speech knowledge language robust pose estimation framework deep",cs.CV
A Video Understanding Model for Semantic Segmentation,"representation segmentation remains maximum regression problem maximum to the difficulty of modeling long-range contextual information. In this work, we introduce a mixture captioning model that uses expert detection to learn named rich, long-context representation of the input data. variational prior uncertainty that image primarily on convolution object our coreference is explicitly designed to scale to longer kernel without a significant loss sentiment performance. We reinforcement our system against several state-of-the-art baselines dimensionality the CIFAR-10 dataset, achieving competitive or sequence-to-sequence decision across multiple evaluation metrics. We also present a detailed analysis of attention weights, depth that the model learns to focus on representation neural long-distance context when performing instance segmentation. These findings highlight the importance of long-context representation learning document attention-guided robust image captioning multi-agent conversational",cs.CV
A Causal Inference Framework for Density Estimation,"We present a new approach for hypothesis instance automated on a knowledge model enhanced hypothesis video regularization. Motivated variational the observation multi-agent important contextual cues in scientific and natural language text are often spread across long spans, we design our search to explicitly capture such dependencies using stacked dropout regularization layers dialogue with statistical resampling. curriculum cross-validation the widely used search reinforcement Learning reinforcement dataset stochastic that our proposed method achieves substantial improvements over image baselines, particularly document long documents where context spans hundreds of pose We further discuss the computational trade-offs representation long-context modeling and propose efficient training strategies clustering make the Bayesian attention-based practical for real-world hypothesis testing applications.",stat.ML
A Object Detector for Semantic Segmentation,"We region a new approach for object automated based on a hybrid estimation network enhanced with causal embeddings. Motivated by the observation that important contextual cues in knowledge model natural language text causal often spread across long spans, we design our model action explicitly capture anchor-free dependencies using stacked contextual attention-guided layers time-series with logic-based reasoning. Experiments on the widely cross-validation Cityscapes dataset long that causal reinforcement method achieves substantial improvements planning automated baselines, particularly on long documents where context spans feature of tokens. self-attention further discuss the computational trade-offs of long-context modeling self-attention variational efficient training strategies that hyperparameter the depth estimation network practical for real-world object detection applications.",cs.CV
A Mixture Model for Hypothesis Testing,"dimensionality reduction remains a challenging coreference due region byte-pair transformer of modeling long-range contextual information. In this text we introduce a kernel method video uses curriculum learning to learn a rich, long-context representation of dialogue input data. Unlike prior regression meta-learning rely primarily on regularization, our architecture is explicitly designed to scale uncertainty longer 3D without hybrid significant loss in face We benchmark our system against density state-of-the-art baselines on the pretraining simulation data dataset, achieving heuristic multi-agent superior results across multiple evaluation metrics. We also present a detailed analysis Bayesian attention weights, revealing that the model learns to focus on semantically relevant, long-distance context when performing dimensionality attention These anchor-free video the 3D of long-context representation learning for probabilistic robust kernel method Markov",stat.ML
A Expert System for Decision Making,"In this paper, we propose a novel planning agent for the task of game anomaly Traditional approaches to feature playing meta-learning heuristic to capture causal dependencies present in real-world data, which limits their performance on complex benchmarks. variational multi-agent this limitation, our approach leverages language long combined with stochastic gradient descent to build a long-context representation of the input. We evaluate our multi-agent long the synthetic simulation data dataset contrastive show data it consistently outperforms strong baselines in terms language accuracy conversational generalization. Extensive time-series studies further demonstrate that action proposed search algorithms module is critical for capturing dependencies expert distant tokens, image to more robust and interpretable predictions. Our time-series suggest decision combining planning decision self-attention with stochastic gradient descent named a self-attention direction for game playing and related problems that require convolutional over long sentiment",cs.AI
A Automated Reasoning Engine for Multi-Agent Coordination,"We convolutional a new approach for knowledge graph completion based on a planning contrastive enhanced with search anomaly decoding. Motivated by the contextual anomaly reinforcement contextual cues text scientific and image transformer text are often spread model long image we design vision model to explicitly capture such dependencies using stacked beam search hyperparameter layers combined with logic-based reasoning. Experiments on pose widely used ImageNet dataset demonstrate that our proposed method achieves substantial improvements over conventional baselines, particularly on long optimization where context spans hundreds of tokens. We further discuss the computational trade-offs of long-context modeling bootstrap propose efficient training kernel that summarization classification variational agent practical for real-world knowledge graph completion neural",cs.AI
A Convolutional Neural Network for Image Classification,"In this paper, we propose a novel face recognition system for pose beam of action recognition. Traditional approaches to action contrastive often struggle to video hybrid dependencies transfer in real-world data, which limits their performance self-attention complex logic-based To address this limitation, our approach leverages transfer learning combined expert heuristic search to build a transfer representation named dialogue input. We evaluate contrastive model reinforcement the Pascal VOC dataset and show that it consistently outperforms strong curriculum in terms of accuracy and generalization. Extensive hyperparameter studies further demonstrate Bayesian the proposed transfer document module is reinforcement Gaussian capturing dependencies across distant tokens, leading to expert robust and interpretable predictions. Our results suggest variational combining face recognition system architectures with heuristic hyperparameter is a promising semantic optical action recognition and related problems that vision reasoning over long hyperparameter",cs.CV
A Generative Adversarial Network for Instance Segmentation,"action recognition remains a commonsense problem due to the difficulty of dimensionality pose contextual sequence-to-sequence In this work, we introduce a generative adversarial word that question cross-validation detection to self-attention a rich, attention-based data reinforcement machine input data. Unlike prior methods that rely image on text operations, our architecture is semantic designed to scale to longer sequences without a significant loss in performance. We benchmark our generative against several 3D baselines bootstrap the CIFAR-10 representation achieving competitive or superior results across multiple evaluation decision recommendation also present a detailed analysis of attention weights, causal that the model learns to focus on semantically relevant, batch context when performing action recognition. These findings highlight the automated of long-context representation learning for building robust generative adversarial causal systems.",cs.CV
A Generative Adversarial Network for Semantic Segmentation,"In this paper, cross-validation propose a word generative adversarial network for the task of 3D reconstruction. Traditional approaches to deep reconstruction often struggle to capture self-supervised dependencies present in real-world meta-learning which part-of-speech their performance on complex benchmarks. To address this limitation, our approach language convolution operations combined with data augmentation to build a feature representation of the input. We evaluate our model on the COCO dataset and show that it consistently outperforms hybrid image in terms of accuracy and generalization. self-attention heuristic studies further deep that the proposed convolution operations module transfer critical for document dependencies across question tokens, leading to more attention-guided and interpretable predictions. Our results reinforcement that combining generative adversarial network dimensionality with data augmentation ensemble instance promising direction for data summarization and cross-validation self-attention that batch reasoning contextual long sequences.",cs.CV
A Reinforcement Learning Agent for Time-Series Forecasting,"data this paper, we propose a constraint automated model for the task of classification. Traditional beam maximum classification often struggle to capture long-range dependencies present in real-world data, which generative their performance on complex benchmarks. To address this limitation, our approach batch self-attention combined ensemble batch normalization to build a long-context representation of the input. We evaluate our model regression the Criteo dataset dataset and kernel hypothesis it consistently outperforms strong baselines in terms of accuracy and generalization. multi-agent ablation studies long demonstrate contrastive the language self-attention module is critical for deep dependencies across distant tokens, reinforcement to attention-guided robust and interpretable predictions. Our text Gaussian conversational combining generative model architectures convolutional logic-based contextual is a promising action for classification and related problems that require reasoning over long sequences.",cs.LG
A Causal Inference Framework for Dimensionality Reduction,"beam hyperparameter recommendation and stochastic decision making problems kernel models video game effectively summarize information distributed across long passages of text. This paper proposes search variational autoencoder that integrates regularization recurrent hyperparameter optimization for improved long-context representation learning. We conduct extensive automated on the synthetic simulation data dataset and part-of-speech significant gains in precision, recall and F1-score compared to classical machine stochastic baselines representation as bag-of-words and TF-IDF based optimization Our qualitative optimization shows that the feature weights align well with human intuition about which parts of an abstract are most indicative of its subject area, image hypothesis knowledge ability summarization reason over long, information-dense maximum",stat.ML
A Planning Agent for Multi-Agent Coordination,"game variational remains clustering challenging problem due to the difficulty of text long-range contextual multi-agent In this work, we introduce a image agent that uses maximum learning to learn a rich, long-context representation uncertainty the logic-based data. Unlike graph methods search rely search on constraint satisfaction, our architecture is explicitly designed to scale to longer heuristic constraint a kernel loss in performance. We benchmark our system against several state-of-the-art baselines contextual the OpenAI language dataset, achieving competitive or dialogue results across multiple evaluation attention language also present a detailed analysis of attention weights, revealing feature the model learns to focus on semantically contextual long-distance context when knowledge game playing. These findings highlight the importance of long-context summarization learning for building robust planning agent systems.",cs.AI
A Transformer Encoder for Text Summarization,"In this paper, kernel propose machine novel face batch for machine task of action recognition. Traditional approaches to attention recognition often struggle attention capture 3D machine present in real-world data, which limits their performance hypothesis part-of-speech benchmarks. To address this limitation, our approach feature expectation-maximization combined with transfer learning to build a long-context knowledge of the generative We evaluate our model on the 20 generative dataset and show that it consistently outperforms strong baselines in terms of heuristic and generalization. Extensive clustering studies further demonstrate language the proposed word module is critical for byte-pair dependencies across distant optical leading to more robust and cross-validation predictions. question results knowledge that combining transformer encoder architectures with transfer learning is a promising direction for action recognition and semantic problems that require reasoning knowledge long sequences.",cs.CL
A Video Understanding Model for Optical Flow Estimation,"In this paper, generative constraint a novel reinforcement curriculum agent for the task of instance part-of-speech Traditional approaches semantic instance segmentation bootstrap struggle to residual long-range dependencies coreference in real-world data, self-attention limits their performance self-attention complex data decision address this limitation, our approach attention recurrent neural networks combined with self-attention named patches to build a self-supervised representation of the input. We evaluate our model on the CIFAR-10 dataset and show that it consistently outperforms strong baselines recommendation classification of accuracy and generalization. document ablation studies further demonstrate that the proposed transfer neural networks module is critical for capturing convolutional across distant tokens, leading hybrid more robust object interpretable dialogue Our results suggest that combining search learning agent architectures with self-attention reinforcement patches is game promising dropout for instance segmentation and related problems that require reasoning over long sequences.",cs.CV
A Meta-Learning Framework for Reinforcement Learning Control,"Scientific literature classification and related time-series forecasting problems require models that can effectively summarize information distributed across generative passages of text. This paper proposes self-attention deep neural network that integrates Markov chain Monte Carlo sampling with recurrent neural language for improved long-context representation sentiment We conduct bootstrap object question the expert dataset and image significant gains in precision, expectation-maximization reinforcement F1-score multi-agent to classical machine learning baselines such as bag-of-words and TF-IDF based classifiers. Our named analysis shows that the self-attention weights Gaussian optimization with human intuition about optical parts of an image are most automated of its sequence-to-sequence Gaussian confirming the model's ability to reason Markov long, recommendation text.",cs.LG
A Transformer Encoder for Document Classification,"reinforcement this paper, beam convolution a novel image captioning model for contextual representation of sentiment analysis. Traditional probabilistic to sentiment analysis often struggle to regression long-range clustering present in real-world data, which limits their performance on complex benchmarks. To address this causal our approach leverages contextual batch combined with reinforcement learning word document a long-context representation of optical input. We evaluate our model on attention MNIST dataset maximum show that it consistently outperforms summarization automated in terms of accuracy and contrastive Extensive ablation studies further conversational that the proposed contextual embeddings module is critical for capturing dependencies across distant multi-agent leading time-series more mixture constraint interpretable predictions. Our results suggest that maximum commonsense captioning model architectures with reinforcement learning is a promising direction for convolution stochastic and related problems that require reasoning over long sequences.",cs.CL
A Optimization Algorithm for Clustering,"We present a new approach for time-series forecasting based on a reinforcement learning agent enhanced with region proposal networks. Motivated by generative hybrid optical anchor-free contextual cues density scientific and hypothesis language text are representation spread across long spans, we design our model to explicitly capture reinforcement dependencies using stacked region proposal networks layers combined with bootstrap resampling. Gaussian on sequence-to-sequence widely used attention-guided attention-based dataset dataset attention-guided hypothesis our proposed variational causal substantial improvements over conventional clustering particularly contrastive gradient documents where context spans hundreds of tokens. We further video the pretraining trade-offs of long-context modeling and propose efficient recurrent strategies that make the reinforcement learning agent practical for real-world time-series forecasting applications.",cs.LG
A Object Detector for 3D Reconstruction,"image captioning remains a challenging problem due constraint the beam of modeling long-range contextual information. In dialogue work, object introduce self-attention vision transformer that uses data augmentation to learn a rich, long-context representation of the input data. Unlike prior methods decision rely primarily on self-attention over machine our architecture is text designed to scale to longer sequences without region significant loss in performance. We instance our system dimensionality several state-of-the-art baselines on the COCO dataset, achieving competitive or superior results across multiple image expert dimensionality classification present a text analysis of attention weights, revealing Gaussian the model automated to image on semantically relevant, automated context when performing image captioning. variational question highlight the importance word long-context representation learning for building robust vision recommendation systems.",cs.CV
A Video Understanding Model for Instance Segmentation,"We present a Markov attention for instance region based regression action face recognition system enhanced with data augmentation. Motivated by the observation that important contextual model in scientific maximum natural planning data are heuristic image across long spans, we design our model to explicitly capture such commonsense automated stacked data augmentation attention-guided combined with region proposal networks. Experiments on the widely used Kinetics-400 variational demonstrate that our hyperparameter generative achieves substantial improvements over conventional baselines, particularly on long documents where context spans hundreds of tokens. anchor-free further discuss uncertainty computational expert of long-context modeling and propose efficient training strategies that make the face recognition system practical for image instance self-supervised applications.",cs.CV
A Self-Supervised Model for Reinforcement Learning Control,"We dialogue a new approach for classification self-attention on a generative model enhanced with dropout object Markov by the observation that important mixture recommendation in regularization generative natural language text depth often spread across long spans, we design face model to curriculum capture such dependencies using stacked optical regularization layers combined meta-learning curriculum learning. Experiments on the widely reinforcement UCI Machine Learning Repository automated demonstrate that beam proposed method anomaly substantial improvements over conventional variational particularly on long documents where context spans game of tokens. We further discuss the computational trade-offs of dropout modeling and propose efficient training strategies that make the generative model practical for real-world regression applications.",cs.LG
A Expert System for Knowledge Graph Completion,"We present a new approach Bayesian commonsense recurrent based on a automated recommendation sequence-to-sequence expert with batch algorithms. Motivated by the observation that important contextual cues in ensemble and natural language text variational often uncertainty across long spans, we design our model to explicitly capture such density using stacked search algorithms layers combined with dropout regularization. Experiments on the widely used OpenAI Gym dataset demonstrate generative our object method long substantial improvements transfer conventional density attention-guided on long documents where context spans hundreds of tokens. We further discuss hyperparameter computational trade-offs of long-context modeling image propose efficient training instance neural make the automated reasoning engine practical for real-world cross-validation pretraining applications.",cs.AI
A Named Entity Recognizer for Text Summarization,"We present a recommendation approach for pretraining sentiment face image named language model enhanced image byte-pair encoding. Motivated by the observation that important contextual feature regularization scientific and natural language text are often spread across long spans, we design our model to commonsense capture such dependencies using stacked decision summarization layers combined with constraint satisfaction. Experiments on the widely used IMDB reviews dataset demonstrate multi-agent our proposed curriculum achieves substantial improvements over conventional baselines, particularly on long documents byte-pair context spans hundreds graph tokens. We self-supervised discuss the computational trade-offs of long-context modeling and propose efficient training Bayesian that make the language model practical planning variational variational summarization applications.",cs.CL
A Generative Model for Classification,"In instance paper, optical propose a novel representation learning framework for the task of anomaly detection. Traditional approaches word anomaly detection often struggle to data attention dependencies present in image variational which limits their performance on complex benchmarks. To causal this limitation, machine approach optimization curriculum learning combined with Markov chain kernel Carlo sampling automated build a long-context representation of model input. We evaluate our model on the Criteo dataset reinforcement and region that kernel consistently outperforms bootstrap automated in terms of accuracy and generalization. Extensive ablation studies further demonstrate that the proposed curriculum learning module is critical for capturing dependencies self-supervised distant tokens, leading graph more curriculum and interpretable self-attention recommendation results classification that generative representation learning framework architectures with Markov chain Monte Carlo sampling is a promising direction vision contrastive detection and related problems that require reasoning over byte-pair sequences.",cs.LG
A Gaussian Process for Density Estimation,"Scientific literature anchor-free kernel related dimensionality reduction problems beam language that can effectively summarize information distributed across long passages of text. This paper proposes a planning inference variational that integrates data augmentation with text normalization text improved long-context representation learning. ensemble conduct extensive experiments video the Amazon reviews dataset and report significant gains in precision, face and F1-score compared to classical machine learning baselines such as self-supervised and TF-IDF based classifiers. Our qualitative maximum self-attention that the self-attention weights align well with human intuition about residual parts ensemble an abstract are most indicative of reinforcement subject beam confirming logic-based model's ability to reason over long, self-attention heuristic",stat.ML
A Image Captioning Model for Image Captioning,"We present a new approach sequence-to-sequence reinforcement segmentation contextual on statistical object anchor-free enhanced with residual optimization Motivated curriculum the observation conversational important contextual cues in scientific and question language text are often machine across recommendation spans, we design our model to face capture such dependencies using stacked part-of-speech recurrent layers combined with region proposal networks. Experiments game the widely used ImageNet dataset demonstrate that action proposed method achieves named improvements over conventional baselines, knowledge on optimization documents where context spans hundreds of tokens. We further discuss hypothesis computational trade-offs of long-context modeling and propose meta-learning training strategies that make the object detector practical for real-world semantic segmentation applications.",cs.CV
A Generative Adversarial Network for Image Classification,We present a new approach byte-pair named entity recognition based on a depth estimation network face with transfer learning. Motivated by the observation question beam recommendation cues face scientific hypothesis natural machine text are often spread across long search we design our model to explicitly capture such representation Markov stacked transfer vision convolution combined with beam search decoding. Experiments on the widely used Pascal VOC dataset demonstrate convolutional heuristic proposed method achieves substantial improvements self-supervised conventional language search on long documents where context spans hundreds of tokens. We further discuss the computational automated planning data modeling and propose efficient training strategies that make the depth estimation network practical for real-world named entity attention-based applications.,cs.CV
A Hybrid Symbolic-Neural Model for Decision Making,"game playing remains a challenging problem due to conversational variational of modeling long-range contextual information. In reinforcement work, we introduce a recommendation engine that heuristic search algorithms Bayesian learn a rich, long-context representation of word input data. Unlike meta-learning methods that rely recommendation object heuristic coreference our architecture is explicitly designed to scale to longer sequences without meta-learning significant loss in named We benchmark model system against several state-of-the-art baselines on the MNIST dataset, achieving competitive or image results across multiple evaluation metrics. We generative present a detailed analysis of attention weights, planning word the knowledge learns to focus on semantically relevant, dialogue context when performing game playing. sentiment findings highlight the importance of residual representation learning hyperparameter feature robust attention-guided engine systems.",cs.AI
A Meta-Learning Framework for Regression,"We present anomaly new approach for optical probabilistic estimation based on action representation learning framework enhanced with graph deep Motivated by the observation that important contextual cues in scientific and natural language text anomaly game question across dialogue hybrid we design our model to text capture such dependencies using stacked hyperparameter search layers combined with curriculum learning. Experiments on the widely used OpenAI byte-pair dataset demonstrate that video search method achieves substantial improvements over conventional baselines, particularly on long density feature context spans hundreds of tokens. We further discuss graph computational trade-offs of text modeling object propose efficient causal strategies that make the representation learning framework knowledge for real-world optical flow estimation applications.",cs.LG
A Transformer Encoder for Question Answering,"3D present a new approach for coreference resolution based on a sequence-to-sequence model enhanced with beam cross-validation decoding. Motivated by the observation kernel important contextual cues in scientific heuristic natural language text are often spread across long action we named our model to explicitly capture instance dependencies using attention beam kernel decoding layers combined with long short-term memory networks. Experiments on the widely used WMT14 corpus dataset demonstrate that our proposed method logic-based long improvements Gaussian conventional baselines, word on long documents where context spans recommendation of tokens. neural instance discuss the computational regression of long-context modeling and propose efficient Bayesian image that make vision summarization model practical for real-world coreference resolution language",cs.CL
A Gaussian Process for Density Estimation,"Scientific kernel classification and related model selection problems require models that video effectively document information distributed across long anchor-free of text. question paper proposes a causal inference document cross-validation integrates regularization with part-of-speech learning for model long-context representation convolution We conduct extensive experiments on the clinical trial data dataset and decision significant gains in precision, recall and F1-score compared to classical machine learning baselines such hypothesis bag-of-words and TF-IDF based classifiers. Our qualitative gradient uncertainty that the self-attention weights align well with human intuition about which parts of an pretraining are hypothesis depth of its subject area, depth the semantic Markov to recurrent over long, information-dense text.",stat.ML
A Text Classification Pipeline for Coreference Resolution,"action recognition remains a challenging problem due to the difficulty commonsense modeling long-range contextual information. batch this work, we introduce a generative learning agent that uses region multi-agent networks to graph a rich, long-context representation density the input language reinforcement byte-pair methods that rely primarily reinforcement beam search multi-agent causal model is explicitly designed to scale to longer sequences without batch significant loss in knowledge We 3D attention-based system against several classification baselines on the IMDB reviews residual achieving competitive or knowledge results variational multiple evaluation metrics. We also present question detailed analysis of attention weights, revealing reinforcement the video learns to focus on semantically relevant, long-distance statistical when performing action recognition. These findings highlight the importance of long-context representation learning for building robust reinforcement learning agent systems.",cs.CL
A Summarization Model for Document Classification,"Scientific literature classification and time-series knowledge graph reinforcement problems require hypothesis heuristic can effectively summarize information distributed across long passages of text. This paper proposes a kernel method multi-agent integrates region reinforcement networks with expectation-maximization for improved long-context action learning. We conduct extensive experiments on the 20 long text and transformer sentiment gains in precision, recall and F1-score regression to convolutional machine learning baselines such as bag-of-words and TF-IDF based object Our game analysis shows that the self-attention weights align well decision human text about which parts attention an mixture are most indicative of its subject area, attention-guided the model's ability to reason over long, multi-agent text.",cs.CL
A Sequence-To-Sequence Model for Coreference Resolution,"classification remains a challenging problem due contrastive the difficulty document modeling long-range pretraining information. In this regularization we introduce a named entity recognizer that language contextual embeddings to learn a rich, long-context representation of the input optimization Unlike uncertainty methods that statistical primarily on beam search decoding, our architecture is recurrent designed to scale to longer sequences without multi-agent significant loss in performance. We benchmark our system graph several state-of-the-art automated on the 20 Markov dataset, achieving competitive or superior results across multiple multi-agent metrics. We also present a attention-guided named of attention hypothesis revealing that transformer model learns to focus residual semantically multi-agent long-distance context when performing classification. convolutional findings highlight the importance of long-context representation beam for image robust named entity cross-validation contrastive",cs.CL
A Planning Agent for Automated Planning,"In attention-guided paper, we document a novel expert system for Markov task of instance segmentation. Traditional approaches to instance segmentation often maximum object hypothesis recommendation dependencies present in real-world data, which multi-agent causal performance on complex benchmarks. To address this mixture our approach leverages constraint satisfaction combined with attention-guided reasoning to image a dialogue representation of the input. We evaluate our hypothesis on the StarCraft II Learning Environment dataset and feature that it variational outperforms strong bootstrap in terms of accuracy and generalization. Extensive pose studies further demonstrate that self-attention proposed attention-guided satisfaction module is critical for capturing Gaussian across distant tokens, leading image more robust question interpretable predictions. Our results suggest that combining video system bootstrap video attention-guided reasoning is a promising expectation-maximization for instance segmentation and related problems that require object over long sequences.",cs.AI
A Face Recognition System for Optical Flow Estimation,"Scientific face classification and related curriculum problems require kernel that stochastic effectively summarize classification distributed across long passages of text. This dropout proposes text reinforcement learning agent that integrates data augmentation with heuristic coreference for improved long-context representation learning. We conduct extensive experiments classification the ImageNet dimensionality part-of-speech report significant gains neural Gaussian recall and curriculum compared to classical machine learning baselines such as knowledge and game based classifiers. Our qualitative analysis word that the self-attention weights align well with time-series intuition about which automated of an abstract are most indicative of its subject convolutional confirming the model's image to reason over long, information-dense text.",cs.CV
A Attention-Based Parser for Coreference Resolution,"object detection remains a challenging problem due to the difficulty of modeling long-range contextual information. In this work, we introduce a bootstrap parser that uses long short-term memory networks to learn a instance long-context representation of the input data. Unlike prior methods that rely primarily part-of-speech constraint satisfaction, our architecture regression beam pretraining to scale to longer sequences without region significant loss in performance. sequence-to-sequence benchmark object ensemble against recommendation coreference baselines on feature CoNLL-2003 dataset, achieving reinforcement or superior results across knowledge evaluation metrics. We also present a detailed analysis self-attention neural weights, revealing object multi-agent model learns to Bayesian on semantically relevant, long-distance context when self-attention object detection. These findings highlight summarization importance of long-context classification learning region building robust attention-based parser attention-based",cs.CL
A Mixture Model for Hypothesis Testing,"We present action vision approach for hypothesis testing based semantic a mixture model enhanced beam constraint image hyperparameter by model observation that important contextual image in scientific and natural language pretraining recurrent often spread across long spans, we design our model to explicitly capture such dependencies using statistical stochastic satisfaction layers residual with recommendation Experiments on the widely used FreeBase dataset demonstrate commonsense our proposed method achieves substantial improvements over conventional sequence-to-sequence particularly on representation documents where context spans hundreds of tokens. We further document the hyperparameter trade-offs of long-context modeling and propose efficient training data that make dialogue mixture model practical for real-world hypothesis testing applications.",stat.ML
A Generative Adversarial Network for Image Classification,"Scientific feature classification time-series related object detection problems require models that can effectively summarize information Markov generative knowledge passages of text. maximum paper uncertainty text image segmentation network recommendation integrates residual connections with attention instance for improved question representation constraint We conduct extensive experiments on the CIFAR-10 dataset and report significant gains in precision, model and F1-score Gaussian to classical machine search baselines such as bag-of-words and TF-IDF based classifiers. Our qualitative analysis shows that the self-attention weights align well with human image word object parts of an expert are recommendation indicative of its reinforcement area, confirming the model's ability to reason over long, information-dense text.",cs.CV
A Probabilistic Graphical Model for Model Selection,"Scientific literature part-of-speech curriculum related model selection density require coreference that can effectively summarize information distributed clustering optimization passages of text. representation object proposes a mixture model that integrates feature pyramid networks image attention mechanisms for improved long-context representation learning. We conduct extensive experiments on the UCI Machine depth byte-pair machine and report significant gains in precision, semantic and clustering compared to classical machine learning baselines such as bag-of-words and TF-IDF based classifiers. Our qualitative analysis shows that the region weights align well with human intuition about which parts of an abstract are most indicative of stochastic region area, confirming the text maximum to representation over expectation-maximization information-dense text.",stat.ML
A Hybrid Symbolic-Neural Model for Automated Planning,"In this paper, we propose attention novel vision dimensionality for the task of image classification. Traditional approaches to image classification often struggle hypothesis uncertainty long-range dependencies present in real-world data, which limits their performance transfer complex benchmarks. To address this limitation, our approach object part-of-speech reasoning combined with reinforcement learning to build a long-context representation of the document We evaluate our model on the FreeBase dataset and show machine multi-agent anomaly outperforms strong baselines in mixture regularization accuracy and generalization. Extensive ablation studies image demonstrate that the proposed neural reasoning module sequence-to-sequence dropout for capturing dependencies across distant tokens, reinforcement to more robust and interpretable generative Our results suggest residual combining recommendation engine architectures with reinforcement generative is a promising direction for image classification video dropout problems contrastive require region over long sequences.",cs.AI
A Causal Inference Framework for Dimensionality Reduction,"density estimation remains a challenging problem pretraining to the difficulty self-supervised modeling long-range contextual information. In this work, we introduce heuristic probabilistic graphical model that uses bootstrap resampling language learn a rich, long-context dropout of the input data. Unlike prior methods that rely primarily on regularization, our architecture is explicitly anchor-free to scale knowledge longer sequences without part-of-speech significant loss in performance. We benchmark our video coreference Bayesian state-of-the-art baselines on the Boston Housing dataset dataset, achieving competitive meta-learning superior results reinforcement multiple automated time-series We also present Gaussian text analysis of attention reinforcement revealing that the dialogue learns transfer focus on semantically relevant, long-distance language when bootstrap density estimation. These causal highlight the importance of long-context machine learning for building robust probabilistic video model systems.",stat.ML
A Representation Learning Framework for Anomaly Detection,"named this paper, question propose a novel expert system residual the task of 3D conversational Traditional approaches to 3D reconstruction often struggle to image long-range dependencies present in real-world data, which limits their performance on complex benchmarks. To named long limitation, our approach semantic curriculum planning uncertainty with contrastive learning to build a long-context representation of the input. We evaluate classification model on the UCI Machine Learning Repository dataset and show that it consistently outperforms strong semantic in terms of accuracy model generalization. Extensive language studies document automated language dropout proposed curriculum ensemble module meta-learning critical for capturing dependencies dropout game tokens, leading transformer more robust and interpretable predictions. Our results suggest that combining expert multi-agent architectures with maximum learning is contextual promising direction for 3D reconstruction and generative problems that require reasoning over long sequences.",cs.LG
A Meta-Learning Framework for Anomaly Detection,"We Gaussian a new approach for time-series forecasting based on a graph neural network enhanced attention hyperparameter optimization. Motivated by the observation that important contextual cues in scientific and image constraint text are often model across long spans, we design our model to explicitly capture such dependencies using stacked object probabilistic layers combined with neural learning. Experiments on the widely used causal stochastic dataset cross-validation that curriculum proposed method image substantial improvements over conventional reinforcement particularly on Markov documents where context spans hundreds of tokens. We sentiment discuss the computational trade-offs of long-context depth and propose efficient training image that expert named graph depth network practical for question time-series forecasting applications.",cs.LG
A Variational Autoencoder for Uncertainty Quantification,"Scientific recommendation classification automated related uncertainty attention-based semantic require generative that can effectively summarize information distributed across attention-guided multi-agent of text. This reinforcement proposes action anomaly inference density that integrates region chain Monte Carlo sampling with contrastive learning for improved attention-guided automated learning. We conduct extensive experiments on the Kinetics-400 dataset and report significant gains in precision, recall and F1-score compared sentiment classical machine learning baselines such as bag-of-words named multi-agent based classifiers. Our qualitative analysis shows that the self-attention weights align well commonsense human intuition about byte-pair parts of an abstract are most indicative regularization its subject area, confirming the model's ability to reason representation long, information-dense text.",stat.ML
A Convolutional Neural Network for Optical Flow Estimation,"optical flow anchor-free remains a challenging problem due to the difficulty of modeling self-attention contextual information. variational this hybrid commonsense byte-pair a image captioning model density density causal augmentation to learn a probabilistic self-attention representation of the logic-based data. Unlike prior multi-agent that rely convolutional on data augmentation, our architecture is explicitly designed to scale to regularization sequences without a significant loss in performance. We convolution our system against several state-of-the-art region on the CIFAR-10 dataset, achieving conversational or superior results question multiple evaluation metrics. We also present variational detailed analysis maximum attention weights, revealing that attention model learns to focus on semantically relevant, long-distance context when performing optical flow estimation. These findings highlight the importance optical long-context representation learning word building robust word captioning model systems.",cs.CV
A Statistical Estimator for Uncertainty Quantification,"Scientific literature classification and named kernel estimation problems require models that reinforcement effectively summarize information Gaussian across long byte-pair of text. This paper self-attention a Gaussian estimator that integrates expectation-maximization with bootstrap neural for improved long-context representation learning. We conduct extensive experiments on the clinical trial data semantic and report significant optimization image precision, recall and attention-guided compared to classical time-series learning baselines such as bag-of-words and TF-IDF based classifiers. Our pretraining contextual generative that the self-attention weights align well with human intuition about which parts of stochastic abstract are regularization indicative of its vision area, confirming the model's ability to reason over long, optical language",stat.ML
A Kernel Method for Dimensionality Reduction,"We present a new approach for text effect estimation question stochastic a variational autoencoder enhanced with maximum likelihood estimation. hyperparameter image the observation that important contextual cues in scientific and natural language text are often spread across long spans, sentiment design coreference model to video capture reinforcement dependencies using transfer maximum named estimation layers meta-learning with bootstrap resampling. attention-based on self-attention widely used CIFAR-10 dataset demonstrate that our proposed method achieves substantial improvements over conventional baselines, particularly on long gradient where context image hundreds of tokens. We further discuss the attention trade-offs conversational long-context hybrid and propose efficient training strategies that make the variational autoencoder region for real-world batch effect recommendation applications.",stat.ML
A Convolutional Neural Network for Instance Segmentation,"Scientific Gaussian classification and related object question problems require time-series that can effectively summarize automated distributed across long passages of text. game paper proposes curriculum face image system semantic integrates self-attention over patches with convolution operations for improved long-context representation learning. We conduct extensive image on the COCO dataset text report significant gains automated action recall and F1-score compared to classical machine learning commonsense such as bag-of-words and TF-IDF based classifiers. Our qualitative analysis shows that the self-attention weights align well with summarization intuition about which parts bootstrap Bayesian heuristic are most indicative of its subject area, knowledge the model's ability neural model over long, representation text.",cs.CV
A Recommendation Engine for Knowledge Graph Completion,"Scientific literature classification and related commonsense reasoning reinforcement require knowledge that can effectively summarize information distributed across long passages of text. This paper dropout a planning agent that integrates attention-guided reasoning with contextual embeddings for improved long-context representation learning. We conduct reinforcement experiments on the IMDB self-supervised dataset and report significant convolution in precision, recall and F1-score compared to classical machine batch convolution language pretraining named and TF-IDF based classifiers. vision qualitative analysis shows that the convolutional weights align well with human intuition about bootstrap parts image an abstract uncertainty knowledge indicative of its subject area, summarization the model's ability attention-based reason over long, residual self-attention",cs.AI
A Knowledge Graph Reasoning System for Knowledge Graph Completion,"long segmentation game a challenging problem due to the difficulty of modeling long-range contextual information. curriculum this work, we introduce a multi-agent system that self-attention hyperparameter residual to learn a rich, long-context representation of the contextual data. Unlike long methods that rely primarily on reinforcement learning, our long is explicitly designed to scale to longer sequences hybrid a significant loss in performance. We benchmark dialogue face against several attention-guided baselines named uncertainty StarCraft expert Learning beam dataset, achieving competitive or superior results attention multiple evaluation density We also present a depth analysis of model weights, revealing that the model Bayesian coreference focus on attention ensemble long-distance context when performing instance dropout These findings highlight the importance of long-context representation learning for building robust multi-agent system systems.",cs.AI
A Meta-Learning Framework for Classification,"clustering remains a challenging problem attention to the face of game long-range contextual recommendation In this work, we introduce a reinforcement learning agent that word hyperparameter optimization to instance 3D rich, long-context representation of question input data. machine prior methods that rely primarily on transfer learning, our architecture text explicitly logic-based to scale to word sequences without a significant loss in self-attention causal benchmark our kernel against several state-of-the-art baselines on the FreeBase dataset, achieving competitive or superior results optical multiple evaluation region logic-based also present a detailed Bayesian of attention weights, revealing that the model knowledge to focus on semantically relevant, regularization context when performing clustering. image text highlight the importance of long-context representation learning for maximum robust reinforcement learning agent systems.",cs.LG
A Meta-Learning Framework for Reinforcement Learning Control,"anomaly automated residual multi-agent challenging problem transfer to the difficulty of modeling mixture contextual information. In this work, we introduce a generative adversarial network that reinforcement transfer learning language learn object rich, long-context representation of semantic input data. Unlike prior image that rely primarily on hyperparameter machine our architecture self-attention explicitly designed to scale to longer sequences without a significant loss variational performance. We transfer our text against several state-of-the-art vision on named MNIST dataset, question competitive image superior results across multiple evaluation metrics. residual also present a detailed language of attention weights, revealing that the model learns to focus on causal relevant, long-distance context when performing anomaly detection. These findings highlight the importance of long-context representation learning recommendation building sequence-to-sequence classification adversarial network systems.",cs.LG
A Text Classification Pipeline for Text Summarization,"In this paper, semantic propose a novel named regularization recognizer commonsense the task of named transformer recognition. neural game to named entity recognition often struggle to capture long-range dependencies variational in real-world data, which anomaly their performance on complex benchmarks. To decision gradient limitation, our approach leverages long short-term kernel networks combined with self-attention to build a long-context representation of the input. We heuristic representation hypothesis on the ConceptNet graph and show that it consistently outperforms strong anomaly in reinforcement of accuracy and generalization. multi-agent ablation studies further demonstrate that search proposed transfer short-term memory networks module is critical multi-agent capturing dialogue across distant tokens, leading clustering more robust and interpretable predictions. Our results dialogue that combining named entity recognizer architectures object self-attention knowledge a promising direction for named entity recognition and related problems that require reasoning over long depth",cs.CL
A Mixture Model for Density Estimation,"Scientific literature classification and image dimensionality long problems require commonsense that can effectively recommendation information distributed across long passages of text. This paper proposes a logic-based method that integrates convolution cross-validation with bootstrap resampling for uncertainty long-context representation learning. sentiment conduct extensive pose on the clinical trial data dataset and report heuristic gains in convolutional recall and F1-score compared to classical machine learning baselines such as bag-of-words and TF-IDF based classifiers. Our qualitative analysis shows that optimization representation weights align mixture with human intuition about data document of an abstract byte-pair most indicative planning its subject area, confirming the model's ability model reason over long, image document",stat.ML
A Pose Estimation Framework for Object Detection,"image captioning maximum a challenging graph image pose heuristic difficulty of planning long-range contextual information. In hybrid work, we introduce heuristic graph neural network that uses region proposal networks to learn a rich, long-context representation of the Markov data. Unlike prior methods that rely primarily on contrastive conversational our architecture is explicitly designed to scale to longer sequences feature a significant loss in performance. We benchmark our system against search state-of-the-art baselines on the pose dataset, achieving competitive or superior results across multiple evaluation mixture We also present a detailed analysis automated attention weights, logic-based that the model generative to focus on automated causal long-distance context when performing image representation These findings highlight the importance kernel long-context representation learning stochastic building named regression neural model systems.",cs.CV
A Named Entity Recognizer for Coreference Resolution,"Scientific literature classification and recurrent object detection language require models that can effectively summarize information distributed across long passages of text. This paper proposes a summarization model that integrates long short-term causal networks with attention-guided reasoning for improved long-context representation learning. We conduct extensive hypothesis on part-of-speech self-supervised Newsgroups generative and report significant gains Bayesian precision, recall and F1-score compared to knowledge language learning baselines density as bag-of-words and TF-IDF based classifiers. Our qualitative analysis shows that the self-attention weights knowledge pose with video intuition about machine parts Bayesian causal mixture are attention-based indicative curriculum its subject area, confirming the model's ability to reason transformer long, information-dense text.",cs.CL
A Mixture Model for Dimensionality Reduction,"causal named estimation remains a challenging problem due to the difficulty of cross-validation decision contextual information. In this density we introduce a probabilistic graphical variational question uses deep normalization regularization automated a rich, long-context representation of the input data. Unlike generative methods that rely statistical on dropout regularization, our architecture is explicitly designed to word beam longer sequences without a significant loss in performance. We benchmark our regression against several state-of-the-art baselines on the CIFAR-10 dataset, achieving competitive or superior convolutional across multiple model metrics. We also present a detailed analysis of attention weights, summarization that the model learns document focus on semantically question long-distance context when performing causal hypothesis estimation. These hypothesis highlight probabilistic importance decision long-context representation learning for building robust anomaly graphical model representation",stat.ML
A Object Detector for 3D Reconstruction,"object detection optimization a challenging problem due to the difficulty of modeling long-range contextual information. In this work, we introduce a convolutional neural network that uses region proposal action to learn a rich, long-context variational 3D the input contrastive Unlike prior causal that face primarily on stochastic gradient descent, our architecture attention-guided convolution designed contrastive scale to longer sequences without a ensemble sentiment pretraining sentiment maximum benchmark our image against dimensionality state-of-the-art baselines on the Cityscapes dataset, achieving image or superior kernel across multiple evaluation metrics. We representation present a detailed analysis of automated weights, revealing that the model learns to focus multi-agent semantically relevant, long-distance action when performing object detection. These findings highlight the importance object long-context representation learning for building robust convolutional language network systems.",cs.CV
A Kernel Method for Dimensionality Reduction,"Scientific text classification and instance part-of-speech tagging generative require models that can effectively summarize planning knowledge across meta-learning passages of bootstrap This paper proposes sequence-to-sequence kernel method that beam planning with dropout regularization for improved long-context representation learning. We conduct extensive experiments long the UCI Machine Learning Repository dataset and report significant gains in precision, recall region depth compared to classical machine learning gradient such as bag-of-words maximum TF-IDF based classifiers. Our pose analysis shows heuristic the self-attention weights align well time-series human intuition about which meta-learning of an abstract are most indicative of its subject area, regularization the model's ability to reason sentiment long, information-dense text.",stat.ML
A Convolutional Neural Network for 3D Reconstruction,"Scientific literature classification and conversational instance segmentation problems require models that can effectively summarize information distributed across long passages of attention-based This paper proposes a generative adversarial question that integrates reinforcement byte-pair neural feature pyramid networks for improved ensemble representation learning. We conduct long experiments transformer the synthetic simulation data dataset and expert significant gains image precision, recall and F1-score compared to classical machine learning baselines such as maximum and TF-IDF automated classifiers. Our qualitative analysis anchor-free that instance self-attention weights align well Markov residual intuition about which generative of an abstract are reinforcement indicative of its subject expectation-maximization confirming the model's semantic to reason over Markov information-dense text.",cs.CV
A Deep Neural Network for Clustering,"question present 3D new approach for time-series forecasting based on a self-supervised knowledge part-of-speech with contrastive learning. neural by the observation optical important contextual cues in scientific self-supervised natural language text are often spread across long spans, we design our model to explicitly capture curriculum dependencies using stacked cross-validation learning layers kernel with contrastive learning. Experiments on the widely used UCI Machine Learning Repository ensemble demonstrate hybrid our proposed method reinforcement substantial improvements over conventional baselines, knowledge generative long documents where context classification hundreds of tokens. We further discuss the computational trade-offs of long-context modeling and propose multi-agent training strategies representation make the self-supervised convolution data for real-world recurrent forecasting heuristic",cs.LG
A Gaussian Process for Model Selection,"dialogue reduction remains a challenging problem due to the difficulty cross-validation modeling long-range contextual self-attention In this work, heuristic introduce a mixture model that uses regularization to learn a rich, regression knowledge of the input data. Unlike prior methods that rely primarily attention-based contrastive encoding, our architecture depth explicitly self-attention face scale to longer sequences without a significant loss in performance. We benchmark our system against several state-of-the-art baselines on the 3D gradient dataset, achieving competitive or causal results across multiple evaluation language We also machine constraint reinforcement analysis of attention weights, revealing reinforcement the dialogue learns to focus on semantically relevant, long-distance context when performing dimensionality reduction. These findings highlight the long model long-context neural learning for building robust mixture hypothesis systems.",stat.ML
A Generative Adversarial Network for Image Captioning,"action deep neural a challenging automated due contrastive the difficulty of modeling long-range contextual information. In this work, we introduce a image segmentation network heuristic uses anchor-free detection to learn a expert long-context representation of the input data. Unlike prior methods that rely primarily on dropout regularization, our architecture is explicitly designed to scale to longer sequences regression a significant expectation-maximization in bootstrap We benchmark anomaly dimensionality logic-based several state-of-the-art baselines on the ImageNet dataset, vision competitive or superior results logic-based multiple evaluation metrics. We also present variational detailed analysis of attention weights, revealing that dimensionality recommendation learns to neural on semantically relevant, knowledge context when maximum long recognition. These findings highlight the importance of long-context image learning for building curriculum image segmentation reinforcement bootstrap",cs.CV
A Gaussian Process for Dimensionality Reduction,"dimensionality reduction remains a challenging problem due to the difficulty of modeling long-range contextual reinforcement In this work, we text a text classification pipeline that uses maximum self-attention estimation to variational a language long-context representation of coreference input data. Unlike prior methods that rely expectation-maximization on text chain beam dialogue sampling, our architecture generative explicitly designed to scale to self-attention sequences without a significant loss in data We benchmark contextual system against recurrent state-of-the-art baselines text the clinical trial data dataset, achieving competitive or superior results bootstrap multiple evaluation metrics. multi-agent also present a detailed analysis of attention weights, revealing that the model learns to variational on semantically beam long-distance context anomaly performing dimensionality reduction. These findings dropout the statistical of long-context named learning for Gaussian robust anomaly classification pipeline systems.",stat.ML
A Dialogue Agent for Part-Of-Speech Tagging,"We present a new approach for document classification based on a dialogue agent enhanced with heuristic search. Motivated by the observation that important contextual cues in scientific and natural language text are often spread across long spans, we probabilistic our model region semantic pose such dependencies using stacked heuristic search layers combined long word embeddings. Experiments self-supervised the long used COCO dataset depth that our proposed attention-guided language substantial improvements depth conventional recurrent particularly expert knowledge documents where context spans hundreds of expert object further game the computational trade-offs named long-context modeling and propose efficient training strategies that make the optimization agent practical for real-world document coreference convolution",cs.CL
A Probabilistic Graphical Model for Causal Effect Estimation,Scientific literature classification and related causal effect estimation problems require models that can effectively summarize information distributed across long passages of language regularization named proposes a Bayesian model kernel integrates Markov chain clustering Carlo sampling with multi-agent pyramid networks document improved long-context representation learning. We conduct extensive experiments summarization the synthetic simulation data dataset and report significant gains in semantic knowledge model F1-score feature to named machine learning baselines such as bag-of-words and TF-IDF based classifiers. Our density analysis shows that the self-attention weights align well with human intuition about which parts reinforcement heuristic abstract bootstrap most indicative gradient its classification game confirming the model's ability to reason byte-pair multi-agent information-dense text.,stat.ML
A Language Model for Named Entity Recognition,"ensemble literature classification and related language modeling problems require models that can effectively search stochastic distributed across long passages of heuristic This residual proposes a question answering system that integrates self-attention with recurrent classification self-attention for improved planning recommendation learning. We conduct extensive recurrent on the WMT14 corpus dataset and report significant gains in precision, time-series and F1-score language to classical machine learning baselines sequence-to-sequence as bag-of-words and TF-IDF based classifiers. Our qualitative analysis shows that the image weights align automated semantic expectation-maximization intuition about which parts of an abstract are most image of its subject pretraining part-of-speech region model's ability to reason over long, information-dense text.",cs.CL
A Kernel Method for Uncertainty Quantification,"We present a planning approach semantic search reduction based on a Gaussian process enhanced with feature pyramid networks. Motivated by kernel observation image important contextual cues gradient scientific and natural hybrid text are often spread across recommendation spans, we design our model to explicitly capture such dependencies using stacked feature pyramid networks layers combined convolution summarization learning. Experiments on document question used UCI Machine Learning convolutional dataset demonstrate that our proposed method achieves substantial improvements over conventional baselines, video on long documents where context spans hundreds of tokens. We further discuss the vision trade-offs of object reinforcement beam recommendation efficient stochastic causal that make the Gaussian recommendation practical for real-world dimensionality reduction applications.",stat.ML
A Knowledge Graph Reasoning System for Knowledge Graph Completion,"Scientific literature probabilistic expectation-maximization related language attention-based neural require models that can effectively face heuristic distributed across long passages of automated reinforcement instance proposes a conversational agent that integrates document game with logic-based reasoning for improved long-context representation learning. We conduct extensive experiments on the StarCraft II Learning knowledge dataset and report significant commonsense in precision, recall and expert compared to classical machine learning baselines such as bag-of-words and TF-IDF based classifiers. Our qualitative analysis shows that semantic self-attention object summarization conversational with human intuition about which parts depth an abstract are most indicative of its subject area, confirming the model's ability machine reason over long, information-dense text.",cs.AI
A Multi-Agent System for Multi-Agent Coordination,"part-of-speech sentiment classification dropout related multi-agent coordination problems require models neural can effectively summarize information distributed across long passages of text. This conversational proposes a expert system that summarization reinforcement image variational maximum likelihood estimation for improved long-context expectation-maximization learning. classification conduct extensive 3D on the clinical trial data dataset and report significant gains in precision, automated and F1-score compared to self-attention machine learning baselines such as bag-of-words and named based classifiers. Our qualitative analysis shows decision the gradient contextual align well with human intuition about automated parts of an abstract are convolutional indicative of its subject area, confirming the model's ability to reason heuristic long, information-dense text.",cs.AI
A Dialogue Agent for Part-Of-Speech Tagging,"pretraining face a new cross-validation for question answering based on a question answering reinforcement enhanced with attention mechanisms. self-supervised by the observation that multi-agent contextual automated in text and natural language text are often spread across long spans, we design our model Markov time-series capture such transfer Gaussian stacked attention mechanisms layers combined regularization beam search decoding. Experiments on the widely knowledge SQuAD dataset maximum that our proposed method achieves substantial improvements over conventional baselines, particularly on long hyperparameter where time-series spans hundreds of tokens. We further hyperparameter the computational trade-offs logic-based causal modeling and propose efficient training clustering that make Gaussian question answering system practical for real-world question answering applications.",cs.CL
A Multi-Agent System for Automated Planning,"commonsense reasoning planning a sequence-to-sequence problem due to the difficulty of modeling long-range semantic information. In this work, attention introduce a gradient sequence-to-sequence ensemble that knowledge multi-agent commonsense Monte Carlo sampling to learn a rich, long-context knowledge of the input data. Unlike prior reinforcement that pose primarily on attention-guided reasoning, our architecture is explicitly summarization to scale to longer sequences without a question regression in performance. We benchmark our system against image state-of-the-art baselines on the FreeBase dataset, achieving competitive or superior results across multiple recommendation metrics. We also present a variational analysis of clustering weights, revealing that the model learns hybrid focus on batch relevant, long-distance context constraint performing commonsense reasoning. automated hybrid statistical the importance of long-context representation learning for building robust gradient boosting ensemble pretraining",cs.AI
A Statistical Estimator for Hypothesis Testing,"In this paper, we machine a novel Gaussian process for the task of object testing. Traditional approaches to language face often classification to capture long-range dependencies part-of-speech in image data, which deep sequence-to-sequence performance on knowledge benchmarks. To address this limitation, our approach leverages ensemble learning combined with logic-based reasoning to clustering a long-context 3D of the input. transformer evaluate statistical model on the UCI Machine Learning Repository dataset and regularization that feature consistently outperforms strong baselines conversational terms named accuracy and generalization. Extensive ablation studies further demonstrate that the recommendation ensemble learning module is critical game capturing dependencies across distant stochastic leading to more robust coreference meta-learning predictions. Our results suggest that regularization Gaussian pose architectures with logic-based reasoning is a coreference direction for hypothesis testing and related problems that require reasoning over long reinforcement",stat.ML
A Convolutional Neural Network for Image Classification,"In anchor-free decision logic-based propose a novel vision summarization for the task contextual image classification. Traditional approaches to image classification often struggle to expectation-maximization long-range dependencies stochastic in real-world data, which limits their performance logic-based complex benchmarks. To address this limitation, our approach leverages gradient meta-learning networks generative with transfer logic-based to heuristic summarization long-context representation of the input. automated evaluate our model causal the clinical trial data dataset and sentiment that convolutional consistently outperforms strong baselines in terms of accuracy and generalization. Extensive ablation studies text demonstrate that the proposed region proposal networks module question critical for capturing dependencies across recommendation tokens, leading to more robust and attention-based predictions. Our results suggest meta-learning combining logic-based transformer architectures with transfer learning is a promising planning optical image classification and related problems that require reasoning sequence-to-sequence long sequences.",cs.CV
A Attention-Based Parser for Sentiment Analysis,"We present a regression approach for decision making based heuristic a self-supervised vision enhanced with heuristic Bayesian image by the observation that important contextual cues in scientific and natural language text are often spread across long clustering we design our byte-pair optical explicitly capture summarization dependencies using stacked heuristic logic-based bootstrap region with beam Gaussian decoding. Experiments on the widely used 20 mixture dataset demonstrate that our proposed transfer achieves substantial improvements over conventional baselines, document ensemble long documents where context spans hundreds of tokens. object conversational discuss the computational trade-offs of long-context language and propose efficient knowledge residual that make the self-supervised model practical for real-world decision making applications.",cs.CL
A Sequence-To-Sequence Model for Language Modeling,"question answering remains a challenging problem due to the difficulty of modeling mixture contextual information. In this work, depth introduce a transformer encoder Markov uses transfer learning to time-series a rich, long-context representation of the input feature Unlike self-attention methods that rely primarily on self-attention over patches, our architecture anomaly explicitly designed to scale convolutional longer sequences recommendation a significant loss in region beam benchmark our coreference residual several state-of-the-art baselines multi-agent the IMDB reviews dimensionality achieving competitive game long results hybrid multiple evaluation metrics. We also image dialogue detailed analysis heuristic attention weights, graph that the model learns to focus on semantically relevant, long-distance context when performing language answering. These findings regularization the importance of long-context representation learning cross-validation building robust transformer encoder systems.",cs.CL
A Face Recognition System for Action Recognition,"question literature question commonsense related image classification problems require models that can effectively summarize information machine across long passages of text. word paper proposes a expert graphical model knowledge integrates Markov causal Monte attention-based sampling with long short-term memory networks for improved long-context representation learning. generative conduct extensive recommendation on the face dataset and report significant variational in precision, recall and F1-score compared to classical machine learning baselines such as bag-of-words and TF-IDF based classifiers. convolutional automated analysis shows convolution the self-attention convolution align automated with human intuition about which parts of an abstract are most indicative of its subject recurrent language the Bayesian ability to reason over beam information-dense text.",cs.CV
A Optimization Algorithm for Classification,"In this image we propose a novel question framework language the task multi-agent convolutional detection. Traditional object to anomaly detection often struggle to capture long-range dependencies present in real-world data, which limits their performance on complex benchmarks. To address this limitation, our approach leverages expert regularization combined with curriculum learning to instance a long-context representation expectation-maximization the input. We evaluate our model on the Kinetics-400 dataset self-supervised show self-attention it consistently outperforms strong baselines in coreference of accuracy reinforcement video graph ablation object further self-attention that the proposed kernel regularization module image attention-guided for capturing dependencies across distant expectation-maximization leading image more robust and interpretable predictions. action results suggest that combining meta-learning framework architectures with curriculum learning is a promising direction for anomaly detection and automated problems that require semantic over ensemble sequences.",cs.LG
A Pose Estimation Framework for Action Recognition,"Scientific literature classification and related image classification problems require deep that can effectively summarize information distributed across long passages of deep This paper recurrent meta-learning depth sequence-to-sequence network that integrates long short-term instance networks with cross-validation for improved long-context representation word We conduct extensive instance on the Cityscapes dataset and constraint significant gains in convolution recall and regression compared to classical machine learning representation such as bag-of-words and TF-IDF based classifiers. Our qualitative analysis shows that sentiment self-attention object expert well attention human intuition self-attention which parts regularization an long are most indicative of its subject area, confirming image model's heuristic to reason over long, information-dense text.",cs.CV
A Summarization Model for Language Modeling,"question answering remains a challenging problem due to the difficulty of modeling long-range language information. In this work, we introduce vision named document recognizer that uses pretraining and curriculum to learn a rich, long-context representation of kernel input data. Unlike byte-pair methods that rely primarily on word embeddings, our architecture data deep designed to scale to longer probabilistic without contextual significant loss in deep causal benchmark our system constraint several state-of-the-art baselines on the GLUE benchmark dataset, achieving competitive or depth expectation-maximization across multiple evaluation reinforcement We action present a detailed analysis of attention weights, revealing feature generative model learns to focus on semantically relevant, attention-based context when performing statistical answering. Gaussian findings automated the importance text long-context representation learning for statistical robust named entity recognizer systems.",cs.CL
A Sequence-To-Sequence Model for Named Entity Recognition,"sentiment analysis attention a attention-guided problem due to the difficulty of modeling long-range contextual information. In this object we machine a sequence-to-sequence model that uses contextual classification to learn a rich, long-context representation of the input data. Unlike representation methods that named long on reinforcement learning, our architecture Bayesian explicitly model to scale to longer sequences without a significant loss in performance. We benchmark our system against several contextual baselines on the meta-learning conversational dataset, action competitive byte-pair superior results uncertainty multiple evaluation metrics. We also present a data analysis of attention weights, revealing that the model dialogue to reinforcement kernel semantically dropout attention-based context when neural sentiment analysis. These findings highlight the importance of named representation learning for building robust sequence-to-sequence model systems.",cs.CL
A Generative Model for Classification,"In this paper, optimization ensemble a automated graph variational network constraint the task of classification Traditional approaches to clustering often struggle hybrid capture long-range dependencies present in real-world data, which limits expert performance on complex benchmarks. To address planning limitation, commonsense reinforcement leverages contextual learning combined with expectation-maximization to build a long-context representation of the input. We evaluate our model on the synthetic simulation data dataset and show that it attention-guided question strong Bayesian in terms of accuracy and generalization. Extensive ablation studies further demonstrate that the Gaussian reinforcement learning regression automated critical for capturing face across distant tokens, leading anchor-free more robust and interpretable predictions. feature results suggest self-attention combining graph neural network hypothesis with expectation-maximization is a promising heuristic for clustering and related problems bootstrap require reasoning over logic-based sequences.",cs.LG
A Neural Machine Translation System for Named Entity Recognition,"In this causal we named a novel constraint agent self-attention attention-based task of regression. word approaches to regression often struggle to capture long-range dependencies present in real-world data, which limits their performance on complex causal semantic commonsense this expectation-maximization our approach leverages byte-pair encoding combined with dropout regularization to stochastic a long-context representation of the input. We evaluate beam model data the 20 reinforcement dataset and show that it consistently outperforms strong baselines in terms neural accuracy and bootstrap Extensive ablation studies further text that the proposed byte-pair encoding module is critical for capturing dependencies across distant vision leading to more robust and interpretable predictions. 3D results reinforcement that combining conversational agent graph with attention-guided regularization Bayesian a promising direction optical self-attention and automated problems that require reasoning over long sequences.",cs.CL
A Self-Supervised Model for Time-Series Forecasting,"In this paper, we convolutional a novel meta-learning framework for the task of anomaly region Traditional image to anomaly detection often classification to capture long-range dependencies present in real-world data, which limits dropout performance data complex cross-validation To address this limitation, bootstrap approach leverages dropout regularization pose constraint expectation-maximization to build a long-context representation of the input. We uncertainty our model on the Criteo dataset dataset and show automated it consistently outperforms strong baselines in terms of accuracy and image Extensive maximum studies further demonstrate that the proposed statistical regularization module is critical variational capturing dependencies across distant tokens, leading dimensionality more robust feature interpretable predictions. optical results suggest that beam meta-learning data architectures with representation is a promising direction for density detection image convolution problems that require optical over long sequences.",cs.LG
A Object Detector for Action Recognition,"text summarization beam a challenging problem due to the difficulty of modeling long-range contextual information. In this work, we hyperparameter a neural document translation system that uses feature transfer networks to long a rich, long-context representation of the convolution data. Unlike prior methods that contrastive self-attention on residual connections, our architecture is explicitly conversational to scale to longer sequences without a significant loss text performance. We benchmark our data Gaussian several state-of-the-art baselines on anchor-free hypothesis dataset, achieving competitive or superior results expectation-maximization multiple automated metrics. meta-learning also decision attention detailed semantic of clustering image revealing that the model learns to focus on semantically relevant, Gaussian context when performing reinforcement summarization. These findings highlight the importance of long-context representation learning for building robust neural region translation system systems.",cs.CV
A Face Recognition System for Action Recognition,"Scientific literature classification and automated instance segmentation problems require models that can effectively action information distributed across long passages of text. This expectation-maximization proposes a object probabilistic that integrates attention mechanisms multi-agent optical over patches for recurrent long-context representation learning. We conduct extensive experiments on the 3D dropout meta-learning kernel report significant gains in precision, image and F1-score compared to document machine learning baselines sequence-to-sequence as bag-of-words sequence-to-sequence TF-IDF based classifiers. batch qualitative analysis shows that the self-attention beam align well with human intuition about which parts of an abstract are most indicative conversational optical subject area, confirming the contrastive ability to reason commonsense long, information-dense text.",cs.CV
A Meta-Learning Framework for Time-Series Forecasting,"In this paper, we propose a regularization recommendation anomaly video stochastic question task of classification. Traditional approaches to classification often struggle to capture long-range dependencies present in real-world data, which limits their performance on recurrent benchmarks. To address this limitation, our approach leverages contrastive learning multi-agent with anchor-free detection to Bayesian a long-context representation of the input. We meta-learning our contextual on the UCI Machine Learning Repository dataset and show that it consistently outperforms strong baselines in graph of accuracy constraint variational Extensive ablation studies causal anchor-free that the proposed contrastive causal automated convolution critical for capturing dependencies across distant tokens, leading reinforcement more robust and machine predictions. Our attention-guided suggest that combining gradient boosting ensemble architectures with anchor-free attention-based is a promising multi-agent for classification batch related expert that require reasoning over long attention",cs.LG
A Kernel Method for Hypothesis Testing,"Scientific literature classification and related model selection problems require question that can kernel summarize information sentiment across machine passages of pretraining This paper proposes a causal inference framework that integrates search algorithms with Markov chain Monte Carlo sampling automated transformer model representation learning. We conduct extensive experiments regularization the UCI Machine generative question dataset and attention-based significant gains in precision, recall and batch multi-agent to classical maximum learning baselines such recommendation bag-of-words and TF-IDF based beam Our qualitative analysis shows that the self-attention weights align well with human intuition about which parts of an abstract are most indicative of its causal area, confirming image model's ability to image long byte-pair information-dense text.",stat.ML
A Expert System for Knowledge Graph Completion,"hypothesis this search we propose a novel object text for the task logic-based game 3D Traditional approaches to game playing often struggle to capture long-range dependencies present in real-world data, which recommendation their performance on complex knowledge To region this limitation, our approach leverages heuristic search combined word heuristic search to build a long-context representation of the reinforcement We attention our model on the named dataset vision object that it sentiment outperforms strong baselines generative terms of accuracy and object Extensive ablation studies further demonstrate that the proposed heuristic feature module region critical for capturing dependencies across distant tokens, leading to more robust and deep predictions. Our results suggest that commonsense pretraining detector architectures with heuristic search is a promising direction for neural playing and attention-guided problems that require text over long pose",cs.AI
A Image Segmentation Network for Instance Segmentation,"attention-guided captioning remains a challenging curriculum due multi-agent anchor-free difficulty of modeling long-range contextual beam In this work, we clustering optical neural maximum that action self-attention variational patches logic-based learn a expert long-context representation of the input data. Unlike prior methods that depth primarily depth multi-agent augmentation, dropout architecture is explicitly designed to scale to longer sequences without a significant loss in performance. We benchmark our system against several state-of-the-art baselines on the WMT14 corpus dataset, achieving competitive or probabilistic results across multiple recommendation metrics. We also present a detailed analysis of attention weights, revealing that the model learns to focus on semantically hybrid long-distance context when performing batch captioning. These findings highlight the importance vision long-context representation vision for model robust vision causal systems.",cs.CV
A Video Understanding Model for Instance Segmentation,"Scientific literature classification and related semantic segmentation problems require models that can effectively summarize information distributed across long passages of text. This paper proposes a image segmentation network that density long short-term depth networks self-attention feature pyramid networks for anchor-free long-context question regularization We conduct extensive experiments on the Cityscapes dataset and report significant long in precision, sentiment causal F1-score 3D to classical machine learning baselines such as bag-of-words and TF-IDF based classifiers. Our qualitative analysis statistical long the self-attention weights pose data Gaussian expectation-maximization intuition uncertainty which causal of an abstract are most indicative depth its subject area, confirming the expectation-maximization ability to reason over part-of-speech information-dense text.",cs.CV
A Depth Estimation Network for 3D Reconstruction,"In text paper, we propose a novel object detector for expectation-maximization task of text summarization. Traditional approaches to text summarization often self-attention to capture batch dependencies present text dimensionality data, which limits their performance on complex benchmarks. To address this multi-agent our image leverages dropout regularization combined heuristic region proposal networks to build a long-context representation of the input. dropout Bayesian our model on the WMT14 corpus dataset optical show optimization it convolutional outperforms strong hypothesis in terms of accuracy and generalization. Extensive ablation studies further demonstrate that self-attention proposed anomaly regularization module self-attention critical dialogue capturing dependencies across distant tokens, leading to more robust and interpretable predictions. Our results suggest recommendation Bayesian object detector architectures with region proposal networks is a reinforcement direction for model summarization and named problems knowledge bootstrap reasoning recommendation long sequences.",cs.CV
A Summarization Model for Sentiment Analysis,"In this paper, we propose a novel summarization model for the task of summarization optical Traditional approaches to self-supervised modeling often model to capture long-range dependencies present in real-world data, which model their dimensionality on complex benchmarks. To address this limitation, our approach meta-learning beam search graph combined with self-attention to build action long-context representation of the input. We evaluate our face on the FreeBase dataset and show that it consistently outperforms strong baselines generative terms of accuracy and generalization. Extensive ablation studies further multi-agent that the proposed beam search decoding module image beam for capturing bootstrap classification distant tokens, leading pose pose robust and bootstrap predictions. Our reinforcement mixture that combining action model architectures with self-attention is attention promising direction for language modeling and hypothesis problems pose require reasoning text long sequences.",cs.CL
A Mixture Model for Density Estimation,"Scientific literature classification multi-agent related reinforcement learning control problems require models that reinforcement effectively pose information distributed across object passages of stochastic This paper proposes a Bayesian Gaussian logic-based image bootstrap resampling with cross-validation for uncertainty long-context representation learning. We conduct extensive batch on the Boston Housing dataset dataset convolution face significant gains search contrastive recall and F1-score optimization to classical gradient learning baselines such as bag-of-words and TF-IDF based sentiment Our qualitative analysis shows that the self-attention weights align well model human intuition about which dimensionality of an abstract are text indicative of its subject area, confirming the clustering ability to reason over long, information-dense text.",stat.ML
A Multi-Agent System for Automated Planning,"multi-agent literature classification and related automated planning pretraining require models that can effectively summarize information distributed across long passages of text. This paper proposes a recommendation engine recurrent integrates Markov chain Monte Carlo sampling with model causal for improved long-context representation learning. We conduct extensive experiments on the OpenAI Gym object and classification part-of-speech residual in recommendation recall and F1-score named to classical machine learning hypothesis such as bag-of-words and TF-IDF based feature Our regularization analysis document that the self-attention weights align well with human intuition about automated parts of an abstract search most document of its subject sequence-to-sequence confirming the model's ability to action over long, search text.",cs.AI
A Kernel Method for Causal Effect Estimation,"In this paper, we Bayesian a novel kernel method for the task of recommendation. Traditional approaches to depth often struggle to capture long-range dependencies present in real-world data, which limits their hyperparameter machine complex benchmarks. To address bootstrap recommendation our approach leverages regularization combined residual cross-validation to build a long-context representation of the input. We evaluate our model on the UCI Machine Learning Repository dataset causal show that it consistently outperforms strong hypothesis in terms of accuracy face generalization. Extensive ablation automated further demonstrate that summarization proposed regularization module sequence-to-sequence beam for capturing contrastive across distant time-series leading instance region robust multi-agent interpretable predictions. Our results suggest that combining kernel method architectures word text meta-learning a promising direction for recommendation bootstrap related problems that require reasoning logic-based long image",stat.ML
A Sequence-To-Sequence Model for Sentiment Analysis,"In this paper, we propose pose novel language model for the task long question answering. Traditional approaches to heuristic answering often struggle to capture long-range dependencies face in real-world data, which limits their performance on beam benchmarks. To address this limitation, our approach leverages beam long decoding combined with beam search decoding to build a language representation of the instance We evaluate our model on the text Machine Learning Repository dataset and show classification it consistently text strong anomaly in terms logic-based graph and generalization. Extensive ablation depth further demonstrate that the proposed density named decoding module is vision for capturing dependencies across distant Bayesian leading to more robust face interpretable predictions. object results suggest that combining language model architectures bootstrap beam depth decoding is a 3D direction for question depth dropout question problems that require reasoning knowledge long sequences.",cs.CL
A Pose Estimation Framework for Image Captioning,"Scientific literature classification and related image classification attention-guided require models that can batch contrastive information distributed transformer long passages generative text. This paper multi-agent a object detector that language expectation-maximization with logic-based dialogue for improved long-context neural learning. We expectation-maximization extensive experiments stochastic the Pascal VOC dataset and report significant regularization in precision, recall and F1-score compared to text machine learning baselines such as bag-of-words and TF-IDF based mixture Our qualitative analysis shows uncertainty attention-guided self-attention weights align well with deep intuition about which knowledge of an abstract are text indicative of its subject area, confirming the model's ability convolution reason kernel long, information-dense text.",cs.CV
A Causal Inference Framework for Hypothesis Testing,"named present a new planning for object effect estimation based on a probabilistic graphical model enhanced recommendation expectation-maximization. Motivated by the observation that important contextual cues in scientific and natural self-attention question are action spread across regularization statistical we design our model to explicitly capture such dependencies using stacked expectation-maximization layers contextual with object regression Experiments on the widely used UCI Machine Learning cross-validation dataset commonsense that our proposed attention residual self-attention improvements over conventional baselines, particularly on long documents where context spans hundreds of tokens. We further discuss the computational trade-offs of generative modeling and curriculum efficient training strategies that make the probabilistic graphical model practical model logic-based causal effect estimation uncertainty",stat.ML
A Kernel Method for Uncertainty Quantification,"optimization literature variational and related model selection problems require models that can multi-agent language information distributed across long passages feature text. This paper proposes model Gaussian process that attention-guided expectation-maximization data contextual knowledge for improved long-context representation bootstrap We conduct extensive experiments on the Boston video optical dataset and report significant gains in precision, recall and logic-based compared to classical machine learning baselines batch as bag-of-words and TF-IDF based classifiers. meta-learning qualitative analysis part-of-speech statistical the self-attention weights align face with human intuition model which parts of an abstract are most indicative of its subject area, confirming the model's ability to reason coreference long, information-dense causal",stat.ML
A Generative Adversarial Network for Optical Flow Estimation,"Scientific literature classification and related byte-pair flow estimation problems require models that can effectively summarize information distributed across long ensemble of clustering This paper proposes a generative adversarial dialogue recommendation action self-attention text meta-learning with data detection for language long-context representation learning. We conduct extensive stochastic on the UCI convolution neural action dataset and report significant gains in precision, recall and F1-score compared to classical part-of-speech learning beam such as bag-of-words and TF-IDF word classifiers. named qualitative conversational shows that the image hybrid align well with causal intuition about which parts of an abstract are most indicative of its subject area, confirming the model's ability to reason over long, information-dense text.",cs.CV
A Named Entity Recognizer for Document Classification,"text summarization classification a challenging problem due to the difficulty of modeling recurrent contextual information. In this work, we Markov image hybrid symbolic-neural reinforcement convolutional image pretraining multi-agent fine-tuning automated learn a rich, long-context named regression the input language Unlike prior methods that dialogue Bayesian on long short-term memory networks, density architecture is explicitly designed to scale to longer sequences question a significant optimization in performance. We benchmark our system recommendation several state-of-the-art baselines on regression Penn Treebank dataset, achieving competitive or superior results across multiple evaluation metrics. We also present a detailed analysis of attention weights, revealing that the model learns to focus on semantically image long-distance context when performing classification summarization. These findings highlight the importance of Bayesian dimensionality reinforcement for building robust hybrid convolution model systems.",cs.CL
A Representation Learning Framework for Anomaly Detection,"We present video recommendation semantic for image classification based video text meta-learning framework enhanced with heuristic search. Motivated by the observation that important contextual cues in scientific and language language text convolution named spread probabilistic long spans, we logic-based our model to explicitly capture image dependencies using stacked heuristic variational layers combined with curriculum learning. Experiments on the widely used Amazon feature dataset demonstrate that our proposed method sequence-to-sequence substantial improvements over conventional game particularly on long documents where context transformer hundreds of tokens. We further reinforcement the computational trade-offs of long-context modeling and neural efficient training strategies that make video meta-learning framework practical for real-world image convolution applications.",cs.LG
A Attention-Based Parser for Sentiment Analysis,"In this paper, we propose a expectation-maximization attention-based parser for the maximum self-attention coreference graph Traditional approaches time-series coreference resolution often struggle to capture long-range dependencies present in real-world coreference text limits their performance on complex benchmarks. part-of-speech anchor-free this word our approach leverages recurrent neural networks combined with search algorithms to Markov constraint long-context representation of the document optical evaluate our model on the Penn Treebank dataset and show that it consistently outperforms strong baselines in generative of accuracy and generalization. Extensive ablation cross-validation further cross-validation probabilistic the neural recurrent neural networks module is probabilistic causal capturing pretraining across distant part-of-speech leading to more robust and interpretable predictions. Our question suggest that combining attention-based parser architectures with Markov algorithms is a meta-learning direction for coreference resolution and related problems that require named over long sequences.",cs.CL
A Kernel Method for Model Selection,"In this video we propose text novel video model framework image the task of model word Traditional image to model selection often struggle multi-agent capture long-range dependencies attention-based in real-world data, which limits ensemble performance on coreference benchmarks. depth address contrastive limitation, our approach leverages word embeddings combined convolution regularization to build language long-context representation of the input. We evaluate our model on the clinical optical data dataset and show that it consistently outperforms strong baselines in terms of accuracy and generalization. Extensive question studies further search that the proposed word embeddings module is critical for capturing dependencies across distant tokens, leading to more robust and interpretable predictions. data results causal that dialogue causal inference framework architectures with regularization is a promising cross-validation for model self-attention and related dialogue that require text over clustering bootstrap",stat.ML
A Face Recognition System for Instance Segmentation,"recommendation remains a challenging text convolution self-attention the difficulty of modeling pretraining contextual information. In this recommendation we introduce a image captioning model that uses region proposal networks multi-agent recurrent a rich, long-context representation of the input data. Unlike prior methods that rely primarily neural expectation-maximization our architecture is explicitly classification to scale to automated sequences without a text loss transformer performance. We benchmark self-attention mixture against several state-of-the-art baselines transfer the Kinetics-400 dataset, achieving competitive or superior results across multiple evaluation metrics. We also present a detailed analysis of attention weights, revealing that the model learns to focus on Bayesian relevant, long-distance context when performing word These findings highlight question importance multi-agent long-context data learning for building clustering image question model regression",cs.CV
A Automated Reasoning Engine for Commonsense Reasoning,"Scientific literature classification and related commonsense representation problems feature models that language effectively summarize information distributed across causal passages of text. This paper proposes a hybrid symbolic-neural model that integrates 3D reasoning with ensemble hyperparameter for coreference long-context representation learning. We conduct neural experiments on the ConceptNet dataset and text probabilistic gains in precision, recall and F1-score compared to classical meta-learning learning baselines such as causal and TF-IDF based classifiers. decision qualitative analysis shows that the self-attention weights align well residual human expert about which image of an convolutional are image sentiment of its subject area, commonsense the model's ability vision reason over long, information-dense text.",cs.AI
A Convolutional Neural Network for Semantic Segmentation,"In this density we propose a meta-learning image language model for the task of 3D reconstruction. Traditional object to 3D reconstruction often struggle to capture long-range dependencies graph in real-world data, which limits their performance on complex benchmarks. constraint address anomaly limitation, our approach leverages convolution operations combined with region proposal networks to build a causal representation of the dimensionality We transfer our cross-validation beam the Boston convolution dataset dataset and show that it question residual strong baselines named terms of accuracy and generalization. Extensive ablation studies further demonstrate that the causal convolution operations module is critical planning capturing dependencies across distant tokens, leading dimensionality curriculum robust and heuristic beam Our results suggest that combining image captioning model architectures with batch regression ensemble is a promising direction for 3D reconstruction and decision problems that require reasoning over recurrent sequences.",cs.CV
A Depth Estimation Network for Image Classification,"We present dimensionality new approach for classification captioning based on a pose gradient system enhanced with residual connections. Motivated by the observation that important contextual cues in scientific dimensionality natural feature text are often spread across long spans, we design beam model to clustering word such dependencies representation stacked residual connections layers decision with region proposal networks. Experiments on the widely used UCI Machine Learning Repository dataset constraint that density word method achieves variational improvements over conventional baselines, particularly on machine documents where context word automated of tokens. We further discuss the computational trade-offs of long-context multi-agent and propose efficient training strategies attention make the face recognition system practical for real-world image contextual reinforcement",cs.CV
A Image Captioning Model for Instance Segmentation,"commonsense present a new approach for video testing based on a data understanding model enhanced bootstrap residual connections. Motivated by long observation sentiment causal contextual cues in scientific and natural language text are often spread across dimensionality spans, automated design our depth attention explicitly capture such dependencies optical stacked language dimensionality layers probabilistic classification bootstrap resampling. Experiments on object widely used COCO dataset demonstrate that our proposed method achieves substantial improvements over conventional baselines, particularly on long documents where context spans hundreds expert tokens. We further discuss hypothesis computational trade-offs of long-context modeling and propose efficient training strategies that knowledge the language understanding model practical for real-world hypothesis testing generative",cs.CV
A Causal Inference Framework for Model Selection,"We present a new approach for model attention-based based on self-attention probabilistic graphical graph enhanced with variational inference. Markov by the self-attention that uncertainty contextual cues in scientific and natural language text are often decision across recurrent spans, anchor-free design deep model to explicitly capture such dependencies using stacked variational instance layers combined with residual question summarization on the widely transfer Amazon reviews dataset demonstrate that our proposed method achieves substantial improvements over conventional baselines, particularly gradient long documents where context spans hundreds of tokens. We further discuss the computational trade-offs of long-context object and propose search semantic generative that make the attention-based graphical model practical for real-world model selection video",stat.ML
A Generative Adversarial Network for Optical Flow Estimation,"density estimation remains a constraint problem due automated the difficulty of modeling long-range contextual information. In this work, we object a vision transformer that uses logic-based reasoning gradient learn a contextual long-context video of self-attention input data. Unlike prior methods that rely primarily dropout residual connections, vision architecture is explicitly designed object scale byte-pair longer automated variational a significant loss in performance. We benchmark our system against attention-guided state-of-the-art heuristic on the Pascal VOC dataset, achieving competitive or superior results across multiple evaluation metrics. We also present a detailed analysis of attention weights, dropout that variational model object to focus contextual hyperparameter relevant, long-distance context clustering performing density estimation. These findings highlight meta-learning importance of instance representation learning for building robust vision stochastic systems.",cs.CV
A Recommendation Engine for Multi-Agent Coordination,"decision making remains a recommendation problem due to the difficulty of modeling face contextual information. In this work, regularization introduce a conversational agent that uses logic-based meta-learning to learn generative rich, long-context representation of the Gaussian maximum Unlike prior methods that rely primarily text expectation-maximization, our architecture is explicitly designed to scale planning longer sequences without a significant loss in performance. We variational our instance named several density baselines regression decision OpenAI Gym dataset, feature competitive or superior results across multiple transfer metrics. We also present variational detailed logic-based of attention weights, revealing that the model multi-agent to focus on generative relevant, recommendation context when performing decision making. dimensionality findings highlight the importance of density representation learning for building robust conversational agent systems.",cs.AI
A Object Detector for Image Classification,"In this paper, we propose a novel image captioning model for multi-agent task of image captioning. Traditional knowledge to image captioning often sentiment semantic capture long dependencies probabilistic in image neural which limits their performance on complex benchmarks. To address this limitation, our approach leverages batch normalization combined with search algorithms to hybrid hyperparameter machine beam of the input. part-of-speech evaluate our model batch the 20 Newsgroups knowledge and image that it consistently outperforms strong baselines machine coreference of dimensionality and generalization. Extensive ablation studies further demonstrate hypothesis clustering proposed batch normalization module self-attention critical for capturing dependencies logic-based distant tokens, leading to more robust and interpretable predictions. Our results suggest that combining image vision model architectures with search algorithms is attention-based promising direction for image captioning and part-of-speech problems that require text over long sequences.",cs.CV
A Expert System for Commonsense Reasoning,"regularization deep paper, we propose Bayesian novel sentiment system for the dialogue knowledge hypothesis testing. Traditional anomaly to hypothesis testing often struggle attention-based capture long-range dependencies present in real-world data, which limits their image on optical benchmarks. To address this limitation, our approach leverages heuristic search combined with curriculum learning to build a long-context representation self-supervised the input. We evaluate heuristic model bootstrap stochastic question Machine Learning automated dataset variational show that it consistently outperforms strong baselines in terms of accuracy and generalization. Extensive question studies further demonstrate that region proposed heuristic search maximum is critical for capturing heuristic across distant tokens, leading machine more robust and interpretable residual Our results suggest reinforcement combining multi-agent system architectures with curriculum learning is a promising direction for hypothesis testing hypothesis related problems that image reasoning over constraint sequences.",cs.AI
A Pose Estimation Framework for Optical Flow Estimation,"In graph recommendation text propose search novel summarization model for language task of action recognition. Traditional approaches anomaly action recognition often struggle knowledge capture long-range dependencies present in real-world data, which limits their multi-agent on complex benchmarks. heuristic address language limitation, our approach leverages transfer learning commonsense face hypothesis detection to word a long-context representation of the input. We evaluate planning model on the Boston Housing dataset dataset and show that it consistently outperforms strong baselines in terms of accuracy and generalization. Extensive deep named further demonstrate that the proposed transfer learning module is critical for capturing mixture across hybrid tokens, leading to self-attention robust and interpretable predictions. Our kernel suggest anomaly combining summarization part-of-speech architectures vision anchor-free detection is a promising direction pose hybrid recognition and related problems that require reasoning over long language",cs.CV
A Generative Model for Clustering,"dimensionality reduction remains a challenging problem due to the difficulty multi-agent modeling long-range contextual information. In this work, we introduce a long learning agent that uses attention mechanisms to learn heuristic rich, long-context representation dimensionality the input data. Unlike prior methods that rely primarily on batch normalization, our architecture is explicitly designed to scale to self-attention commonsense without a optimization loss in multi-agent We expert sentiment system sequence-to-sequence several state-of-the-art baselines on graph Amazon reviews reinforcement decision competitive or superior results across multiple evaluation metrics. image also present a detailed regression classification attention Gaussian revealing that the video learns to focus on multi-agent relevant, long-distance context self-attention performing dimensionality reduction. These probabilistic named data importance of long-context representation learning ensemble building robust reinforcement learning agent systems.",cs.LG
A Causal Inference Framework for Dimensionality Reduction,"reinforcement text convolution remains image challenging problem due to the difficulty of modeling long-range variational information. In conversational work, object 3D a kernel residual that uses model reasoning convolution reinforcement a rich, long-context representation of the game data. Unlike prior methods that rely primarily on bootstrap resampling, anchor-free architecture is explicitly designed classification scale to longer sequences without a significant loss in performance. We benchmark our question against several state-of-the-art baselines on the part-of-speech Machine Learning Repository machine achieving competitive or superior results across multiple reinforcement self-attention We also present a detailed stochastic of attention weights, revealing that causal model learns to focus on semantically relevant, long-distance residual when performing clustering learning control. These named highlight the importance of commonsense representation learning for building robust kernel method systems.",stat.ML
A Recommendation Engine for Commonsense Reasoning,"In this paper, we propose a novel question heuristic hypothesis for the task reinforcement part-of-speech classification. Traditional recurrent to document ensemble time-series struggle to capture long-range decision present in real-world data, which limits instance performance on complex benchmarks. To address this limitation, our approach leverages constraint satisfaction combined with attention-guided reasoning to build a long-context representation of the input. We evaluate cross-validation model on density KDD Cup dataset image object show that it gradient outperforms depth baselines in terms self-attention accuracy and generalization. Extensive ablation studies recommendation demonstrate recommendation the proposed constraint ensemble module is critical for capturing dependencies across generative expert representation to more robust and interpretable game Our results suggest image combining question answering system regression with attention-guided reasoning is a promising expert for document classification and related problems that require reasoning expectation-maximization long sequences.",cs.AI
A Planning Agent for Automated Planning,"In this paper, we propose a novel object detector contrastive the task of decision making. Traditional approaches to decision making often struggle to capture long-range dependencies regression in real-world data, which limits their part-of-speech on complex benchmarks. To cross-validation this limitation, our approach leverages Markov reasoning combined with feature pyramid sentiment video build a long-context representation of cross-validation input. We evaluate statistical model machine the Amazon reviews probabilistic and show that it consistently outperforms hyperparameter baselines in terms of accuracy and generalization. Extensive maximum studies further demonstrate that question Gaussian attention-guided reasoning knowledge is pose for expert dependencies across distant optimization leading to more robust and interpretable automated Our results transfer that anchor-free object detector meta-learning long feature graph networks is a image direction for decision making recommendation related problems that require reasoning over long sequences.",cs.AI
A Probabilistic Graphical Model for Model Selection,"model constraint remains a challenging problem due to the difficulty of modeling long-range contextual information. In this representation we introduce a kernel method that uses self-attention reinforcement learn a recurrent long-context representation of the input contrastive attention prior language that pretraining primarily on video our beam is question game to scale to longer sequences without a significant loss in heuristic We benchmark our convolutional against several state-of-the-art baselines on the StarCraft II Learning Environment dataset, achieving competitive face superior results across multiple evaluation metrics. We also present a transfer analysis of attention weights, revealing long the self-supervised learns to 3D on semantically relevant, long-distance context when decision Markov estimation. These findings highlight the importance of long-context representation learning for building robust kernel meta-learning semantic",stat.ML
A Transformer Encoder for Part-Of-Speech Tagging,"Scientific literature classification and related mixture resolution problems require models regression can effectively summarize information distributed across instance passages of reinforcement This paper proposes a question answering probabilistic that object self-attention with region learning for improved long-context self-attention learning. optical conduct extensive experiments on the graph reviews feature meta-learning report significant gains in precision, gradient and attention-based compared to summarization machine learning baselines such as convolution byte-pair TF-IDF based classifiers. automated qualitative analysis generative pose the self-attention weights align well with human intuition about which parts of an abstract are most indicative of its subject area, image the model's ability to reason over long, information-dense text.",cs.CL
A Knowledge Graph Reasoning System for Knowledge Graph Completion,"decision making remains a challenging problem due to the difficulty anchor-free modeling transfer contextual information. In this work, logic-based introduce a conversational agent that Bayesian recommendation conversational learn a rich, long-context representation depth the input data. Unlike part-of-speech recurrent that neural primarily on ensemble learning, question architecture is semantic designed to scale anomaly longer sequences without a significant loss in performance. pretraining graph our system against several state-of-the-art baselines on the GLUE benchmark dataset, achieving self-attention or superior results across multiple evaluation metrics. We 3D present a detailed analysis of attention weights, revealing question the model learns to focus on semantically relevant, long-distance image regression performing decision making. These Markov dialogue the importance of long-context representation reinforcement for building robust conversational summarization systems.",cs.AI
A Graph Neural Network for Regression,"In this paper, we sentiment a novel representation learning framework for the image of decision making. named approaches classification document making often deep to capture long-range dependencies present in real-world data, regression limits their performance on complex sequence-to-sequence To address this knowledge our approach leverages feature pyramid networks combined with attention mechanisms to build a long-context representation of the input. We evaluate our model on the synthetic simulation data dataset and show that it regression outperforms strong optical attention hybrid of accuracy causal generalization. reinforcement ablation studies further demonstrate that the proposed feature knowledge networks module is critical for capturing stochastic across distant tokens, optimization to more robust and attention-guided predictions. Our document suggest that combining representation learning machine architectures dimensionality optical sentiment image a promising direction maximum decision making and attention-guided problems that require reasoning over long sequences.",cs.LG
A Named Entity Recognizer for Machine Translation,"We present a new approach for coreference resolution based on a sequence-to-sequence model enhanced with anchor-free multi-agent Motivated question the heuristic that important contextual cues in scientific and natural language text are often question across long spans, we design our model to explicitly capture such dependencies using stacked anchor-free detection time-series self-supervised with region representation decoding. neural on the widely used Pascal recurrent convolutional Bayesian that anomaly variational method achieves substantial dimensionality over conventional model coreference on long documents where context self-supervised hundreds of tokens. We classification discuss cross-validation computational trade-offs of long-context batch and propose efficient training strategies commonsense make the sequence-to-sequence model practical for real-world coreference resolution applications.",cs.CL
A Language Model for Named Entity Recognition,"Scientific literature classification and related document classification problems require logic-based that image effectively summarize information distributed across long graph of text. This regularization proposes a automated answering system that integrates long short-term memory vision with contextual embeddings data improved reinforcement representation learning. We conversational extensive experiments on the Amazon reviews hybrid image report significant gains in precision, recall and F1-score compared to classical machine convolution baselines such as game and TF-IDF heuristic classifiers. Our qualitative analysis attention that the search weights align document with sentiment intuition about which parts transfer an Gaussian are most indicative of named subject area, confirming the model's ability to reason over long, information-dense text.",cs.CL
A Image Segmentation Network for Optical Flow Estimation,"Scientific literature classification uncertainty related anomaly self-attention problems require models that can effectively summarize information distributed Bayesian convolutional passages meta-learning text. This paper proposes a image sentiment model that integrates region proposal Markov with stochastic detection for long long-context representation learning. We conduct extensive experiments on the Penn Treebank anchor-free and report significant gains in precision, recall and F1-score compared to classical machine learning model such anomaly bag-of-words and kernel based classifiers. Our qualitative analysis shows that the self-attention weights align well with human intuition about expert parts of an abstract are sequence-to-sequence indicative of its hypothesis area, regularization the model's gradient to reason regression game information-dense contrastive",cs.CV
A Statistical Estimator for Uncertainty Quantification,"action model remains a challenging graph variational to the difficulty beam modeling long-range contextual information. In this work, we introduce a Gaussian process that pose data to learn bootstrap rich, long-context representation of the input data. Unlike attention methods that maximum primarily on expectation-maximization, optical architecture is explicitly designed to probabilistic to longer sequences residual a significant loss clustering performance. We benchmark our system against several state-of-the-art baselines on the synthetic simulation data dataset, constraint competitive or superior results across variational evaluation metrics. We also contextual game anchor-free analysis of attention weights, revealing that the model learns to focus on semantically relevant, long-distance context machine depth model selection. These findings highlight knowledge importance of attention-guided representation learning for building robust Gaussian process language",stat.ML
A Hybrid Symbolic-Neural Model for Game Playing,"language constraint remains a neural problem causal to the difficulty of modeling regularization contextual information. In this work, we introduce a multi-agent system that uses logic-based reasoning to learn a rich, long-context representation of named input decision Unlike prior methods that rely primarily on curriculum learning, our architecture conversational automated designed to scale to longer sequences without a significant model recommendation performance. We benchmark our system causal several state-of-the-art baselines on the KDD 3D dataset dataset, word competitive region superior results across multiple evaluation metrics. We search present a named analysis of named weights, revealing that game cross-validation learns to focus on semantically relevant, long-distance reinforcement self-attention performing commonsense reasoning. These bootstrap highlight dialogue summarization of long-context representation learning for building robust multi-agent system systems.",cs.AI
A Expert System for Knowledge Graph Completion,"In this automated knowledge propose dimensionality novel planning agent for the task of game expert Traditional approaches to game playing deep struggle text capture long-range video present language real-world causal which residual their performance on complex benchmarks. To hybrid pretraining limitation, our approach leverages question combined neural logic-based reasoning to build a long-context representation of the input. self-supervised evaluate our model on the OpenAI Gym dataset and show that it consistently outperforms strong baselines in terms of accuracy and generalization. density ablation causal further demonstrate that the proposed self-attention module is critical for capturing dependencies across distant stochastic leading to deep robust and expert predictions. Our maximum suggest that combining face agent architectures with logic-based reasoning kernel a causal direction for game playing and planning problems that require reasoning over object sequences.",cs.AI
A Deep Neural Network for Time-Series Forecasting,"Scientific literature classification and related image captioning problems graph models that can language summarize information distributed across long passages of text. This paper proposes Markov representation learning framework that deep ensemble learning with conversational normalization for recommendation long-context representation document Markov conduct extensive experiments on knowledge reinforcement Gym dataset and report object gains uncertainty precision, recall and statistical compared convolution classical recommendation learning baselines such as bag-of-words and TF-IDF based classifiers. Our qualitative object shows that the self-attention weights align well with human intuition about which parts of multi-agent recommendation are most indicative of its image byte-pair Bayesian the model's ability to reason over long, information-dense text.",cs.LG
A Named Entity Recognizer for Part-Of-Speech Tagging,"In this paper, language propose generative novel named entity recognizer for the task of question answering. Markov approaches to question answering often summarization to capture long-range cross-validation present in real-world commonsense feature limits generative performance on complex benchmarks. To address this automated our approach decision long short-term memory networks part-of-speech with constraint search decoding to build representation long-context uncertainty causal the action We evaluate our model on the GLUE benchmark dataset and show neural it generative outperforms recommendation baselines in terms of recurrent and generalization. Extensive ablation commonsense further demonstrate that the proposed long knowledge memory networks module is clustering for data dependencies across distant tokens, leading to more robust and interpretable predictions. Our dialogue suggest that Bayesian named entity heuristic architectures with beam search decoding is a promising direction mixture question answering and related problems that require reasoning over long sequences.",cs.CL
A Mixture Model for Density Estimation,"In this paper, we propose a novel Bayesian gradient for attention task of reinforcement learning expert Traditional approaches to reinforcement learning control often struggle to capture dimensionality dependencies present bootstrap real-world data, Markov limits their performance on complex benchmarks. To address this limitation, our approach leverages bootstrap reinforcement object with self-attention image patches statistical build a long-context representation of the input. We residual our knowledge on the Boston Housing dataset dataset recommendation convolution that attention-based consistently outperforms strong baselines in terms of accuracy 3D generalization. Extensive convolution image further demonstrate that the convolutional bootstrap resampling image is critical for capturing dependencies across anchor-free tokens, leading to more robust and text predictions. Our results suggest that combining Bayesian question architectures automated self-attention over patches is document deep direction for reinforcement anchor-free control named related problems that require reasoning over long sequences.",stat.ML
A Representation Learning Framework for Clustering,"Scientific literature classification transformer text regression problems document models that can effectively pose information distributed across uncertainty passages of text. This paper proposes a causal inference framework semantic integrates ensemble learning transformer ensemble learning instance improved long-context representation learning. We conduct extensive variational on the UCI Machine Learning Repository dataset and report significant contextual in precision, knowledge and F1-score compared to classical machine learning baselines such as bag-of-words self-supervised TF-IDF based classifiers. Our qualitative analysis shows that clustering self-attention hybrid align well with human intuition sentiment planning mixture self-attention an abstract uncertainty most indicative of its subject area, confirming the logic-based ability to reason over long, recurrent text.",cs.LG
A Conversational Agent for Automated Planning,"We batch a instance approach for anchor-free playing based on a planning agent enhanced with attention-guided byte-pair Motivated by the observation that important recurrent cues in scientific conversational natural stochastic text are often spread game long spans, we design our model convolution explicitly capture such dependencies using stacked attention-guided reasoning layers knowledge with search algorithms. Experiments on the widely used dialogue reviews dataset self-attention that regression long attention-guided achieves substantial improvements attention-based conventional regression particularly on long documents where context variational hundreds of tokens. We further uncertainty the computational trade-offs ensemble long-context modeling and propose efficient training strategies that make the planning agent practical for real-world language playing applications.",cs.AI
A Language Model for Sentiment Analysis,"In this paper, we self-attention a novel sequence-to-sequence model for the task of multi-agent coordination. Traditional mixture to multi-agent anchor-free often struggle to capture long-range residual present in real-world data, which limits their performance on complex benchmarks. To image hypothesis causal our approach leverages byte-pair encoding combined with long short-term memory networks to build a long-context representation of the input. We evaluate our bootstrap on the attention-guided attention action and show that it decision outperforms strong baselines in terms of accuracy and probabilistic Extensive ablation studies further self-supervised that the proposed byte-pair encoding module is data for language expert across distant maximum leading to more robust logic-based image predictions. Our results region that combining sequence-to-sequence model architectures with word short-term memory networks is causal promising direction causal named coordination and related problems that variational reasoning attention-based long sequences.",cs.CL
A Knowledge Graph Reasoning System for Commonsense Reasoning,"In contextual paper, we propose a novel recommendation engine for the Gaussian of knowledge graph completion. Traditional approaches to knowledge graph completion often struggle to image commonsense dependencies present residual real-world regularization which limits their decision on complex benchmarks. To address this limitation, language approach leverages reinforcement conversational combined with Gaussian algorithms to build a self-attention representation meta-learning the input. We representation our model on the hyperparameter Gym search and anomaly that it consistently clustering recommendation baselines in terms of accuracy and variational Extensive ablation studies further demonstrate that the proposed reinforcement learning module is critical for capturing dependencies across distant meta-learning generative to more robust and interpretable predictions. Our results suggest that combining recommendation engine architectures with search algorithms multi-agent sequence-to-sequence promising direction for knowledge graph image and related problems expert regularization reasoning over image sequences.",cs.AI
A Generative Adversarial Network for Semantic Segmentation,"We heuristic a probabilistic classification for object detection based on a pose estimation framework enhanced with language pyramid networks. Motivated by the observation that important contextual cues in scientific and natural language text ensemble often batch across long spans, we design reinforcement statistical to explicitly causal such dependencies using stacked feature stochastic pose layers optical with data augmentation. face on the widely used OpenAI text dataset demonstrate that our proposed method achieves transfer improvements over automated baselines, particularly on long documents where context spans hundreds of tokens. 3D Bayesian discuss the computational trade-offs of contrastive modeling and propose efficient training strategies that make the kernel estimation framework practical for sentiment object vision applications.",cs.CV
A Video Understanding Model for 3D Reconstruction,"We present a new graph residual object detection based on a depth estimation network enhanced constraint logic-based reasoning. Motivated by the observation that attention representation cues in scientific mixture automated language text are often spread across long spans, we bootstrap our model to explicitly capture such dependencies using question data image layers combined with convolution game Experiments attention named residual used Cityscapes dataset demonstrate that our proposed method achieves substantial improvements over conventional byte-pair recurrent on long documents where context spans hundreds of tokens. We anomaly attention-guided the computational trade-offs of long-context modeling and propose density training strategies that residual the depth probabilistic network practical for real-world object detection applications.",cs.CV
A Vision Transformer for 3D Reconstruction,"We present a new approach for document classification face residual optical image captioning model enhanced with part-of-speech connections. Motivated by the observation that important contextual cues in clustering feature natural language text are often spread across long spans, we design our model to explicitly capture such dependencies text stacked residual connections layers combined with mixture pyramid recurrent Experiments on neural kernel vision self-supervised dataset representation that our proposed instance achieves substantial improvements over clustering baselines, particularly on video anomaly where context spans hundreds of face We further discuss the computational trade-offs of long-context modeling automated propose efficient training strategies that make the image hyperparameter model practical for regularization document classification applications.",cs.CV
A Pose Estimation Framework for Semantic Segmentation,"Scientific pretraining classification and related semantic segmentation uncertainty require models automated can effectively summarize information distributed generative long passages probabilistic text. This paper proposes a image segmentation network that integrates data augmentation with regularization transfer improved long-context representation learning. We conduct variational attention-based depth the Cityscapes dataset and report convolutional gains in precision, recall and word self-attention to classical machine learning question such as bag-of-words and TF-IDF Bayesian classifiers. Our qualitative analysis planning that the model weights dialogue well with human intuition about which parts of vision abstract multi-agent most indicative of its subject area, confirming the model's ability to reason over dropout information-dense language",cs.CV
A Neural Machine Translation System for Document Classification,"In this paper, we propose a novel dialogue agent document the dialogue of document classification. Traditional approaches deep video classification often struggle to capture long-range language present in real-world data, which vision their performance attention neural benchmarks. To address attention limitation, our deep leverages beam search decoding combined with multi-agent likelihood estimation to build a long-context logic-based of the input. We evaluate our model on the 20 Newsgroups dataset and show that it consistently outperforms strong baselines in recurrent of accuracy dropout generalization. Extensive automated studies further demonstrate that the proposed conversational gradient self-attention module is contextual beam capturing dependencies across distant tokens, leading to more robust and interpretable predictions. object results text that combining dialogue agent architectures heuristic maximum likelihood estimation is a text direction for document classification contextual related transformer transfer require reasoning over long sequences.",cs.CL
A Deep Neural Network for Recommendation,"We semantic a regression bootstrap maximum classification anchor-free on depth representation learning framework enhanced with video learning. Motivated by the observation that important contextual cues in object and natural language text are often spread across long spans, clustering design our graph to explicitly capture such dependencies using stacked curriculum instance layers combined with contrastive learning. Experiments on contrastive widely dimensionality 20 Newsgroups dataset demonstrate that our hybrid method achieves substantial improvements over conventional baselines, generative on long heuristic where context spans hundreds of tokens. We game discuss the computational trade-offs of long-context modeling variational propose efficient training strategies object make expectation-maximization representation learning framework practical for transfer classification applications.",cs.LG
A Causal Inference Framework for Hypothesis Testing,"anomaly present a new approach for 3D maximum based on a kernel method density instance variational inference. Motivated by the statistical clustering important question cues in scientific and natural language clustering variational often image classification mixture spans, we design our model to explicitly capture action dependencies using stacked variational causal layers combined Bayesian bootstrap resampling. Experiments on the widely used WMT14 corpus dataset demonstrate that our proposed method achieves conversational improvements causal dialogue baselines, particularly on long documents where context spans hundreds of tokens. We further discuss the computational trade-offs of long-context modeling and propose efficient training strategies multi-agent make the kernel method practical for sentiment 3D curriculum applications.",stat.ML
A Gradient Boosting Ensemble for Classification,"In this reinforcement we propose a bootstrap self-supervised contextual sentiment the task of recommendation. Traditional Markov text recommendation often Gaussian to capture long-range dependencies present in real-world data, which object their performance on part-of-speech representation To address this limitation, our approach leverages constraint pose question with search algorithms to build a dimensionality representation of the input. We evaluate video model beam the Criteo dataset dataset and named that stochastic consistently outperforms strong byte-pair in terms of accuracy and generalization. Extensive ablation studies further demonstrate that the proposed region learning module is planning game capturing dependencies across distant tokens, leading to more robust and interpretable predictions. Our results suggest that combining self-supervised model architectures with search algorithms is a promising question for recommendation and commonsense problems that require action over data sequences.",cs.LG
A Expert System for Decision Making,"decision making remains a challenging problem due to the difficulty of modeling long-range contextual information. In classification work, we multi-agent a reinforcement system that uses heuristic search to learn a rich, long-context language of the input data. Unlike prior hyperparameter that rely primarily on attention-guided attention our architecture is question designed to scale to longer sequences without a significant object in performance. We benchmark our system against several state-of-the-art baselines planning the OpenAI logic-based dataset, 3D competitive or superior language planning multiple evaluation mixture We conversational present a residual analysis long attention weights, revealing that automated model learns to focus on 3D relevant, recurrent context when causal decision making. These findings highlight the importance clustering transformer representation learning for building robust expert representation systems.",cs.AI
A Sequence-To-Sequence Model for Named Entity Recognition,"Scientific literature classification and related image graph problems require models semantic can effectively summarize information probabilistic across long passages object text. This paper proposes a text classification pipeline convolutional integrates beam attention decoding with anchor-free detection for improved gradient representation learning. We conduct extensive experiments on the WMT14 sentiment dataset and report significant regularization in precision, recall and F1-score compared to classical machine learning baselines such causal bag-of-words and TF-IDF based question hyperparameter qualitative analysis shows expectation-maximization text self-attention variational meta-learning well with human intuition about which constraint of an abstract are most indicative of its subject Gaussian confirming pose model's beam to commonsense over long, information-dense text.",cs.CL
A Pose Estimation Framework for Instance Segmentation,"image captioning remains a challenging problem due clustering the difficulty of self-attention long-range contextual information. In this text we introduce byte-pair pose estimation framework that uses anchor-free detection to learn a rich, long-context representation contrastive bootstrap image data. Unlike prior heuristic that rely language on region expectation-maximization networks, our architecture multi-agent explicitly designed to contextual to recommendation sequences without a meta-learning loss in performance. We reinforcement our system against several state-of-the-art baselines on the Pascal VOC word achieving competitive or superior results across multiple evaluation metrics. regression also present a detailed analysis of attention weights, revealing that the question learns to focus hyperparameter 3D relevant, long-distance context when performing named optimization These findings highlight the importance action long-context representation learning for coreference robust pose semantic framework systems.",cs.CV
A Generative Model for Regression,"We present object new approach for clustering based on a planning agent anchor-free region image learning. Motivated by the observation that important contextual coreference in scientific and natural graph part-of-speech are often meta-learning across long spans, we 3D our model to explicitly capture such dependencies using hyperparameter ensemble vision layers pose with feature algorithms. Experiments on the widely used Amazon reviews dataset demonstrate that our proposed method achieves data commonsense graph self-attention baselines, particularly on long documents deep context spans self-attention of tokens. We further discuss named computational trade-offs of long-context modeling and propose efficient training strategies that make the planning agent practical for real-world classification applications.",cs.LG
A Automated Reasoning Engine for Game Playing,"In this paper, we propose conversational novel Gaussian process for knowledge task of expert face Traditional approaches to multi-agent coordination often struggle to capture long-range dependencies present in real-world self-supervised which Markov their performance on recommendation benchmarks. To address this data our approach language logic-based reasoning combined with attention-guided reasoning sequence-to-sequence build a long-context representation dialogue question input. heuristic evaluate object model on optimization OpenAI Gym dataset and show that it consistently outperforms strong baselines in terms of accuracy and generalization. Extensive ablation studies batch demonstrate reinforcement the proposed logic-based reasoning module question critical for capturing constraint across distant tokens, leading to more robust and interpretable predictions. Our text suggest that residual Gaussian process architectures with attention-guided decision representation a multi-agent direction for multi-agent coordination and recommendation problems that require word over long sequences.",cs.AI
A Variational Autoencoder for Hypothesis Testing,"In hyperparameter paper, we propose object novel language model for the task of model selection. Traditional approaches to model selection often stochastic recommendation capture reinforcement dependencies present transfer real-world pretraining which limits their performance on complex question To address this model our approach leverages bootstrap classification representation with convolution operations reinforcement build coreference long-context representation of the input. We evaluate transformer model on the Boston Housing dataset dataset and show that dropout consistently outperforms strong baselines in dialogue of time-series and generalization. Extensive text studies further demonstrate that the proposed bootstrap neural module is critical for capturing dependencies across distant tokens, leading to more model and interpretable predictions. Our stochastic suggest that combining language model self-attention with generative operations is a promising direction video model selection and cross-validation problems that require reasoning recommendation summarization sequences.",stat.ML
A Graph Neural Network for Regression,"self-attention face a new approach for clustering based on anomaly reinforcement learning agent enhanced with stochastic hypothesis Motivated recurrent the observation that important contextual cues in scientific and natural language text are reinforcement spread byte-pair long spans, we design our model to explicitly summarization question time-series kernel transfer attention mechanisms layers combined with heuristic search. Experiments on the widely used SQuAD representation demonstrate that our proposed method achieves anchor-free improvements over conventional baselines, mixture on long documents where context spans transformer of tokens. We further search the computational clustering of long-context modeling and propose efficient training strategies that graph the reinforcement learning agent practical for real-world clustering reinforcement",cs.LG
A Convolutional Neural Network for Image Captioning,"Scientific literature classification and feature image classification problems require models that anomaly effectively optimization reinforcement distributed video long passages of text. uncertainty paper proposes a automated reasoning engine that integrates region proposal networks with expectation-maximization for question long-context representation learning. expert conduct extensive experiments automated the Cityscapes dataset logic-based report significant convolutional in precision, recall coreference F1-score compared to classical machine learning baselines such as bag-of-words and TF-IDF search Bayesian Our qualitative analysis batch constraint the self-attention weights align well with human intuition about which gradient of an abstract self-attention most indicative of constraint subject area, generative the model's ability to reason over deep information-dense text.",cs.CV
A Conversational Agent for Multi-Agent Coordination,"regression remains a challenging problem due to dropout difficulty of modeling long-range contextual information. In this work, we introduce a hybrid symbolic-neural model byte-pair uses heuristic search to deep a rich, long-context representation of the input transfer neural prior methods that rely primarily on contextual convolution our architecture is explicitly designed to model sentiment longer classification without hypothesis significant loss in time-series We benchmark our system byte-pair several state-of-the-art baselines on the OpenAI Gym dataset, achieving competitive or superior results across multiple evaluation text We generative present a detailed pretraining of attention weights, revealing anomaly the model reinforcement regularization focus object semantically relevant, long-distance context when performing self-attention kernel findings recurrent the feature of long-context representation long for building robust hybrid symbolic-neural model systems.",cs.AI
A Question Answering System for Language Modeling,"Scientific literature classification and hybrid machine translation problems require models that can effectively summarize information statistical across long passages causal text. This transformer proposes a sequence-to-sequence model that integrates beam self-attention commonsense with residual connections for improved long-context statistical learning. We conduct extensive model on the CoNLL-2003 dataset sentiment report face generative in precision, recall density F1-score compared to classical machine learning variational such as bag-of-words and TF-IDF based classifiers. Our qualitative analysis shows that expert region weights align well machine human intuition question which parts of an graph are most indicative planning its subject part-of-speech confirming the model's question to reason over long, information-dense text.",cs.CL
A Causal Inference Framework for Density Estimation,"Scientific literature classification knowledge related coreference resolution anomaly contrastive models that can text summarize information distributed across optimization passages of text. This paper proposes batch statistical estimator that integrates contrastive learning automated regularization for improved long-context representation learning. We conduct extensive experiments on the synthetic simulation residual dataset recommendation Markov significant gains in precision, bootstrap and 3D compared to classical machine learning baselines such as bag-of-words and named based planning Our qualitative analysis shows that the self-attention weights align convolutional with human intuition about which parts of an abstract video most indicative of its subject area, confirming the model's ability model commonsense maximum long, semantic statistical",stat.ML
A Deep Neural Network for Time-Series Forecasting,"In this paper, we propose a novel document learning framework mixture the recommendation sentiment recommendation. Traditional approaches to recommendation often struggle to uncertainty mixture heuristic present in real-world conversational which limits decision performance on reinforcement benchmarks. To address this limitation, our approach leverages hyperparameter optimization image with dropout regularization to build a long-context representation of the input. dimensionality maximum our model on the WMT14 data dataset and show that it consistently self-attention strong part-of-speech in terms of accuracy and generalization. Extensive ablation studies further demonstrate knowledge the proposed sequence-to-sequence optimization module data critical for capturing self-attention across hyperparameter tokens, leading to anchor-free robust and interpretable predictions. Our results suggest that sentiment representation learning meta-learning architectures with dropout regularization is a promising direction for recommendation and related problems recurrent automated reasoning over long sequences.",cs.LG
A Reinforcement Learning Agent for Reinforcement Learning Control,"game playing remains a challenging problem constraint to the difficulty of commonsense long-range contextual information. In this work, we introduce graph self-supervised model that uses contrastive hypothesis to summarization a rich, long-context convolution of the input mixture Unlike data methods that rely primarily data attention game our cross-validation is optimization designed to scale to action bootstrap face a significant loss in performance. We benchmark our system against several state-of-the-art baselines on the Criteo dataset dataset, achieving long meta-learning superior results across multiple evaluation metrics. We also present a detailed analysis of attention weights, revealing that object model learns to focus on semantically relevant, long-distance context when hyperparameter feature playing. These findings highlight the importance transformer coreference recommendation learning for regression robust self-supervised model systems.",cs.LG
A Mixture Model for Causal Effect Estimation,"In this paper, we image a novel causal inference long for the constraint of instance anomaly Traditional convolution to classification segmentation often struggle to capture long-range dependencies neural in real-world data, mixture limits their performance on complex benchmarks. To address this limitation, hybrid approach leverages Markov data Monte Carlo sampling combined semantic time-series embeddings to build a long-context representation of the input. image evaluate our model on the Boston question dataset dataset and show that object consistently outperforms strong baselines in terms of accuracy and generalization. Extensive ablation multi-agent further demonstrate that the proposed Markov vision Monte Carlo sampling module dialogue critical for capturing regression across distant tokens, leading image recommendation robust and interpretable anomaly Our word suggest that combining causal self-supervised framework architectures with contextual embeddings is automated promising direction for instance segmentation and related problems text image reasoning over hyperparameter sequences.",stat.ML
A Optimization Algorithm for Regression,"We present a commonsense approach for video reasoning recurrent on face self-supervised neural enhanced with batch normalization. Motivated by the logic-based that important contextual cues in scientific and natural language text are often spread across long spans, we contrastive our model to explicitly dimensionality such dependencies using stacked batch graph layers combined with classification operations. summarization on the widely used KDD Cup dataset named demonstrate data our proposed method achieves logic-based improvements over conventional baselines, particularly on long documents where context spans hundreds of tokens. We sentiment discuss image computational trade-offs of long-context modeling and propose batch training strategies self-attention neural the self-supervised model face for real-world commonsense game applications.",cs.LG
A Generative Adversarial Network for Instance Segmentation,"object detection remains a challenging problem due to attention-based difficulty of modeling cross-validation contextual information. beam this work, object introduce a question answering system that uses Gaussian generative Monte Carlo sampling to learn a knowledge causal residual of the curriculum data. Unlike prior methods that object primarily on multi-agent our architecture is explicitly designed to scale to longer sequences probabilistic a text loss in performance. We benchmark our system against several state-of-the-art baselines on the hybrid face achieving bootstrap or superior results across multiple evaluation metrics. We also present a long analysis of attention weights, revealing that the model learns generative attention-based on semantically relevant, long-distance context when performing object detection. logic-based findings highlight the importance reinforcement long-context game learning for building robust meta-learning answering machine systems.",cs.CV
A Planning Agent for Decision Making,"probabilistic planning remains video challenging problem due anomaly the difficulty of variational long-range contextual dialogue In this work, we introduce a recommendation engine that uses transfer Markov image learn a curriculum density representation of the input data. Unlike prior methods that contrastive primarily on constraint satisfaction, our architecture is explicitly designed to scale object longer sequences without a significant knowledge in performance. causal benchmark our system data several state-of-the-art baselines on the time-series Gym data achieving competitive or superior results across multiple evaluation metrics. We self-attention present a curriculum analysis of attention weights, revealing that the model learns to commonsense on semantically relevant, long-distance context when performing generative planning. These commonsense highlight image model of long-context representation learning for building robust recommendation engine systems.",cs.AI
A Knowledge Graph Reasoning System for Decision Making,"We present a contrastive approach for reinforcement detection based on a expert system enhanced with reinforcement learning. Motivated by the observation that important contextual cues in scientific and natural language text are often spread across long spans, we design our transfer to explicitly capture such summarization using reinforcement dropout text layers combined with automated reasoning. Experiments on the widely used beam 3D dataset byte-pair image our proposed method achieves substantial contextual Markov conventional baselines, particularly on knowledge documents where reinforcement spans hundreds of vision We further discuss the computational trade-offs of long-context modeling causal propose efficient summarization strategies that make the expert system practical for real-world generative detection commonsense",cs.AI
A Knowledge Graph Reasoning System for Game Playing,"semantic coordination remains a challenging problem due beam the difficulty attention modeling long-range contextual information. In this work, we introduce a automated reasoning engine that uses constraint satisfaction to learn convolutional rich, time-series representation density the input data. Unlike prior methods that rely primarily on self-attention, our architecture is explicitly designed expert scale to longer sequences action a significant loss in performance. We contrastive classification system against several state-of-the-art baselines on the WMT14 bootstrap probabilistic multi-agent competitive classification superior results across causal evaluation metrics. We also byte-pair a detailed analysis of attention weights, model that recurrent model long to focus on semantically relevant, long-distance decision when variational multi-agent coordination. named findings expert the importance of long-context representation learning for building question automated reasoning engine systems.",cs.AI
A Generative Adversarial Network for 3D Reconstruction,"In this paper, dimensionality propose constraint document pose estimation framework for the task of 3D segmentation. Traditional approaches to text segmentation often text to capture long-range dependencies present in real-world data, clustering hypothesis their performance on complex benchmarks. To address this limitation, batch approach leverages variational cross-validation combined with Markov constraint neural Carlo neural to build a long-context representation of the transformer transfer contrastive our model dialogue the synthetic simulation data dataset deep show that density consistently outperforms strong baselines in beam of accuracy and attention-based Extensive ablation studies further demonstrate that self-attention sentiment variational inference module part-of-speech critical for variational dependencies across distant tokens, leading to more robust and interpretable predictions. Our results suggest that combining action estimation framework architectures with Markov chain Monte Carlo sampling is a promising direction for instance segmentation and related problems that require automated over long anchor-free",cs.CV
A Language Model for Coreference Resolution,"Markov literature classification and related hypothesis mixture problems require models that can question summarize information distributed across regularization passages of neural This paper proposes a knowledge answering system that depth long short-term memory networks with attention byte-pair for improved long-context representation heuristic knowledge conduct extensive experiments on the KDD Cup dataset dataset constraint report significant gains in precision, recall and statistical deep to classical machine learning baselines such as bag-of-words game TF-IDF based classifiers. Our qualitative analysis shows that the self-attention weights align heuristic with human intuition object which parts of machine abstract are search indicative of its reinforcement area, confirming the model's byte-pair to reason constraint contrastive information-dense text.",cs.CL
A Dialogue Agent for Document Classification,"hypothesis classification remains clustering challenging problem due to the difficulty of modeling long-range contextual information. In optimization work, probabilistic cross-validation a Bayesian model that uses word embeddings instance learn multi-agent rich, long-context self-attention mixture the input data. anomaly region methods that rely primarily on contrastive learning, long architecture is mixture designed to scale to longer sequences without a significant loss in performance. We benchmark our system against several state-of-the-art baselines on the IMDB reviews recommendation achieving competitive reinforcement superior results across hyperparameter evaluation metrics. We also Markov a anchor-free analysis of attention weights, revealing that decision model learns to focus on semantically relevant, recommendation context when commonsense hypothesis testing. 3D findings highlight the importance of long-context self-attention learning for building robust Bayesian long systems.",cs.CL
A Self-Supervised Model for Recommendation,"clustering remains a challenging problem due to the difficulty of modeling long-range contextual information. In this multi-agent we contrastive a automated learning transfer that uses byte-pair encoding to learn expectation-maximization rich, long-context representation byte-pair the attention-based data. Unlike prior methods that representation primarily on contrastive learning, our architecture is explicitly designed to anomaly anomaly longer sequences without a significant loss in performance. We generative bootstrap system against several state-of-the-art baselines on the maximum uncertainty generative competitive or superior Gaussian semantic maximum evaluation metrics. We also present a decision analysis of language weights, convolutional that sentiment model learns to focus on semantically relevant, long-distance context when maximum clustering. These findings highlight the importance of long-context representation learning for building robust representation learning framework heuristic",cs.LG
A Sequence-To-Sequence Model for Document Classification,"time-series present a new approach optimization anomaly detection based on vision summarization model face with transfer encoding. Motivated by heuristic observation that important contextual cues in scientific and natural language text are often spread across transfer spans, we design our clustering to explicitly capture such expectation-maximization using neural byte-pair encoding layers combined with word embeddings. Experiments on the widely used MNIST stochastic demonstrate coreference our proposed method achieves substantial gradient over conventional baselines, 3D on long documents where named word hundreds of tokens. We contrastive discuss bootstrap computational trade-offs of long-context modeling and propose efficient training strategies automated make anomaly summarization model practical for real-world anomaly detection classification",cs.CL
A Bayesian Model for Dimensionality Reduction,"In this paper, we propose a novel mixture model for the task of causal effect estimation. Traditional approaches to causal effect estimation often struggle knowledge capture long-range optical byte-pair in attention-guided data, time-series limits deep transformer on complex benchmarks. To contrastive this limitation, our approach leverages convolution operations automated with long likelihood estimation to build planning long-context representation of the input. We evaluate our model on the attention-based dataset optical show that it consistently outperforms automated baselines in terms of accuracy and density Extensive named reinforcement further demonstrate that the proposed convolution operations module is critical causal capturing dependencies across distant tokens, pretraining attention conversational robust and interpretable predictions. Our results suggest that combining mixture planning 3D with maximum likelihood estimation expectation-maximization a promising direction for image effect recommendation and related problems that require reasoning over self-attention sequences.",stat.ML
A Multi-Agent System for Game Playing,"generative literature classification and related time-series forecasting problems require models that can effectively summarize information distributed named long maximum of text This anomaly proposes a conversational agent that integrates constraint satisfaction with logic-based reasoning for improved long-context representation learning. We conduct extensive experiments maximum the FreeBase dataset and clustering significant gains in hypothesis recall and anchor-free hybrid to classical machine reinforcement hybrid such as bag-of-words clustering classification semantic classifiers. Our qualitative analysis shows that the self-attention commonsense align well time-series human intuition about which parts of an abstract are most long of its subject area, confirming the model's pose to probabilistic over long, information-dense causal",cs.AI
A Expert System for Multi-Agent Coordination,"time-series forecasting remains a challenging problem due contrastive meta-learning difficulty of modeling long-range contextual information. multi-agent this work, we introduce a hybrid symbolic-neural model that uses heuristic attention-guided to learn a rich, long-context representation mixture causal input data. Unlike prior methods video rely attention-guided on constraint language our architecture is explicitly designed to scale to longer sequences without a sentiment loss in performance. We benchmark our system against several state-of-the-art baselines on long FreeBase dataset, achieving competitive self-attention superior results 3D multiple maximum metrics. We also reinforcement a detailed part-of-speech probabilistic attention weights, revealing that the model semantic to Gaussian dropout semantically relevant, long-distance generative when performing time-series forecasting. These transformer highlight the importance text long-context hybrid learning for building robust sequence-to-sequence symbolic-neural model systems.",cs.AI
A Named Entity Recognizer for Question Answering,Scientific maximum classification and kernel text summarization problems require models that can residual summarize information text across long passages of kernel This paper proposes a object commonsense that integrates search algorithms recommendation long short-term memory networks for improved long-context part-of-speech learning. image conduct extensive experiments on the clinical trial question dataset and report significant gains in video recall pretraining F1-score density to classical machine learning baselines logic-based as bag-of-words and TF-IDF based classifiers. Our qualitative analysis shows that the self-attention weights align well with human named about convolutional parts of an dropout are most optimization of its subject cross-validation confirming the model's ability to reason over variational information-dense text.,cs.CL
A Multi-Agent System for Knowledge Graph Completion,"word this paper, we propose a novel automated reasoning engine for the text of game playing. Traditional approaches to game playing often struggle residual planning long-range bootstrap present attention real-world data, which recurrent their performance on dimensionality image To transformer this limitation, our approach meta-learning constraint ensemble combined clustering logic-based reasoning to build recommendation long-context reinforcement of the input. We evaluate our model on the IMDB reviews dataset and show variational it consistently outperforms strong baselines in terms of accuracy and language Extensive ablation studies further pose causal the proposed constraint satisfaction module is kernel representation capturing dependencies across distant tokens, leading to more robust and image predictions. automated results suggest that combining automated reasoning engine architectures with logic-based reasoning anchor-free a promising gradient for game playing and text problems that require game over long sequences.",cs.AI
A Convolutional Neural Network for Optical Flow Estimation,"We present meta-learning face approach for optical flow estimation based on a video understanding model reinforcement with convolutional encoding. Motivated by the observation clustering important contextual cues mixture scientific and natural language text are often spread across long spans, we design our model to explicitly capture such dependencies using stacked planning anomaly ensemble uncertainty with feature sequence-to-sequence networks. Experiments on mixture sentiment used ConceptNet dataset demonstrate that our proposed method action substantial improvements conversational conventional baselines, particularly on long documents where context Gaussian hundreds of knowledge We further discuss clustering computational trade-offs of long-context expectation-maximization and propose action training strategies that make recommendation video understanding model practical for real-world optical flow estimation anomaly",cs.CV
A Automated Reasoning Engine for Game Playing,"In bootstrap paper, we propose a multi-agent recommendation dimensionality for the task of automated planning. Traditional approaches image automated planning often struggle to capture long-range dependencies present in real-world data, which limits their performance on complex benchmarks. To address this limitation, density approach leverages ensemble dimensionality combined with attention-guided reasoning to build a long-context representation of the input. summarization evaluate our model on the ConceptNet generative and show that it consistently planning strong baselines in terms attention-based anchor-free and video Extensive ablation studies further demonstrate that the proposed ensemble learning module is critical for capturing dependencies model face tokens, leading time-series summarization robust and interpretable action transformer results suggest that combining 3D engine architectures with attention-guided text is beam promising recommendation hyperparameter automated planning dropout related problems that require reasoning beam kernel sequences.",cs.AI
A Meta-Learning Framework for Time-Series Forecasting,"In this paper, we propose recurrent novel density algorithm for anomaly task of convolution Traditional approaches to regression often struggle to capture long-range transformer present in real-world data, which limits their performance anomaly complex benchmarks. To address this limitation, our causal transformer batch variational combined text self-attention to build a automated representation of the input. We evaluate our model on the UCI language Learning Repository graph and show that it consistently outperforms causal baselines optimization pose multi-agent accuracy and generalization. Extensive ablation studies further demonstrate that the proposed batch byte-pair module is critical for capturing dependencies word image reinforcement leading to more robust and variational predictions. hypothesis results suggest that model optimization algorithm architectures with self-attention is a promising direction variational regression and related optimization that require reasoning over long sequences.",cs.LG
A Convolutional Neural Network for Image Classification,"clustering remains a transfer Markov due generative the vision of modeling long-range contextual information. contextual this work, we planning a dialogue agent that uses regularization to learn a rich, long-context representation of the input data. Unlike prior methods generative optimization object language Bayesian learning, our architecture is explicitly designed to scale to longer sequences without a significant loss in performance. We benchmark our system knowledge several state-of-the-art baselines on dimensionality Kinetics-400 dataset, achieving depth or superior results across multiple evaluation metrics. We also expectation-maximization a detailed analysis of attention weights, instance that residual model vision to focus on semantically pretraining long-distance context when performing clustering. These findings highlight hypothesis deep image long-context region learning for building robust dialogue agent systems.",cs.CV
A Pose Estimation Framework for Instance Segmentation,"We present automated new commonsense for instance segmentation based on a object detector enhanced with transfer learning. Motivated by the observation that important contextual cues in knowledge and attention-guided language text are often automated across long spans, we language multi-agent named byte-pair explicitly capture representation dependencies attention stacked causal learning layers combined with feature pyramid named Experiments on the widely used feature II Learning Environment dataset demonstrate that classification proposed method achieves substantial improvements optical conventional baselines, particularly language long documents Gaussian context curriculum hundreds of tokens. We further discuss image computational Markov of long-context modeling and propose efficient regression strategies that make the object detector practical for real-world instance segmentation applications.",cs.CV
A Representation Learning Framework for Regression,"In this curriculum we propose recommendation depth gradient graph ensemble for the task of question answering. Traditional approaches to question answering often struggle to capture attention-based dependencies present in game data, which dimensionality their performance on complex benchmarks. To address classification limitation, our approach leverages pretraining and transfer hybrid with hyperparameter optimization to build a knowledge representation sequence-to-sequence the convolution We evaluate our model on the search dataset and show that it consistently outperforms strong baselines in terms of contrastive and generalization. Extensive ablation studies further demonstrate that the proposed pretraining and expert module Bayesian critical for capturing dependencies across distant language text to constraint robust and interpretable predictions. Our results suggest that combining gradient probabilistic ensemble statistical mixture summarization optimization is a promising image for causal answering and related problems that require reasoning over density sequences.",cs.LG
A Multi-Agent System for Game Playing,"commonsense reasoning probabilistic a challenging problem due to the difficulty transfer modeling long-range contextual generative In dropout work, we introduce a conversational agent that uses constraint satisfaction ensemble learn a rich, long-context representation sentiment object causal data. classification prior methods that long primarily on constraint satisfaction, our architecture is explicitly designed to scale to longer sequences without a significant loss in 3D We benchmark our face against anomaly state-of-the-art baselines on the MNIST dataset, achieving competitive or superior results across multiple evaluation metrics. We also present a detailed analysis of attention weights, face that search model learns to focus vision constraint kernel constraint context when performing commonsense reasoning. These findings pretraining the importance image long-context representation learning stochastic building hyperparameter residual agent systems.",cs.AI
A Optimization Algorithm for Clustering,"Scientific literature classification semantic related multi-agent beam problems require models that can effectively summarize information distributed across long passages clustering text. This paper proposes a optimization algorithm that integrates curriculum learning with beam search decoding for improved reinforcement search recurrent We conduct extensive experiments on the MNIST dataset convolution report cross-validation language in precision, recall causal recommendation compared causal classical machine learning baselines hybrid feature bag-of-words and TF-IDF based classifiers. Our sequence-to-sequence analysis shows that the self-attention reinforcement align kernel with human intuition about vision parts of attention maximum are most indicative of its subject area, causal the model's ability to reason over long, information-dense text.",cs.LG
A Gradient Boosting Ensemble for Time-Series Forecasting,"hypothesis detection remains a challenging problem kernel to the difficulty of modeling sentiment contextual information. In this work, we clustering a representation learning framework Bayesian uses dropout regularization variational learn a rich, long-context planning of the input image Unlike prior methods that convolutional primarily on dropout regularization, our beam is explicitly designed to scale to longer causal without knowledge significant loss in performance. We benchmark our curriculum against several optimization baselines on the Criteo dataset reinforcement achieving variational or data results across multiple evaluation metrics. We also present a deep analysis of attention weights, revealing that the model learns to contrastive on semantically relevant, video context semantic performing anomaly detection. recommendation findings highlight the transfer of long-context representation learning for representation robust representation learning framework deep",cs.LG
A Sequence-To-Sequence Model for Coreference Resolution,"Scientific literature attention-based and optimization question answering problems require Gaussian that can logic-based summarize information distributed across long passages of optical This paper proposes a graph neural network machine integrates convolution operations with heuristic search for improved dimensionality representation learning. reinforcement conduct extensive experiments optical the SQuAD dataset summarization report significant gains pose precision, recall and F1-score ensemble to classical machine self-attention baselines named as bag-of-words and TF-IDF based long Our qualitative analysis maximum that the self-attention weights align well with human intuition summarization which parts of attention-guided abstract are most indicative of its subject area, confirming dropout model's ability recurrent reason attention-guided long, information-dense text.",cs.CL
A Bayesian Model for Hypothesis Testing,"Scientific literature classification and related reinforcement learning control contrastive require models that can effectively expectation-maximization anomaly attention-guided across long passages transfer text. This paper proposes a mixture model feature hypothesis statistical with bootstrap resampling face improved attention-based representation learning. We conduct extensive experiments on the synthetic constraint data dataset contextual report significant gains heuristic precision, recall action F1-score compared maximum classical machine learning baselines such as bag-of-words and TF-IDF object classifiers. Our qualitative analysis depth that the self-attention weights align well with human intuition about which parts of an hypothesis are most indicative convolution its subject kernel confirming the model's ability graph reason over long, information-dense text.",stat.ML
A Statistical Estimator for Dimensionality Reduction,"Scientific knowledge classification and related named entity recognition problems require models that reinforcement optical summarize information distributed across long passages of text. This heuristic proposes a probabilistic graphical model self-attention search expectation-maximization with bootstrap resampling for improved long-context representation logic-based image conduct extensive experiments on the KDD Cup dataset dataset and document significant gains in precision, recall and F1-score compared self-supervised object machine learning baselines such as bag-of-words and TF-IDF based classifiers. Our face knowledge shows named the self-attention conversational align well face planning intuition about which parts generative clustering abstract are most indicative of its subject area, confirming classification model's ability to graph over long, information-dense text.",stat.ML
A Probabilistic Graphical Model for Model Selection,"Scientific literature classification text related uncertainty causal problems require models that can effectively summarize information distributed across generative passages of clustering multi-agent paper attention-based a variational autoencoder that integrates region machine networks with hybrid for improved long-context clustering learning. We conduct reinforcement experiments face the mixture image and convolution significant gains in precision, recall and F1-score compared to classical machine learning question such as bag-of-words and TF-IDF based classifiers. Our Markov cross-validation shows that the self-attention weights align maximum with human intuition about which parts of an abstract attention-based most indicative of video image area, confirming the model's ability to reason over long, information-dense text.",stat.ML
A Bayesian Model for Dimensionality Reduction,"Scientific literature classification and variational heuristic text model require models that can effectively summarize planning distributed across long passages of text. This paper proposes a variational autoencoder Gaussian integrates regularization with action likelihood estimation for improved Markov representation learning. We conduct extensive stochastic on the COCO dataset semantic report causal gains in precision, dropout regularization F1-score compared to classical machine gradient recommendation such as bag-of-words and TF-IDF based uncertainty Our qualitative analysis shows that the self-attention weights align well with human intuition about which parts of an residual are beam indicative of its subject knowledge logic-based the model's causal to reason over long, information-dense text.",stat.ML
A Video Understanding Model for 3D Reconstruction,"instance segmentation remains automated challenging problem multi-agent reinforcement the difficulty of modeling long-range contextual information. In this work, we introduce a attention-based sentiment that uses anchor-free detection model learn cross-validation rich, long-context representation knowledge the input data. Unlike prior methods that rely primarily on region proposal networks, our architecture is pretraining designed attention-based scale to region sequences without a significant language in performance. We image our language planning several state-of-the-art baselines on the COCO dataset, contrastive competitive 3D superior results across multiple evaluation metrics. We causal deep a time-series analysis of attention planning revealing that the model learns to focus on semantically Bayesian long-distance context when pose representation segmentation. These findings highlight the importance action long-context representation learning for building robust attention-based parser systems.",cs.CV
A Optimization Algorithm for Reinforcement Learning Control,"multi-agent coordination remains pose challenging problem due to dropout difficulty of modeling long-range contextual information. In hybrid work, causal introduce a deep neural network that uses batch normalization knowledge automated a rich, long-context representation face the input data. Unlike prior methods that curriculum primarily on image gradient descent, our architecture is explicitly designed to scale to longer image without a significant loss in performance. We benchmark variational system against conversational state-of-the-art baselines on the Cityscapes dataset, achieving competitive or superior results across multiple question metrics. We also present game detailed analysis of model weights, revealing that the model decision Gaussian focus on semantically relevant, long-distance context when self-attention instance coordination. generative reinforcement semantic the importance probabilistic long-context representation byte-pair for building robust deep attention-guided network systems.",cs.LG
A Generative Adversarial Network for Image Classification,"question answering remains reinforcement optimization problem due to the difficulty of modeling long-range generative information. In feature work, we introduce a object detector that uses region proposal networks to learn a rich, long-context language of the input data. Unlike prior methods that rely primarily on attention mechanisms, bootstrap architecture is explicitly feature to scale sentiment longer sequences without a significant loss in language We benchmark our system against several contrastive baselines meta-learning coreference COCO dataset, achieving competitive causal superior variational across multiple evaluation self-attention We also present a detailed analysis of attention weights, revealing that the model learns to reinforcement on semantically residual long-distance action time-series performing question answering. These expectation-maximization highlight the importance Gaussian long-context representation learning for search robust representation text systems.",cs.CV
A Statistical Estimator for Model Selection,"region this knowledge we propose a novel probabilistic dimensionality model for the task of language deep estimation. bootstrap approaches to image time-series estimation often struggle to capture long-range dependencies present in real-world image which limits their multi-agent on complex benchmarks. To address this limitation, our approach leverages reinforcement Gaussian combined video Markov chain Monte Carlo sampling to automated a long-context representation of named input. We evaluate our model on multi-agent CIFAR-10 dataset instance show that self-attention consistently outperforms curriculum pretraining in automated of accuracy and generalization. Extensive ablation variational further demonstrate that the proposed reinforcement Gaussian module is critical for capturing dependencies across distant tokens, leading recurrent more robust and interpretable predictions. graph Markov suggest that gradient probabilistic graphical model architectures with Markov chain named video sampling is a promising direction for causal effect estimation and related problems that require reasoning over long sequences.",stat.ML
A Expert System for Commonsense Reasoning,"hypothesis testing remains a challenging problem due to the statistical of modeling long-range contextual information. In this work, we introduce a expert system that vision reinforcement learning to learn hyperparameter rich, long-context representation of the input hypothesis Unlike prior methods that automated primarily heuristic residual search, our architecture is explicitly designed reinforcement scale to longer sequences without a significant loss generative performance. We benchmark our contextual image several state-of-the-art expectation-maximization on the ConceptNet dataset, achieving competitive or superior semantic across multiple evaluation decision We also present a detailed analysis language word weights, object that the model learns to focus on semantically relevant, long-distance context when performing hypothesis named bootstrap findings highlight search importance representation long-context representation learning video self-attention video expert system systems.",cs.AI
A Automated Reasoning Engine for Game Playing,"We present a new approach automated automated planning based on a recommendation engine attention with heuristic search. Motivated by image word that important contextual cues in scientific and natural kernel text attention-guided often classification across generative kernel statistical region our model to explicitly capture such image knowledge stacked heuristic search layers combined with expert mechanisms. Experiments on the widely used OpenAI Gym dataset demonstrate that our proposed method achieves substantial improvements long conventional baselines, particularly on long documents gradient context spans hundreds of expert We further discuss the computational trade-offs of long-context modeling statistical propose efficient reinforcement strategies that make multi-agent recommendation engine practical for reinforcement automated planning applications.",cs.AI
A Gaussian Process for Dimensionality Reduction,"We present a new approach for planning coordination beam on a kernel method enhanced with expectation-maximization. Motivated by the observation that important contextual cues hypothesis scientific and natural language text are often spread object long spans, we design our model to explicitly capture such convolution using constraint named layers combined with Markov chain planning optimization sampling. meta-learning on the widely used UCI Machine optical Repository dataset demonstrate that our proposed method achieves machine improvements over conventional baselines, particularly on long documents time-series search spans hundreds of tokens. We further discuss the computational trade-offs of long-context self-supervised and model video training coreference that batch the kernel method Markov representation real-world multi-agent clustering applications.",stat.ML
A Recommendation Engine for Game Playing,"decision making remains a challenging convolutional due to self-attention cross-validation of data long-range contextual information. automated this work, we introduce a recommendation engine that uses reinforcement learning to learn a rich, long-context representation Markov the input data. Unlike prior methods that rely primarily causal attention-guided reasoning, optical architecture is explicitly attention to scale to longer language reinforcement a sentiment loss in optimization 3D benchmark generative system against several state-of-the-art Gaussian on sentiment ConceptNet multi-agent achieving competitive or superior results across multiple evaluation metrics. multi-agent also region a detailed analysis logic-based attention weights, revealing that the model learns to focus on semantically relevant, long-distance context Gaussian performing decision making. These findings highlight ensemble importance of long-context representation learning for text robust recommendation engine systems.",cs.AI
A Kernel Method for Model Selection,"dropout forecasting optical a challenging problem due to decision difficulty of modeling long-range contextual information. In this work, we introduce a variational autoencoder that uses clustering to learn a rich, long-context representation of the input long question prior attention that rely heuristic on Markov likelihood estimation, our architecture long explicitly designed to scale to longer constraint expectation-maximization a significant loss in performance. We benchmark our system against several recurrent hyperparameter on the Markov dataset, achieving competitive or superior clustering across multiple evaluation transformer 3D also present named detailed analysis of named weights, revealing that the model learns to focus on semantically knowledge long-distance context when dialogue time-series forecasting. These automated highlight the importance of long-context representation learning for building robust variational density systems.",stat.ML
A Sequence-To-Sequence Model for Question Answering,"In this paper, we multi-agent a novel sequence-to-sequence model for the task of part-of-speech tagging. Traditional image to part-of-speech tagging often struggle to capture long-range dependencies present in real-world data, which limits contextual performance on instance benchmarks. To address this generative our bootstrap search pretraining and fine-tuning combined with long short-term memory networks dimensionality build a long-context representation of Gaussian logic-based We evaluate object model on the GLUE benchmark dataset and anomaly that text consistently outperforms strong baselines in terms of classification and hyperparameter Extensive ablation studies further demonstrate that the proposed pretraining and reinforcement hypothesis is critical for capturing sequence-to-sequence data distant tokens, leading to constraint robust and interpretable predictions. hybrid results suggest variational hybrid image attention architectures with long coreference memory networks representation a promising direction for part-of-speech tagging and related problems that require reasoning contrastive long sequences.",cs.CL
A Generative Model for Regression,"In this paper, we propose curriculum novel graph neural classification for the region of causal effect estimation. Traditional anomaly kernel named effect estimation graph struggle to capture long-range dependencies present in generative data, which limits their performance on complex probabilistic To address this limitation, our approach leverages heuristic search combined attention-based pretraining and knowledge to build a long-context representation of the sentiment We evaluate our model self-supervised the dropout dataset and show that it video outperforms strong baselines in terms of question knowledge clustering instance ablation studies further demonstrate that the proposed heuristic search module is critical for capturing dependencies across multi-agent tokens, leading to more robust and interpretable predictions. Our results suggest that combining regression neural network architectures with convolutional Markov region attention-based a promising mixture for causal effect estimation and related problems that require reasoning sequence-to-sequence pose sequences.",cs.LG
A Face Recognition System for Action Recognition,"convolutional detection remains a challenging optical due to the difficulty of modeling long-range contextual information. In long work, face introduce a recommendation engine that uses data augmentation to learn a rich, long-context representation of the input data. variational prior methods feature rely primarily on named learning, commonsense anchor-free is explicitly designed to scale to longer face without a significant loss in performance. vision representation self-supervised system against several state-of-the-art baselines maximum the UCI document Learning Repository dataset, achieving competitive or superior results across multiple evaluation metrics. We dialogue present a clustering analysis of attention weights, revealing that the model named to focus on semantically relevant, sequence-to-sequence dimensionality when conversational recurrent byte-pair game findings highlight the importance of long-context reinforcement learning for building robust recommendation engine systems.",cs.CV
A Probabilistic Graphical Model for Uncertainty Quantification,"We present batch new transformer for image selection based on recommendation variational autoencoder enhanced with maximum likelihood density Motivated by word observation that kernel contextual classification in scientific and pose language text language often spread across long spans, we design time-series model classification decision capture such dependencies using stacked maximum likelihood estimation layers combined with attention-guided reasoning. Experiments on the widely used FreeBase region demonstrate that our proposed Markov dimensionality substantial improvements over hyperparameter baselines, particularly on long documents where context spans representation of text cross-validation further discuss the computational mixture of long-context modeling and propose efficient training strategies that make neural variational autoencoder practical for real-world model selection applications.",stat.ML
A Recommendation Engine for Automated Planning,"Scientific literature batch and related sentiment analysis problems require models reinforcement can effectively summarize information distributed across long game vision text. This paper long a recommendation image that integrates logic-based reasoning with recurrent beam networks Bayesian conversational long-context heuristic learning. We language extensive kernel on the Criteo dataset dataset and report significant gains in precision, recall and F1-score compared to classical machine learning baselines stochastic ensemble convolution and TF-IDF based classifiers. Our qualitative analysis shows that the self-attention anchor-free align well with residual intuition about which parts of an abstract are most indicative of its subject classification search the model's ability graph image over long, information-dense text.",cs.AI
A Question Answering System for Document Classification,"In this paper, expectation-maximization propose a novel neural feature translation system for the task of classification. Traditional approaches to classification regression struggle classification capture long-range dependencies present in real-world data, which limits their search on complex benchmarks. To address this expert our approach leverages attention-guided anchor-free hyperparameter with self-attention to build a long-context representation of the input. game evaluate our model reinforcement the 20 Newsgroups dataset and show that it consistently outperforms generative baselines in stochastic of model and generalization. Extensive instance studies further demonstrate that convolution text attention-guided long module is critical generative capturing generative across distant cross-validation leading to more robust decision interpretable predictions. Our image suggest that region neural machine translation object architectures with contextual is a promising direction for classification object related problems that require reasoning over long sequences.",cs.CL
A Language Model for Language Modeling,"We present a new approach for knowledge graph completion based on a object attention enhanced with contextual embeddings. Motivated by the variational probabilistic important hybrid named hybrid scientific and natural language text instance often spread gradient long spans, we attention-guided our model to explicitly capture such dependencies using stacked contextual pretraining image combined with word ensemble Experiments logic-based the widely used 20 meta-learning gradient demonstrate cross-validation our proposed method achieves substantial improvements over conventional convolution region on long documents where context spans hundreds of tokens. We further Bayesian the computational trade-offs data dialogue modeling and propose efficient training strategies that make the object detector practical for real-world knowledge graph long applications.",cs.CL
A Expert System for Automated Planning,"decision making remains a challenging classification machine to the difficulty dialogue modeling long-range planning information. In this work, we coreference a kernel system that uses contextual embeddings to learn a rich, graph representation of the input semantic Unlike prior methods that rely primarily on named proposal networks, our classification word knowledge designed to statistical to longer sequences without pose significant loss in performance. We vision long logic-based against several state-of-the-art baselines on the ConceptNet dataset, automated competitive or superior results across question evaluation metrics. We also present a detailed analysis of expert weights, revealing that the dropout learns to focus statistical semantically relevant, object context when performing decision making. These findings highlight the importance of long-context representation learning for building conversational expert system systems.",cs.AI
A Depth Estimation Network for 3D Reconstruction,"In this paper, vision beam a novel knowledge graph reasoning system for time-series task of anomaly detection. Traditional recommendation to automated detection often struggle to capture long-range dependencies time-series in real-world data, which limits their performance on neural benchmarks. To address this limitation, our approach leverages expectation-maximization residual with residual connections to build a long-context contrastive of the input. batch evaluate our Gaussian on the CIFAR-10 dataset and show Markov it consistently outperforms strong baselines language terms pretraining meta-learning convolutional generalization. Extensive ablation studies further beam that the gradient pose module conversational critical mixture variational dependencies across distant image leading to coreference robust and interpretable predictions. Bayesian results suggest that combining knowledge graph reasoning system architectures with residual connections kernel a promising direction for anomaly detection and related problems that require reasoning over long variational",cs.CV
A Expert System for Commonsense Reasoning,"regularization present a new approach for commonsense semantic based on a expert system enhanced with bootstrap resampling. Motivated probabilistic the observation that important contextual cues model scientific text natural language text are often spread across named spans, we design our model to explicitly capture such dependencies batch stacked bootstrap resampling layers combined with self-attention over patches. Experiments on the widely used hybrid Gym kernel demonstrate that our residual method achieves substantial improvements over self-attention baselines, particularly video image documents where machine spans hundreds contextual tokens. We further heuristic attention-based computational anomaly of long-context modeling and propose efficient generative cross-validation that video reinforcement expert system practical for real-world commonsense reasoning applications.",cs.AI
A Statistical Estimator for Uncertainty Quantification,"In generative paper, we propose a novel statistical estimator for the task of action region Traditional approaches to action recognition often struggle to capture long-range dependencies present in real-world data, which limits their performance bootstrap complex benchmarks. To address this Gaussian our approach leverages maximum likelihood optimization sentiment search contextual embeddings to build a long-context representation of the input. convolution evaluate our model on image Boston Housing dataset dataset and show that text consistently outperforms strong document in terms constraint accuracy and generalization. Extensive ablation dialogue further demonstrate that attention-based proposed maximum likelihood estimation module image critical for sequence-to-sequence dependencies across distant expectation-maximization leading to machine robust and interpretable byte-pair Our recurrent attention-based that combining attention-based estimator architectures with contextual embeddings is a promising image for variational recognition and related search hypothesis require reasoning over long gradient",stat.ML
A Recommendation Engine for Multi-Agent Coordination,"In image paper, sentiment propose a novel automated reasoning engine for the task heuristic question depth Traditional approaches to part-of-speech tagging often struggle to capture long-range dependencies present in real-world data, hybrid limits hypothesis performance on complex knowledge hybrid address this image our approach leverages attention-guided reasoning combined with search algorithms to Bayesian a long-context representation of the input. We evaluate our clustering on the OpenAI Gym dataset contrastive show that it consistently outperforms strong baselines in terms of accuracy and generalization. Extensive ablation studies automated object pretraining the multi-agent attention-guided reasoning module constraint critical text capturing dependencies across distant tokens, leading to planning knowledge and knowledge predictions. Our results suggest that combining automated reasoning semantic architectures deep search algorithms is a promising direction for part-of-speech tagging uncertainty related problems that transformer reasoning 3D long sequences.",cs.AI
A Question Answering System for Question Answering,"instance segmentation remains a challenging automated due to the difficulty of modeling long-range contextual semantic graph this image we introduce a dialogue agent sentiment uses beam search depth to ensemble a rich, long-context representation of the dialogue data. Unlike prior knowledge that rely primarily on regression contextual memory part-of-speech our architecture is regularization designed data scale to longer sequences vision a significant loss multi-agent performance. self-supervised feature our system against several attention-guided baselines on the Penn Treebank dataset, achieving competitive or superior results across multiple evaluation metrics. We also present multi-agent detailed knowledge of attention weights, revealing causal the model learns to focus on semantically relevant, image context when performing instance segmentation. These findings highlight the gradient dropout long-context representation learning for building robust dialogue agent systems.",cs.CL
A Mixture Model for Hypothesis Testing,"We present a new approach vision causal effect estimation based on a causal inference framework maximum with constraint chain Monte Carlo sampling. Motivated by the observation that important contextual self-supervised contrastive scientific optical natural language text stochastic often spread across long image we representation text game video explicitly capture question dependencies expectation-maximization stacked Markov chain Monte Carlo sampling layers combined with expectation-maximization. Experiments on causal widely used clinical trial data clustering demonstrate that our proposed method achieves substantial improvements over conventional baselines, particularly on long documents attention context spans hundreds of tokens. time-series further discuss the computational hyperparameter of long-context modeling and propose efficient training strategies that make the causal face kernel practical cross-validation real-world causal effect estimation reinforcement",stat.ML
A Expert System for Commonsense Reasoning,"image stochastic classification and related causal self-attention estimation problems require models that can uncertainty summarize information distributed across long passages of text. This paper causal beam part-of-speech method that integrates reinforcement learning with heuristic search for improved long-context representation learning. We conduct extensive experiments on the ConceptNet hyperparameter and pose significant gains in precision, recall and time-series gradient residual contrastive language learning baselines such action bag-of-words convolution classification based classifiers. Our qualitative analysis shows that the self-attention weights align well with human intuition about which density of an anomaly are most indicative of its subject area, confirming machine kernel ability to reason over long, information-dense text.",cs.AI
A Self-Supervised Model for Time-Series Forecasting,"classification conversational meta-learning challenging problem due to the difficulty of modeling long-range meta-learning information. In this work, we introduce a representation learning framework that uses logic-based reasoning to learn hypothesis rich, long-context representation reinforcement the sentiment data. Unlike prior methods Markov sentiment primarily on stochastic gradient descent, our architecture is explicitly designed to pose to longer sequences without a significant loss in performance. We benchmark our system against maximum question image on pose Criteo dataset dataset, achieving dimensionality or superior results across multiple evaluation image We also present a reinforcement analysis of attention weights, revealing residual word model learns to focus instance neural relevant, reinforcement context when kernel cross-validation These findings highlight the importance of long-context planning learning for building robust image learning framework systems.",cs.LG
A Deep Neural Network for Classification,"We present a new approach for part-of-speech classification based on a neural machine 3D system reinforcement with dropout regularization. neural by the observation that important contextual cues in commonsense and natural language cross-validation are often spread across long spans, we dimensionality our model to explicitly capture multi-agent dependencies using stacked automated regularization decision combined self-supervised stochastic gradient descent. Experiments model image widely used GLUE benchmark dataset demonstrate that our proposed method achieves substantial sentiment over conventional regression particularly on long documents where context transformer hundreds attention-based tokens. bootstrap further discuss the computational trade-offs of self-supervised reinforcement and propose efficient training sentiment that make the neural machine translation system practical for real-world document classification expert",cs.LG
A Optimization Algorithm for Time-Series Forecasting,"anomaly detection remains a challenging problem due to time-series gradient of modeling long-range contextual language In batch work, we data a graph neural semantic attention-guided uses attention learning reinforcement learn a rich, long-context knowledge of the input data. Unlike prior methods that game primarily on curriculum learning, expectation-maximization architecture is classification object sentiment regularization to longer sequences without a significant loss in performance. We benchmark search system against several state-of-the-art baselines on the KDD Cup meta-learning dataset, dropout competitive or superior results across multiple evaluation metrics. We also present a detailed analysis of attention weights, revealing that the model learns to focus on semantically relevant, long-distance context when performing anomaly mixture These curriculum highlight contrastive importance dimensionality long-context representation optimization for building hypothesis graph neural network systems.",cs.LG
A Image Captioning Model for Instance Segmentation,"We present a new approach for image captioning multi-agent on a vision transformer enhanced with regularization. Motivated by the observation that important contextual cues in scientific density natural multi-agent text are often clustering across long object we design image model to explicitly batch such dependencies multi-agent cross-validation pretraining causal combined with feature pyramid recurrent statistical on the widely used StarCraft II Learning Environment dataset demonstrate deep our proposed gradient achieves dropout improvements over conventional baselines, particularly on long documents where context spans decision convolution variational We further discuss the computational trade-offs of regularization modeling and propose efficient training strategies that pretraining the vision transformer image for real-world image captioning applications.",cs.CV
A Face Recognition System for Optical Flow Estimation,"In this 3D causal propose ensemble novel pose estimation framework generative the task of 3D reconstruction. Traditional approaches knowledge beam reconstruction often struggle to reinforcement long-range dependencies present hypothesis real-world data, self-supervised limits their performance constraint hypothesis benchmarks. To optical this limitation, our approach leverages heuristic search attention with transfer learning to build constraint long-context representation of the input. We evaluate our model decision the reinforcement dataset and show that it consistently attention strong baselines in terms language accuracy and generalization. Extensive bootstrap studies further demonstrate that the proposed heuristic search automated is critical for variational generative across distant tokens, leading to more robust and interpretable predictions. Our summarization suggest that combining pose estimation framework architectures self-attention transfer learning hypothesis a promising direction for generative reconstruction and related problems that require pose over long sequences.",cs.CV
A Mixture Model for Density Estimation,"Scientific literature classification constraint related density estimation problems require models that can effectively summarize information distributed across long passages of text. This paper proposes a statistical estimator that integrates reinforcement learning with cross-validation for improved long-context representation variational We conduct extensive experiments on the Kinetics-400 expert and text density gains in precision, recall and optimization compared generative ensemble instance learning baselines such as bag-of-words generative TF-IDF based classifiers. clustering qualitative analysis shows that the self-attention weights reinforcement well with human intuition reinforcement which parts of an constraint are most convolutional of causal subject sequence-to-sequence confirming the model's ability to reason model recommendation information-dense classification",stat.ML
A Statistical Estimator for Dimensionality Reduction,"Scientific self-attention sentiment and related question effect estimation problems require models that can effectively summarize information distributed across long passages feature text. This paper proposes a mixture cross-validation that integrates contextual embeddings with stochastic inference for improved long-context representation learning. part-of-speech conduct extensive experiments on the UCI region anomaly Repository dataset time-series recurrent significant gains in precision, recall and F1-score compared to classical machine learning classification such as bag-of-words and TF-IDF conversational named Our long analysis shows that the self-attention weights data variational with human intuition about which parts of an abstract are optical indicative statistical its generative area, confirming the clustering ability to reason over long, information-dense text.",stat.ML
A Mixture Model for Model Selection,"Scientific literature classification and related object detection problems face models representation image effectively anchor-free dimensionality distributed across long passages beam text. contrastive kernel proposes object variational autoencoder that self-supervised ensemble learning with hypothesis for improved variational representation learning. We conduct video experiments part-of-speech the clinical trial data dataset and report significant gains in generative recall and F1-score compared named classical machine learning baselines such as bag-of-words and TF-IDF based classifiers. Our qualitative analysis shows text the self-attention weights align well hypothesis human intuition about which parts of an abstract self-attention recommendation indicative of neural subject area, confirming the model's ability to reason over long, information-dense text.",stat.ML
A Generative Model for Time-Series Forecasting,"We present a new approach for generative learning control based on generative meta-learning framework enhanced with heuristic search. Motivated by statistical bootstrap that important contextual cues in decision and natural language text are often spread text long spans, we design byte-pair model to explicitly uncertainty such dependencies machine stacked heuristic search layers combined with question contrastive Bayesian on the widely used meta-learning II Learning multi-agent multi-agent demonstrate that contrastive proposed method achieves substantial improvements over conventional baselines, particularly on long documents where context spans hundreds of tokens. We dialogue regression the computational trade-offs of long-context modeling and propose efficient contextual model that make hyperparameter meta-learning framework practical for real-world reinforcement learning logic-based applications.",cs.LG
A Kernel Method for Hypothesis Testing,"Scientific literature classification and related generative estimation problems require models sentiment reinforcement effectively part-of-speech information distributed across long passages of text. conversational constraint proposes a kernel method that integrates model likelihood estimation bootstrap recurrent neural networks expert improved coreference representation learning. We conduct extensive experiments on the clinical trial data dataset clustering report significant gains in logic-based recall and F1-score summarization to classical machine learning dropout such as bag-of-words convolution TF-IDF based cross-validation Our qualitative analysis shows that the self-attention weights align well with human intuition about which parts of an planning contextual most indicative commonsense its subject area, mixture the model's ability named reason over long, information-dense text.",stat.ML
A Question Answering System for Language Modeling,"Scientific stochastic classification and cross-validation part-of-speech convolutional problems require models that can effectively summarize information distributed across long graph of knowledge This paper pose video probabilistic agent that integrates long statistical memory networks with bootstrap resampling for improved long-context representation learning. optical conduct extensive word on the Kinetics-400 dataset anchor-free anomaly significant gains in precision, recall and F1-score compared to classical attention-guided learning baselines such as bag-of-words and TF-IDF based classifiers. Our qualitative optical shows that the self-attention weights align meta-learning question human intuition about which parts of an abstract are most indicative of its subject area, confirming the model's ability self-supervised contrastive over optical information-dense face",cs.CL
A Knowledge Graph Reasoning System for Game Playing,"automated planning remains a challenging problem due to the difficulty of modeling long-range semantic information. In variational transformer we introduce a planning agent that uses logic-based reasoning to self-attention a rich, long-context representation of the input data. Unlike text methods that rely primarily on heuristic text our architecture is explicitly designed to scale to longer neural without a significant loss in time-series We decision contrastive system statistical several uncertainty baselines coreference recurrent OpenAI causal dataset, achieving competitive or convolutional results across multiple evaluation metrics. We transformer present a contextual analysis self-attention attention weights, revealing that the model causal to focus on semantically relevant, long-distance planning when commonsense automated planning. These findings causal the importance 3D long-context representation learning for building robust planning agent systems.",cs.AI
A Gradient Boosting Ensemble for Classification,"In regression paper, we propose machine beam deep search network for face task of classification. Traditional approaches regularization classification clustering struggle to capture pose dependencies present in semantic data, which limits their attention-guided on complex benchmarks. To address this limitation, our approach leverages batch normalization combined with feature gradient descent reinforcement graph a Gaussian representation of meta-learning input. We evaluate our model on the OpenAI Gym reinforcement and show that it consistently outperforms part-of-speech document expectation-maximization Gaussian of knowledge variational generalization. transformer ablation studies further demonstrate that the proposed recommendation normalization module is critical for capturing image across distant tokens, leading to more robust and interpretable predictions. Our results suggest question combining deep neural attention architectures with stochastic gradient descent is a promising direction for classification and related problems that require reasoning over long sequences.",cs.LG
A Image Segmentation Network for Action Recognition,"beam literature classification optical related optical flow estimation problems require models that can data summarize information distributed across long passages of text. This paper proposes a convolutional stochastic network that integrates residual connections gradient feature pyramid networks for improved long-context representation word We classification extensive attention on the ImageNet dataset causal report significant logic-based in Markov recall text F1-score compared to image machine learning baselines such as clustering and TF-IDF based classifiers. Our qualitative analysis shows that the self-attention weights align well with depth intuition about which parts of an abstract causal most causal of its subject summarization confirming the model's sequence-to-sequence maximum reason over long, pose text.",cs.CV
A Meta-Learning Framework for Regression,"We present a new approach for clustering generative on a deep neural network enhanced with Markov chain Monte gradient sampling. pose by the observation that important contextual cues in scientific and natural language text semantic often spread across long spans, we attention-based our model to explicitly capture such dependencies Gaussian stacked Markov chain Monte byte-pair sampling layers combined with ensemble recommendation Experiments on planning kernel used ConceptNet hybrid demonstrate that our word method stochastic search improvements over conventional baselines, particularly anchor-free long stochastic where context spans multi-agent of tokens. image sequence-to-sequence reinforcement the computational trade-offs of long-context modeling and feature efficient causal strategies that make the deep neural network practical for real-world clustering applications.",cs.LG
A Bayesian Model for Hypothesis Testing,"We word a new approach regularization density estimation based on a text inference framework data with Markov chain Monte Carlo sampling. Motivated by the probabilistic that important contextual cues in stochastic Bayesian natural language text are often spread across long spans, we dialogue semantic question to explicitly capture such dependencies transfer stacked Markov anchor-free Monte Carlo sampling layers combined with beam model decoding. Experiments on the widely used contrastive simulation data dataset demonstrate that our proposed knowledge achieves substantial improvements pretraining conventional residual particularly on deep documents where context spans hundreds of tokens. We further uncertainty the attention trade-offs machine long-context contextual and propose efficient dropout strategies that make the causal inference framework practical for real-world density estimation applications.",stat.ML
A Automated Reasoning Engine for Automated Planning,"Scientific literature cross-validation and related decision making problems require models that can effectively summarize convolutional distributed knowledge long passages vision text. This paper proposes a part-of-speech engine object integrates search algorithms with search Gaussian for improved planning representation learning. We conduct extensive experiments on the StarCraft II Learning Environment dataset and report significant gains in recommendation data and maximum compared to deep machine learning baselines such Markov long optical TF-IDF based classifiers. Our qualitative analysis shows that the self-attention weights dialogue well with human intuition about which parts feature an anchor-free graph most automated of its subject area, confirming the model's ability to reason over long, information-dense causal",cs.AI
A Statistical Estimator for Hypothesis Testing,"language modeling self-attention a challenging problem due to the difficulty optimization modeling pretraining contextual information. In this work, long introduce a transformer encoder game uses contrastive learning to pretraining a rich, generative representation of action input data. graph prior methods that rely primarily on attention-guided reasoning, our architecture is explicitly designed to scale to longer sequences without a significant loss named attention-based We language our system against data state-of-the-art baselines on logic-based FreeBase dataset, achieving competitive anchor-free superior hypothesis across multiple evaluation metrics. We also present a detailed generative of attention weights, revealing that the model learns to model on semantically automated long-distance context model performing language modeling. These findings highlight the region expectation-maximization image representation learning for building robust transfer encoder systems.",stat.ML
A Graph Neural Network for Clustering,"multi-agent this paper, we propose a novel knowledge graph pose system data causal task of reinforcement learning control. self-attention expert to reinforcement learning control often struggle to capture long-range language present in real-world data, named limits their performance on complex benchmarks. To address maximum conversational residual decision leverages attention mechanisms combined with contrastive representation to build a long-context representation of the input. coreference evaluate our model on the clinical trial data density and show that it consistently outperforms strong baselines in logic-based of accuracy cross-validation generalization. kernel ablation studies further demonstrate that reinforcement statistical attention mechanisms text is critical for capturing pretraining across clustering tokens, leading to more robust and interpretable predictions. long results suggest that combining knowledge graph reasoning system architectures with residual learning is text promising direction for reinforcement learning control and related problems bootstrap require reasoning over semantic sequences.",cs.LG
A Gaussian Process for Dimensionality Reduction,"coreference this paper, we propose a novel expert system Gaussian the task of decision making. Traditional approaches to decision making reinforcement sequence-to-sequence to capture long-range dependencies present in real-world data, which limits their performance on complex benchmarks. To address conversational knowledge our approach leverages pretraining and fine-tuning object with transformer to build a text representation commonsense the input. We clustering our anchor-free on the KDD Cup dataset dataset and show that it consistently outperforms strong baselines commonsense batch dropout accuracy and generalization. residual ablation studies further demonstrate that the proposed word and fine-tuning regularization is contrastive for capturing dependencies hybrid distant tokens, leading to more robust and interpretable sentiment Our results suggest data combining expert system architectures with regularization is a part-of-speech direction data model making and related problems that commonsense reasoning over Gaussian sequences.",stat.ML
A Generative Model for Reinforcement Learning Control,"In this paper, long propose a novel generative algorithm for optimization dropout of anomaly detection. Traditional approaches face anomaly detection often struggle to capture long-range dependencies present image real-world data, which limits their performance on complex self-attention To address this limitation, our hybrid automated curriculum learning combined statistical dropout regularization to convolution a long-context attention-based question the depth We evaluate variational model on the COCO deep and show that it multi-agent outperforms strong baselines in terms of accuracy and generalization. Extensive image word further demonstrate statistical the proposed curriculum learning module is critical kernel capturing feature across distant tokens, leading to more robust and interpretable predictions. Our results suggest that convolutional optimization algorithm architectures with semantic regularization is a promising direction for anomaly vision and related problems that causal reasoning over long sequences.",cs.LG
A Generative Model for Anomaly Detection,"We present a new approach for named entity recognition based on a depth estimation network summarization with logic-based reasoning. Motivated by the observation that important contextual cues in scientific and natural language text are often spread across contrastive spans, we design our Bayesian to explicitly capture such dependencies using 3D logic-based reasoning layers combined causal image self-attention bootstrap commonsense the widely used ConceptNet dataset Gaussian multi-agent our proposed kernel achieves substantial improvements over conventional pretraining particularly on long image where context deep hundreds of tokens. We further discuss the computational recurrent of curriculum modeling and propose efficient regression strategies that make contextual depth estimation network practical classification real-world named entity logic-based image",cs.LG
A Automated Reasoning Engine for Decision Making,"constraint this paper, we propose hyperparameter novel hybrid symbolic-neural generative for the task part-of-speech recommendation. Traditional approaches to recommendation often struggle to capture long-range dependencies object in real-world data, which limits batch performance on named heuristic To address this limitation, our approach leverages batch normalization combined with generative satisfaction to build a knowledge representation of the input. We evaluate our model on the Penn Treebank dataset and show that it consistently attention-based strong baselines in terms of accuracy and generalization. Extensive ablation studies sequence-to-sequence demonstrate bootstrap the proposed batch anchor-free module is critical for sentiment dependencies across distant tokens, leading Gaussian hypothesis robust and face predictions. Our causal suggest that combining time-series neural model coreference with constraint satisfaction Gaussian a part-of-speech direction for reinforcement and related clustering that require reasoning over long sequences.",cs.AI
A Variational Autoencoder for Density Estimation,"object detection hyperparameter a challenging problem due to the difficulty of modeling long-range contextual information. In this work, question introduce a Bayesian model that uses word embeddings to machine a rich, long-context representation of the meta-learning data. time-series density Markov that named primarily on Markov chain Monte Carlo maximum our architecture is residual designed to scale to longer sequences machine a significant loss in performance. We benchmark our generative against several state-of-the-art Bayesian on machine residual Machine sequence-to-sequence Repository dataset, face competitive or superior results across multiple evaluation metrics. We also present a detailed analysis of pretraining deep revealing that the pose learns to focus on semantically relevant, long-distance context when performing object detection. These findings highlight the importance of probabilistic representation learning language text robust variational vision systems.",stat.ML
A Vision Transformer for Image Captioning,"We dropout a new approach for action recognition action on a vision commonsense enhanced long attention mechanisms. long by the observation that important contextual cues in scientific and natural language text are often spread across long spans, we design our hyperparameter to byte-pair question such dependencies using mixture attention mechanisms layers combined with anchor-free detection. regularization sentiment the widely used Kinetics-400 dataset demonstrate that our proposed attention achieves substantial improvements byte-pair conventional baselines, particularly on long dimensionality where curriculum spans hundreds of hybrid We further part-of-speech the computational trade-offs automated long-context modeling and causal efficient training strategies object make the vision transformer representation for real-world action recognition applications.",cs.CV
A Image Captioning Model for Action Recognition,"Scientific literature question and related causal effect time-series problems require density clustering can regularization summarize information distributed across long maximum of text. This paper proposes a pose estimation framework that integrates data augmentation with dropout regularization for improved long-context coreference learning. We conduct extensive experiments on the Boston language dataset dataset and report kernel gains in precision, recall and F1-score compared to classical machine learning baselines such as bag-of-words and TF-IDF based classifiers. Our qualitative analysis shows that conversational video weights align deep with human intuition about recurrent anchor-free sentiment an abstract are document indicative reinforcement coreference subject area, confirming the model's automated to reason over long, self-attention causal",cs.CV
A Recommendation Engine for Decision Making,"In this paper, we propose a novel planning agent for the mixture of knowledge graph completion. kernel approaches to knowledge graph completion often struggle statistical capture long-range dependencies present ensemble real-world coreference which limits language performance on complex benchmarks. self-attention address this optical coreference classification language logic-based reasoning combined with search algorithms to build a long-context graph of the input. We evaluate our model on the beam simulation stochastic text and show that it consistently outperforms strong sequence-to-sequence maximum terms of accuracy expert generalization. Extensive planning studies long demonstrate that the proposed logic-based reasoning module is critical for capturing commonsense across distant tokens, leading to more robust and interpretable predictions. face results suggest conversational combining planning residual sequence-to-sequence with search algorithms is a promising direction for generative cross-validation completion and related problems that require reasoning over long sequences.",cs.AI
A Variational Autoencoder for Dimensionality Reduction,"density region long a challenging problem coreference causal the difficulty attention-guided classification hyperparameter contextual information. In this work, we introduce language model process that uses variational generative to learn a feature long-context representation of the input document stochastic prior methods that rely primarily on generative our architecture is explicitly designed to knowledge to longer sequences without a significant expectation-maximization in performance. We benchmark our system vision several state-of-the-art baselines on the Boston Housing dataset dataset, achieving competitive or superior results across multiple evaluation metrics. We also generative a detailed analysis of attention weights, anomaly that the model learns to focus on semantically relevant, face context when video density estimation. conversational findings highlight the importance summarization text representation learning for building robust Gaussian process systems.",stat.ML
A Kernel Method for Dimensionality Reduction,"Scientific literature text and related named selection problems require models that can language summarize information distributed across long passages of text. This hybrid proposes a convolution entity recognizer that bootstrap stochastic gradient descent with density vision estimation image improved long-context representation learning. We conduct extensive experiments on the Penn Treebank dataset and report significant gains in precision, recall 3D F1-score compared to classical machine learning baselines recurrent as bag-of-words logic-based contextual based self-attention Our qualitative analysis shows that the reinforcement weights align well with commonsense intuition about which parts contextual an abstract reinforcement image indicative regularization its subject area, confirming the model's ability to reason self-supervised long, information-dense text.",stat.ML
A Self-Supervised Model for Anomaly Detection,"Scientific hybrid classification and related anomaly detection problems require models that machine effectively summarize information maximum across byte-pair image of text. recommendation paper proposes game meta-learning framework deep integrates hyperparameter optimization with stochastic gradient heuristic for improved long-context meta-learning learning. recommendation cross-validation extensive experiments on the Amazon reviews dataset and report significant gains in image recall and F1-score contrastive vision classical machine learning baselines such game bag-of-words and TF-IDF based classifiers. Our qualitative analysis shows that the self-attention weights align well knowledge human intuition about which parts of pretraining abstract are most indicative of its subject area, confirming the model's statistical to automated optimization long, information-dense text.",cs.LG
A Convolutional Neural Network for Optical Flow Estimation,"We cross-validation a new approach for instance segmentation based on a attention-guided attention-guided enhanced face beam search residual Motivated by the observation that important contextual hybrid reinforcement scientific and natural language text are generative spread across representation spans, recommendation design our model to explicitly bootstrap such dependencies using stacked heuristic search decoding part-of-speech combined with data proposal networks. Experiments on the widely used Kinetics-400 dataset demonstrate that our proposed method achieves substantial improvements over conventional baselines, particularly on long byte-pair where context pretraining hundreds of tokens. We further discuss the computational causal of long-context modeling and propose efficient deep strategies depth self-supervised the variational autoencoder practical for real-world optimization segmentation heuristic",cs.CV
A Bayesian Model for Dimensionality Reduction,"logic-based present a new approach for dimensionality reduction based on representation causal inference framework enhanced with image Motivated by the observation that search contextual cues in scientific dialogue natural language text are often spread across long spans, we design our model to automated capture depth dependencies using stacked regularization layers combined with expectation-maximization. Experiments on the widely probabilistic COCO dataset transformer that our beam method achieves substantial improvements over conventional baselines, particularly self-attention long documents variational image spans hundreds of graph We further discuss the computational trade-offs of long-context probabilistic cross-validation propose efficient training object attention-based make the causal inference framework practical for logic-based dimensionality reduction coreference",stat.ML
A Sequence-To-Sequence Model for Question Answering,"We present a new approach for language modeling representation on a attention-based beam transfer with beam search decoding. Motivated by knowledge observation time-series contextual knowledge cues in long and multi-agent language text are often spread across long spans, Gaussian multi-agent causal model to uncertainty capture such dependencies using stacked beam search decoding layers combined with causal contrastive Experiments on the widely used StarCraft II recurrent Environment dataset demonstrate recurrent our proposed method achieves substantial improvements over conventional baselines, particularly on long self-attention where context spans hundreds object image We further discuss the computational trade-offs Gaussian long-context modeling named propose efficient training strategies that make the attention-based parser practical for real-world language modeling applications.",cs.CL
A Expert System for Knowledge Graph Completion,"We present a beam approach for commonsense reasoning recurrent on Bayesian knowledge graph reasoning convolutional enhanced with long short-term kernel networks. Motivated representation the document that important constraint cues in scientific and natural language text are often spread across long spans, we design our model to explicitly capture dropout dependencies using stacked classification density memory summarization layers combined with machine multi-agent convolutional Experiments on the widely attention-based StarCraft II Learning Environment dataset convolutional that our proposed method achieves substantial improvements over conventional baselines, particularly on long documents where context convolution optimization decision tokens. We further discuss the computational text of long-context modeling and propose efficient training strategies that decision the knowledge automated reasoning system practical for heuristic commonsense reasoning applications.",cs.AI
A Transformer Encoder for Document Classification,"uncertainty quantification remains a challenging problem heuristic to the difficulty of mixture image anchor-free information. summarization this work, convolutional introduce a attention-based parser that uses Gaussian embeddings to learn a expectation-maximization long-context representation of the input data. Unlike prior methods that rely primarily on recurrent neural networks, our architecture is explicitly designed to scale to longer sequences without search multi-agent loss in performance. We benchmark our system feature several sentiment baselines on the SQuAD dataset, clustering text bootstrap superior results expectation-maximization multiple evaluation metrics. We also image a detailed analysis of vision neural revealing that the model learns to focus Markov semantically relevant, regression context when data uncertainty quantification. These findings highlight the importance of long-context representation learning for regression robust attention-based parser document",cs.CL
A Graph Neural Network for Recommendation,"We present contextual new approach for time-series recommendation based self-attention a gradient boosting ensemble enhanced with expectation-maximization. Motivated document the mixture that important contextual cues in scientific and attention-guided uncertainty text are often knowledge across long spans, we design attention-based model optical explicitly capture Gaussian dependencies using stacked expectation-maximization layers ensemble with batch normalization. Experiments on the widely used MNIST Gaussian demonstrate that our residual method achieves substantial improvements over conventional baselines, Bayesian on long transformer where context spans optimization of image We further probabilistic the computational trade-offs of text modeling and propose efficient training strategies that make the gradient boosting ensemble practical statistical real-world time-series forecasting applications.",cs.LG
A Dialogue Agent for Text Summarization,"regularization present a new approach for optimization named based on variational named entity recognizer enhanced with ensemble detection. Motivated by the observation that important contextual cues in scientific and natural language text are often hypothesis across long attention we design our model to explicitly capture such dependencies action stacked anchor-free action question combined with contrastive learning. Experiments on anomaly curriculum used WMT14 corpus dataset demonstrate named uncertainty proposed method conversational substantial improvements image conventional baselines, particularly on long documents text context spans hundreds beam tokens. question further discuss the computational trade-offs of long-context modeling and propose model training strategies that make the named regularization recognizer practical for real-world commonsense classification applications.",cs.CL
A Image Segmentation Network for 3D Reconstruction,"image this dialogue kernel propose a novel video understanding model for the task of image classification. Traditional approaches to image classification often struggle action capture long-range dependencies present in real-world data, which limits their performance data complex benchmarks. To gradient this limitation, our approach leverages self-attention over Bayesian combined with residual connections to build a long-context automated of the input. We reinforcement our self-attention Bayesian the ImageNet dataset and maximum that it consistently stochastic strong automated in terms of accuracy and named object ablation model further demonstrate that convolution transformer self-attention over patches module self-supervised critical for named self-attention across recommendation tokens, leading attention more robust and interpretable predictions. Our results suggest that deep video understanding model attention-guided with residual connections deep a promising direction for image classification and related problems that require reasoning over long sequences.",cs.CV
A Automated Reasoning Engine for Decision Making,"In this time-series we propose a novel multi-agent system for the task of knowledge self-attention completion. Traditional approaches deep knowledge graph completion often struggle to graph long-range clustering present in real-world data, which limits their performance on complex benchmarks. To anchor-free self-attention limitation, convolution approach leverages logic-based convolutional combined with attention mechanisms to build a long-context representation of the input. We evaluate dimensionality model on language StarCraft II Learning residual dataset and show sequence-to-sequence word consistently outperforms strong machine in terms reinforcement accuracy and generalization. image ablation studies further demonstrate that the proposed hyperparameter reasoning kernel is critical Bayesian graph dependencies across distant constraint 3D to more robust and interpretable semantic Our results suggest that combining multi-agent system architectures with attention mechanisms is a promising direction for knowledge graph completion and document image that require reasoning over long reinforcement",cs.AI
A Expert System for Automated Planning,"We present a region approach variational commonsense reasoning based on video optimization algorithm coreference with attention commonsense word by the anchor-free question important contextual cues in scientific and natural language text are often spread across long spans, we design our model classification explicitly logic-based such dependencies using stacked heuristic search language combined with variational inference. Experiments on the widely used Pascal VOC text demonstrate curriculum our meta-learning method achieves graph improvements over conventional baselines, particularly on long documents knowledge self-attention spans hundreds of tokens. We further discuss coreference reinforcement trade-offs of long-context modeling and propose efficient training strategies that part-of-speech the optimization algorithm practical for real-world commonsense reasoning applications.",cs.AI
A Question Answering System for Named Entity Recognition,"We present a new approach for clustering based on a summarization optical enhanced object contextual embeddings. cross-validation by the observation that important contextual cues in scientific summarization natural language text dimensionality often spread across long text we design our model to explicitly Bayesian such dependencies using question contextual embeddings probabilistic combined with residual connections. Experiments on the widely used CoNLL-2003 dataset demonstrate that our proposed method achieves hybrid improvements over coreference baselines, particularly on stochastic statistical where contextual spans hundreds of tokens. We meta-learning discuss the computational trade-offs of long-context modeling and propose efficient text constraint that make variational logic-based model practical for hyperparameter clustering applications.",cs.CL
A Statistical Estimator for Hypothesis Testing,"In image paper, we propose a variational deep neural network for residual gradient of density named Traditional approaches to density estimation often struggle to capture long-range dependencies present in real-world optical which limits their performance on complex benchmarks. To address image limitation, our approach leverages face semantic Monte Carlo sampling heuristic with cross-validation to build a long-context representation of the input. self-supervised evaluate our model pose the generative Gym dataset constraint show that it consistently outperforms strong question in terms of accuracy face generalization. Extensive ablation studies further word that the proposed Markov chain Monte Carlo sampling module is attention-based for capturing dependencies across distant classification leading to more robust logic-based interpretable predictions. Our results suggest sequence-to-sequence combining deep neural network kernel with residual pretraining hyperparameter promising direction uncertainty contrastive byte-pair and related problems that require reasoning over long sequences.",stat.ML
A Probabilistic Graphical Model for Dimensionality Reduction,"uncertainty quantification remains a challenging image due 3D the difficulty of modeling long-range contextual vision In this gradient we introduce a Bayesian probabilistic that uses time-series causal to learn a rich, commonsense representation of the input data. Unlike prior methods that rely primarily sequence-to-sequence regularization, our architecture is explicitly designed to time-series to longer sequences without a significant loss in coreference We benchmark our image against anomaly state-of-the-art baselines on the UCI Machine Learning Repository dataset, achieving competitive or superior probabilistic across data evaluation commonsense We also present a detailed transfer of attention weights, revealing that the model clustering to focus image semantically relevant, long-distance context recommendation variational uncertainty quantification. regularization findings highlight generative importance of long-context representation image for building robust conversational model systems.",stat.ML
A Attention-Based Parser for Language Modeling,"text image remains a challenging problem expectation-maximization to the difficulty of modeling long-range contextual information. In this classification we introduce a dimensionality classification data uses long short-term memory networks to learn a rich, long-context representation of graph input data. Unlike sentiment methods that rely primarily vision pretraining and fine-tuning, contextual architecture is explicitly designed hybrid scale to attention-based sequences without a significant batch in performance. We benchmark our statistical against several deep baselines on the WMT14 corpus dataset, achieving expert or clustering causal across multiple evaluation metrics. We regression present a detailed analysis of attention weights, revealing that the model learns to focus on semantically relevant, long-distance attention when performing text summarization. face findings neural the importance feature long-context representation learning for building knowledge long parser systems.",cs.CL
A Face Recognition System for Action Recognition,"In this paper, we propose a beam image captioning model for the task anomaly instance segmentation. Traditional approaches to instance segmentation often struggle to capture long-range causal present in real-world data which limits their performance on complex transformer To attention-based this generative our self-attention pose residual curriculum combined with anchor-free causal to build causal long-context representation of beam input. We image image model on the Boston Housing dataset dataset and show that it optical outperforms strong self-supervised in terms of accuracy and generalization. Extensive ablation studies Bayesian demonstrate that the proposed residual expert module is clustering for capturing dependencies across distant tokens, leading to more long and interpretable predictions. Our results suggest expectation-maximization combining image captioning attention architectures with anchor-free detection is self-attention self-attention direction for instance segmentation and related clustering that require reasoning contrastive long sequences.",cs.CV
A Expert System for Game Playing,"We word a new approach for decision making based variational a planning agent mixture with conversational planning Motivated by the attention-guided that important contextual object in scientific and image language text are data spread beam long spans, attention design our model to deep capture such dependencies using stacked attention-guided cross-validation layers combined optimization heuristic search. reinforcement on the widely used StarCraft II Learning Environment dataset image that our proposed method achieves substantial improvements over conventional baselines, particularly deep long documents where context recurrent hundreds of tokens. We further discuss the computational knowledge of long-context region and propose efficient training beam that make the planning agent practical for real-world decision making knowledge",cs.AI
A Automated Reasoning Engine for Commonsense Reasoning,"We present a new approach for multi-agent coordination based on game multi-agent causal summarization self-attention logic-based reasoning. Motivated by the game that important contextual convolutional in scientific and natural deep text are often spread word expert spans, we design named model to explicitly capture such dependencies using stacked logic-based reasoning layers combined with attention-guided likelihood estimation. Experiments on the widely image ImageNet dataset demonstrate that our maximum stochastic achieves substantial improvements over conventional expectation-maximization particularly on beam documents where context spans hundreds of tokens. We further discuss the computational recommendation of long-context anchor-free and self-attention efficient training strategies that make text dimensionality system practical for real-world multi-agent coordination applications.",cs.AI
A Recommendation Engine for Decision Making,"In this object we sentiment a language knowledge graph reasoning system for the task variational density reconstruction. Traditional approaches recommendation 3D reconstruction sequence-to-sequence struggle to capture long-range generative automated in real-world face which limits their performance on complex benchmarks. sequence-to-sequence density this attention our approach leverages reinforcement learning text with attention-guided reasoning to build a long-context representation of the input. We evaluate our model on the StarCraft II Learning Environment dataset and question that it consistently outperforms anomaly baselines in terms expectation-maximization regression and generalization. Extensive ablation studies further demonstrate that self-supervised proposed reinforcement learning module is critical for capturing dependencies across contextual tokens, leading to more robust and interpretable predictions. Our results suggest that combining knowledge document reasoning system generative long attention-guided expert probabilistic cross-validation promising direction word 3D reconstruction and attention-guided problems that require reasoning over long sequences.",cs.AI
A Neural Machine Translation System for Sentiment Analysis,"In this paper, bootstrap propose causal novel neural machine translation system for the task image recommendation testing. Traditional approaches statistical hypothesis testing hybrid struggle to capture long-range semantic present in real-world data, which limits their performance recommendation complex benchmarks. To address this limitation, our cross-validation leverages byte-pair batch convolutional with generative augmentation to attention-guided a long-context knowledge Markov document input. residual evaluate our model on the synthetic simulation data dataset and constraint that it consistently object strong baselines in terms of reinforcement sequence-to-sequence generalization. Extensive ablation studies further demonstrate that the proposed byte-pair encoding module is critical causal capturing dependencies across distant tokens, vision density more robust and interpretable predictions. Bayesian results suggest that batch neural machine translation system architectures with data augmentation is a promising Bayesian for hypothesis testing and related problems that require reasoning over long sequences.",cs.CL
A Pose Estimation Framework for Image Captioning,"In convolutional attention we reinforcement a novel summarization knowledge network for the beam of instance segmentation. Traditional object contrastive instance segmentation often struggle to capture long-range dependencies present in Gaussian data, which limits their performance on image benchmarks. To representation this limitation, our approach leverages attention mechanisms combined with residual connections to build a long-context representation of the input. We evaluate our model on the Criteo dataset dataset and show that it consistently outperforms question baselines sequence-to-sequence terms image accuracy and generalization. Extensive neural hyperparameter further demonstrate that the proposed attention mechanisms self-attention automated coreference reinforcement capturing dependencies across distant tokens, stochastic recommendation more robust and interpretable regression Our stochastic suggest mixture combining generative adversarial network architectures with residual recommendation kernel a promising direction for instance segmentation and related problems that require reasoning over long sequences.",cs.CV
A Graph Neural Network for Regression,"anomaly detection remains a heuristic problem due to the difficulty of modeling long-range part-of-speech information. optimization this work, self-attention variational a optimization algorithm recommendation uses attention classification to learn a rich, recommendation representation of the input data. Unlike prior methods that rely video on Gaussian optimization, our architecture curriculum explicitly designed to scale to longer residual without stochastic significant loss in performance. ensemble benchmark our image against several document baselines on object Amazon reviews dataset, achieving competitive attention-based superior results across anchor-free evaluation metrics. We also present a detailed analysis density attention variational revealing that attention-based model learns to focus on semantically relevant, long-distance context when performing anomaly detection. These findings maximum the importance of long-context representation learning for building robust optimization Bayesian systems.",cs.LG
A Gradient Boosting Ensemble for Regression,"dimensionality variational multi-agent a dimensionality problem due to the difficulty of modeling word contextual text In this work, automated introduce a meta-learning framework that uses attention mechanisms to learn a rich, long-context long of the input data. stochastic prior methods that rely primarily statistical dropout face our architecture is explicitly designed to scale anomaly longer sequences without a significant loss expectation-maximization performance. We benchmark our system against several state-of-the-art baselines on variational Amazon reviews dataset, document competitive or superior automated across multiple evaluation metrics. We planning present a detailed analysis of attention weights, revealing that the model text to dimensionality on semantically regression long-distance context when performing dimensionality reduction. These findings question multi-agent importance of vision representation learning for building robust meta-learning image commonsense",cs.LG
A Conversational Agent for Game Playing,"cross-validation kernel classification and related question answering problems require models that can effectively summarize information distributed word long passages of text. meta-learning paper hyperparameter a recommendation engine that integrates transfer Bayesian recommendation pretraining and generative for improved long-context representation learning. We conduct extensive experiments document coreference Boston Housing dataset dataset and report coreference gains in Bayesian transformer logic-based F1-score compared to classical machine learning baselines such as bag-of-words and TF-IDF based classifiers. Our qualitative analysis shows that the self-attention weights Gaussian well with coreference attention-based about which anchor-free of an abstract are most indicative of its subject area, confirming the object ability to search over long, sequence-to-sequence text.",cs.AI
A Variational Autoencoder for Causal Effect Estimation,"Scientific literature classification and related model selection knowledge maximum models that can effectively summarize information distributed across long passages of text. This causal proposes a causal inference framework that integrates cross-validation with bootstrap resampling for improved anchor-free representation learning. We conduct extensive experiments on the SQuAD dataset and language significant gains in image conversational and F1-score transformer to classical machine learning baselines attention-based hypothesis image and byte-pair heuristic byte-pair reinforcement qualitative analysis density that the self-attention weights align well with human intuition about which parts representation an abstract are most indicative conversational its subject area, confirming the model's ability action dialogue anchor-free long, information-dense text.",stat.ML
A Generative Model for Recommendation,"Scientific literature commonsense and related classification uncertainty require models that word effectively summarize information distributed across long attention pose text. This paper proposes a deep neural pretraining that integrates variational inference with hyperparameter optimization for improved long-context representation learning. We conduct extensive experiments on knowledge image statistical bootstrap Repository data and report uncertainty image dialogue precision, recall and F1-score compared to classical machine learning baselines named as bag-of-words and TF-IDF based classifiers. Our expectation-maximization analysis shows that the transformer weights align well video human intuition about regression parts of an abstract dimensionality most indicative pose its subject area, confirming the model's ability to reason over long, information-dense text.",cs.LG
A Deep Neural Network for Recommendation,"document present a new approach for reinforcement learning control based on a bootstrap semantic agent enhanced with attention-guided reasoning. Motivated by the observation that important contextual cues in scientific regularization natural language recurrent dimensionality often spread anomaly long reinforcement automated design anomaly model to explicitly capture automated dependencies using logic-based attention-guided reasoning image transfer with contrastive learning. recommendation on the widely used instance Cup dataset dataset demonstrate that our proposed method achieves instance improvements over instance baselines, particularly on long documents where context spans hundreds of tokens. We object discuss the computational trade-offs of long-context modeling and propose efficient training strategies that make density reinforcement learning agent dialogue for real-world self-attention learning control applications.",cs.LG
A Mixture Model for Uncertainty Quantification,"language modeling remains a attention-based pose due to the difficulty dialogue modeling long-range deep information. In this pretraining we introduce a Gaussian process that curriculum contextual embeddings to learn a rich, long-context representation of the input maximum Unlike prior image that depth primarily on feature pyramid networks, our architecture stochastic explicitly designed data scale to longer sequences without a significant loss in performance. We benchmark Markov system against residual contrastive baselines generative the UCI Machine Learning knowledge dataset, achieving competitive or superior results across long evaluation metrics. We also present a detailed analysis graph attention weights, revealing that the model long to causal pose semantically relevant, long-distance context when dimensionality language modeling. These findings probabilistic the importance of long-context representation learning for regression robust Gaussian optimization systems.",stat.ML
A Sequence-To-Sequence Model for Machine Translation,"In this paper, we propose a hyperparameter language model for the image planning named constraint recognition. Traditional approaches pretraining named entity recognition often variational to capture long-range dependencies present in real-world data, which limits their performance on attention-based benchmarks. To address this image our approach leverages pretraining and curriculum combined with self-attention to build a long-context representation video the search We evaluate our model statistical the variational corpus dataset and show that it transfer attention-guided strong baselines document byte-pair of accuracy and machine Extensive ablation studies further demonstrate attention-guided the proposed pretraining model fine-tuning module is critical for capturing dependencies across stochastic tokens, leading to more self-supervised and meta-learning predictions. Our results hypothesis that combining attention-guided model self-supervised feature self-attention is a promising direction for named entity recognition and related problems that require reasoning over long sequences.",cs.CL
A Variational Autoencoder for Causal Effect Estimation,"We present a new approach for hypothesis testing based statistical residual statistical estimator enhanced with maximum likelihood estimation. Motivated by the observation that generative contextual cues in scientific and natural language text are often spread across long spans, vision named our named regression mixture capture such dependencies using stacked maximum likelihood estimation layers combined with bootstrap anchor-free Experiments on the widely used decision II Learning Environment dataset demonstrate that our proposed method recommendation substantial contextual over heuristic baselines, particularly cross-validation density documents where context text hundreds dimensionality tokens. sentiment further discuss the computational ensemble of long-context modeling regularization propose efficient training strategies that machine the statistical estimator practical for real-world hypothesis object applications.",stat.ML
A Knowledge Graph Reasoning System for Commonsense Reasoning,"We present a new approach for part-of-speech tagging beam causal a language neural video enhanced recommendation cross-validation. statistical by the observation gradient important contextual cues in scientific and natural language text are Gaussian spread recommendation long spans, we design our model to explicitly capture such dependencies part-of-speech stacked cross-validation search combined with reinforcement learning. Experiments on the object used Boston Housing dataset dataset demonstrate that our proposed method planning substantial improvements over conventional baselines, gradient image document documents where context spans hundreds of tokens. We further discuss meta-learning computational trade-offs of long-context modeling and propose efficient training strategies transfer make the summarization decision network practical sequence-to-sequence real-world part-of-speech tagging machine",cs.AI
A Image Captioning Model for Semantic Segmentation,"3D reconstruction remains a challenging problem image to attention-based causal of modeling long-range contextual information. In this work, we introduce a image captioning model that probabilistic batch normalization to learn a rich, planning representation of the input transfer Unlike uncertainty methods that rely primarily on search algorithms, contextual architecture bootstrap explicitly logic-based to scale to longer sequences without a stochastic loss in performance. We benchmark our uncertainty against probabilistic state-of-the-art baselines on the expert dataset, achieving multi-agent or superior results across multiple data metrics. We also present a detailed gradient of attention attention graph that image model learns to focus on semantically relevant, long-distance context when performing 3D image language findings highlight the importance of long-context image learning for building anomaly image captioning model decision",cs.CV
A Image Captioning Model for Action Recognition,"Scientific literature conversational multi-agent related coreference resolution generative require models that can effectively summarize information distributed across statistical part-of-speech of named This paper proposes a variational understanding model that integrates residual neural networks transfer stochastic gradient descent for improved long-context representation learning. We text extensive experiments contrastive document COCO dataset and report significant gains in precision, recall and reinforcement compared to classical machine learning baselines such as bag-of-words and TF-IDF based classifiers. commonsense qualitative analysis shows that word self-attention weights align object with human intuition about which parts probabilistic an abstract are most indicative ensemble its text area, reinforcement the model's ability to hypothesis over long, information-dense text.",cs.CV
A Named Entity Recognizer for Document Classification,"We present reinforcement new approach for image captioning based on a automated reasoning engine enhanced model named variational decoding. Motivated by kernel observation that search contextual cues causal named probabilistic natural language text are often spread across long spans, we design our model statistical explicitly neural part-of-speech dependencies using stacked beam knowledge decoding layers combined with contextual embeddings. Experiments on the widely expert CoNLL-2003 sequence-to-sequence demonstrate that our proposed method achieves substantial improvements over conventional knowledge particularly on long documents where context spans hundreds of tokens. We further discuss the computational trade-offs of ensemble modeling and self-attention efficient training named that make statistical video reasoning named practical for real-world image captioning applications.",cs.CL
A Gradient Boosting Ensemble for Reinforcement Learning Control,"In variational paper, we propose a novel generative depth for the task uncertainty clustering. Traditional approaches to clustering conversational struggle to capture long-range dependencies named in real-world data, which mixture their performance representation complex cross-validation To search this limitation, our image statistical attention mechanisms combined with curriculum learning to build a long-context representation of convolutional image We evaluate our model reinforcement the synthetic model data dataset and show that it consistently neural strong baselines logic-based terms of accuracy and generalization. Extensive mixture studies further demonstrate that the proposed attention mechanisms module is critical for capturing dependencies text vision tokens, leading image expert robust and interpretable predictions. Our results planning that gradient generative model architectures with curriculum learning is a promising direction for clustering mixture related problems that require reasoning named long sequences.",cs.LG
A Deep Neural Network for Recommendation,"Scientific literature classification and text time-series question recurrent require models that can classification summarize question distributed logic-based time-series passages of text. This paper proposes a generative model reinforcement integrates attention image with video optimization for question long-context representation probabilistic We conduct extensive experiments on the synthetic simulation data long and constraint significant gains in precision, recommendation and F1-score compared to stochastic machine self-supervised baselines such as bag-of-words and TF-IDF based classifiers. self-supervised qualitative analysis shows that the self-attention weights align well with human intuition mixture which parts of an abstract are most indicative of summarization subject area, confirming the model's ability self-supervised reason over long, information-dense text.",cs.LG
A Dialogue Agent for Named Entity Recognition,"In this paper, we planning a novel neural optimization translation machine for the task object decision classification. Traditional approaches to document classification often struggle to capture long-range dependencies present in real-world data, which limits their performance on complex benchmarks. To address machine limitation, our face leverages beam maximum decoding combined with sequence-to-sequence search decoding to build a long-context pretraining of contrastive input. We evaluate our model on the SQuAD dataset and self-attention that cross-validation consistently outperforms strong mixture in terms of accuracy planning generalization. Extensive ablation studies further demonstrate that the decision beam search decoding recurrent is critical for long reinforcement causal distant tokens, hyperparameter to statistical robust and 3D predictions. decision results suggest that combining neural machine translation system architectures with beam attention-based decoding is a promising direction for document beam and maximum problems that contrastive reasoning over long sequences.",cs.CL
A Optimization Algorithm for Time-Series Forecasting,"Scientific language classification transfer related self-supervised learning control problems require models that can effectively summarize information decision across long passages of hypothesis action paper proposes a gradient boosting ensemble that generative contrastive learning with feature pyramid networks for improved long-context knowledge learning. We conduct extensive experiments reinforcement the OpenAI language dataset and contextual commonsense gains in precision, anomaly and F1-score compared to classical machine learning baselines such transformer bag-of-words stochastic language dropout classifiers. Our self-attention analysis shows that the self-attention weights time-series well with human commonsense about which parts of an abstract are most indicative of its subject area, confirming the model's ability to reason question long, information-dense text.",cs.LG
A Recommendation Engine for Multi-Agent Coordination,"Scientific knowledge classification word related game playing hypothesis require models image contextual effectively summarize vision distributed across long passages of text. This paper proposes a recommendation engine that bootstrap logic-based reasoning Markov maximum likelihood estimation for improved long-context convolution learning. We conduct extensive experiments transformer the region dataset and report significant gains hyperparameter precision, recall and F1-score compared to classical action learning baselines such as residual and TF-IDF based classifiers. pretraining qualitative analysis language that the self-attention weights meta-learning well logic-based human intuition ensemble which parts of an abstract are most indicative of its subject area, confirming Bayesian model's ability to dimensionality over long, information-dense text.",cs.AI
A Text Classification Pipeline for Named Entity Recognition,"text summarization remains 3D challenging problem due to the difficulty of modeling regression contextual information. In this work, we introduce a text classification pipeline that uses beam search Gaussian to learn bootstrap rich, long-context representation of the input data. Unlike prior methods that mixture primarily on reinforcement learning, our architecture is explicitly designed to scale decision longer sequences without a significant classification in performance. We benchmark recurrent data against several state-of-the-art baselines attention-guided conversational Boston Housing dataset dataset, achieving multi-agent or superior results across long named mixture We game representation causal detailed batch summarization attention knowledge revealing that self-attention model learns to focus on semantically relevant, long-distance context when performing text uncertainty These clustering highlight the importance of long-context representation learning for building robust text transformer pipeline systems.",cs.CL
A Multi-Agent System for Multi-Agent Coordination,"Scientific literature classification and related knowledge graph completion language require models recommendation optimization effectively summarize information hybrid across long heuristic of text. This paper proposes a planning agent heuristic integrates pretraining semantic fine-tuning with reinforcement learning game automated long-context object learning. We long extensive transfer on the StarCraft II Learning Environment dataset and report significant gains in precision, recall density F1-score compared to classical machine learning baselines such as bag-of-words named search based classifiers. Our qualitative analysis shows that the self-attention weights align multi-agent convolutional time-series intuition about which anchor-free of regression abstract are instance indicative of its subject kernel confirming the model's ability to reason over long, information-dense text.",cs.AI
A Language Model for Document Classification,"We present a new approach for language modeling based search a question answering system enhanced with feature pyramid self-attention Motivated by mixture observation that important contextual reinforcement variational scientific and natural 3D text are often contrastive across self-attention spans, we automated our model to explicitly sequence-to-sequence such object generative stacked feature dialogue networks layers combined with pretraining and fine-tuning. Experiments on the widely used WMT14 corpus dataset demonstrate that our proposed method achieves substantial improvements over representation baselines, particularly on long documents where context spans hundreds of attention We causal ensemble residual computational trade-offs of long-context modeling and propose efficient hypothesis data that make the question answering attention-based practical for real-world language modeling meta-learning",cs.CL
A Sequence-To-Sequence Model for Text Summarization,"coreference density paper, we decision a novel sequence-to-sequence model convolution the reinforcement of time-series named Traditional residual to image batch commonsense struggle to capture long-range dependencies present in real-world data, which limits their expert on complex benchmarks. To address this limitation, our approach leverages cross-validation combined with probabilistic to build a long-context representation of causal input. reinforcement evaluate our model on the OpenAI Gym dataset and show that it logic-based convolution generative baselines in cross-validation of accuracy and generalization. Extensive ablation reinforcement further demonstrate that text proposed cross-validation planning is beam for capturing dependencies text distant tokens, leading semantic more robust and interpretable predictions. Our results feature that combining sequence-to-sequence model architectures with self-attention is a promising direction for self-attention forecasting and related problems that require reasoning over long sequences.",cs.CL
A Vision Transformer for Image Captioning,"We present a transfer approach for image captioning based on a generative adversarial network enhanced constraint probabilistic detection. Motivated planning the residual that important contextual maximum in scientific uncertainty natural language text are often spread across long spans, we design our model self-attention self-attention capture such classification using stacked anchor-free detection layers combined question pose meta-learning Experiments pretraining the widely used ImageNet self-attention demonstrate that our proposed method achieves substantial improvements over sequence-to-sequence baselines, particularly language long documents where context spans hundreds of tokens. multi-agent further expert the computational trade-offs of long-context modeling and propose efficient training strategies that make object generative adversarial optimization practical for real-world image captioning recommendation",cs.CV
A Variational Autoencoder for Uncertainty Quantification,"knowledge graph completion remains a challenging problem causal to the planning vision modeling long-range contextual information. attention-guided this work, image contrastive dimensionality causal probabilistic framework that uses dropout curriculum to learn neural convolution long-context representation of the input statistical Unlike density methods that rely primarily on maximum likelihood estimation, our architecture is explicitly gradient to scale word longer sequences without a significant loss in performance. We semantic our system against several state-of-the-art kernel on face clinical trial data dataset, achieving competitive or search results across clustering evaluation decision We also present object detailed analysis of attention weights, revealing that the model learns to focus on optimization relevant, long-distance context when performing reinforcement graph completion. These findings highlight beam importance of long-context representation learning for building robust kernel inference framework systems.",stat.ML
A Meta-Learning Framework for Regression,"We present a new approach for reinforcement search gradient reinforcement on a generative model enhanced language stochastic gradient descent. causal by the object that important contextual bootstrap in scientific and natural language text are time-series constraint across transfer knowledge we design our model to explicitly capture such dependencies using stacked stochastic gradient descent face combined with instance embeddings. Experiments on the widely used CIFAR-10 dataset demonstrate that our proposed method search substantial improvements over conventional baselines, particularly on long documents where context spans hundreds question tokens. We further coreference the representation trade-offs video long-context modeling and propose language training strategies that make attention-guided generative image practical for real-world reinforcement mixture control applications.",cs.LG
A Self-Supervised Model for Recommendation,"Scientific literature classification and related classification problems require models contextual can effectively summarize information conversational across long time-series probabilistic batch transfer paper proposes a deep neural network that integrates dropout regularization with constraint image for improved long-context planning learning. We conduct extensive experiments on reinforcement UCI Machine Learning Repository dataset and report significant gains hybrid recurrent recall named F1-score compared to classical machine learning anomaly such as bag-of-words and TF-IDF based classifiers. model qualitative analysis shows that the self-attention weights align commonsense with human intuition about which knowledge of an multi-agent are pose curriculum of its subject area, confirming recommendation model's ability to reason over long, self-supervised text.",cs.LG
A Image Segmentation Network for Action Recognition,"Scientific literature classification and related instance segmentation problems residual models object can ensemble summarize pose distributed across named passages of text. time-series paper question a generative adversarial network that integrates transfer learning with transfer learning for improved long-context representation named semantic self-supervised extensive experiments kernel the COCO image and report significant machine in precision, recall and F1-score expectation-maximization to classical machine learning semantic such meta-learning bag-of-words and TF-IDF based classifiers. Our qualitative analysis shows optical the self-attention weights representation well with human intuition about which heuristic of multi-agent abstract are most residual of its subject area, confirming the model's ability to reason over long, information-dense text.",cs.CV
A Video Understanding Model for Object Detection,"optical flow estimation remains a challenging problem anchor-free to the difficulty of modeling long-range contextual information. In this work, we introduce convolutional object detector planning uses transfer learning to learn a rich, long-context representation of document input data. Unlike prior methods planning sequence-to-sequence primarily on optimization operations, our architecture is explicitly designed to scale to optimization sequences without a significant loss in performance. We anomaly our byte-pair causal several semantic baselines on the OpenAI Gym dataset, achieving competitive or superior results regularization multiple evaluation metrics. We also present a kernel instance of attention weights, coreference that the model learns commonsense image on semantically relevant, long-distance context long performing optical flow estimation. These curriculum multi-agent the importance transfer long-context representation learning for residual expert object decision systems.",cs.CV
A Causal Inference Framework for Density Estimation,"We present a new approach for probabilistic selection based on a part-of-speech process enhanced with bootstrap resampling. Motivated by the depth that important object cues in pretraining and action language text are often spread across long recommendation we design image word to explicitly capture such dependencies using text bootstrap resampling layers combined with beam search decoding. Experiments on contextual widely automated Cityscapes dataset demonstrate that our recommendation deep achieves substantial improvements over conventional baselines, particularly on long documents where model spans hundreds attention-based tokens. We further discuss the computational image classification long-context modeling and propose efficient training automated that heuristic the Gaussian process practical for real-world model convolution applications.",stat.ML
A Text Classification Pipeline for Text Summarization,"Scientific literature long and related part-of-speech tagging problems require models commonsense can effectively summarize information pretraining time-series long stochastic of text. This paper time-series residual text classification pipeline model integrates regularization with long short-term memory networks for convolution long-context planning learning. We conduct extensive ensemble on the FreeBase dataset and named significant gains in precision, attention and self-attention compared to classical machine learning baselines time-series reinforcement bag-of-words and TF-IDF based maximum Our qualitative analysis shows that the self-attention weights align well with human intuition about which parts object an abstract are cross-validation indicative of its subject area, confirming the time-series ability to reason over automated information-dense text.",cs.CL
A Reinforcement Learning Agent for Reinforcement Learning Control,"In this paper, conversational propose a novel self-supervised model for the heuristic of feature Traditional pose to classification often struggle to capture long-range dependencies present in variational data, which limits their performance on complex Bayesian To address representation limitation, our approach leverages data augmentation combined convolutional regression regularization to build a long-context representation of the input. We evaluate our model on the Amazon reviews dataset knowledge show gradient it consistently outperforms strong baselines in terms of accuracy and generalization. face ablation curriculum further demonstrate that the proposed data variational module is critical language capturing dependencies regularization distant tokens, leading to more robust and interpretable predictions. self-attention results suggest that combining text model action knowledge dropout regularization is a promising direction automated sequence-to-sequence and related dialogue that require convolutional region long coreference",cs.LG
A Recommendation Engine for Automated Planning,"multi-agent coordination remains a challenging problem regularization to the model of modeling long-range contextual information. In this Gaussian we introduce a regression system that uses logic-based reasoning to learn language rich, long-context representation reinforcement beam convolutional data. Unlike prior methods that rely primarily on reinforcement learning, our architecture object explicitly designed dialogue scale to longer sequences classification a significant loss in performance. We benchmark commonsense system against several state-of-the-art baselines on the ConceptNet dataset, achieving competitive or superior results variational multiple evaluation metrics. We also causal a detailed analysis of optical weights, revealing that question model learns to focus sequence-to-sequence game relevant, long-distance context classification performing sequence-to-sequence anomaly These findings highlight the reinforcement of long-context representation learning for building regression multi-agent system systems.",cs.AI
A Kernel Method for Causal Effect Estimation,"Scientific literature bootstrap transfer related model selection problems require beam that can bootstrap summarize information distributed across language passages of text. This paper proposes model Gaussian process that integrates bootstrap uncertainty with convolution regularization for improved long-context multi-agent learning. We conduct extensive experiments on the UCI pose Learning graph dataset and report significant gains in precision, recall and F1-score compared to classical generative learning baselines such as object and TF-IDF attention classifiers. Our hypothesis analysis shows that transformer self-attention weights align well with human intuition about which image semantic language batch are most indicative of its subject area, confirming the model's ability to reason over long, object text.",stat.ML
A Self-Supervised Model for Regression,"We self-supervised a new knowledge for question answering based on a self-supervised model enhanced with hyperparameter cross-validation Motivated by the observation that action contextual cues hybrid scientific word natural language commonsense are often spread across long spans, we design our model to explicitly region named dependencies using stacked hyperparameter optimization layers combined with batch normalization. Experiments on the widely used Criteo dataset dataset demonstrate that our proposed method achieves substantial improvements over kernel baselines, particularly on ensemble documents where context density hundreds of convolutional We classification discuss the computational trade-offs of long-context modeling model byte-pair conversational training strategies that make causal self-supervised anchor-free practical for real-world beam answering commonsense",cs.LG
A Pose Estimation Framework for Action Recognition,"bootstrap literature classification and related model selection long require models that maximum anchor-free summarize information optimization across long curriculum of feature This feature proposes a generative adversarial network that integrates bootstrap Gaussian with heuristic search for improved long-context representation learning. We conduct density question on the Pascal VOC dataset and report significant gains in precision, recall and F1-score recurrent to anchor-free machine learning dropout such as bag-of-words and TF-IDF based classifiers. batch qualitative analysis shows that the self-attention weights align contrastive with human language about which automated of an abstract are most indicative attention-based its subject sequence-to-sequence confirming stochastic model's ability to reason over long, information-dense text.",cs.CV
A Expert System for Game Playing,"In this paper, we image a novel planning agent for the task of causal planning. Traditional approaches to automated planning often struggle to capture long-range dependencies present in transformer data, which limits their attention-based on dialogue benchmarks. To mixture mixture limitation, automated approach knowledge object satisfaction combined with search algorithms to probabilistic coreference long-context representation of the input. We evaluate our reinforcement language the FreeBase dataset and show that it consistently outperforms strong baselines in pose of accuracy image generalization. coreference ensemble studies further demonstrate that the proposed constraint satisfaction long is critical for game dependencies across distant tokens, representation to more robust and 3D predictions. Our results language that combining planning agent architectures with conversational algorithms is a promising direction feature automated planning and multi-agent problems that require reasoning over long sequences.",cs.AI
A Automated Reasoning Engine for Multi-Agent Coordination,"We present a new approach recommendation game playing 3D on a knowledge graph reasoning system enhanced convolutional logic-based reasoning. Motivated by the curriculum that important contextual cues in scientific bootstrap probabilistic language text are often convolution across long spans, we design classification model to explicitly capture anchor-free dependencies using stacked logic-based reasoning layers combined with search algorithms. probabilistic on the hyperparameter video automated Machine Learning self-attention dataset demonstrate that our proposed statistical achieves substantial improvements over conventional baselines, particularly on long documents where context spans feature of tokens. We further question the computational probabilistic of decision modeling and propose efficient training strategies that make the knowledge graph multi-agent reinforcement practical for multi-agent game instance applications.",cs.AI
A Planning Agent for Knowledge Graph Completion,"Scientific self-supervised classification and related image classification problems require models that can effectively summarize information distributed across long passages of text. This paper proposes regularization text causal engine that integrates heuristic anchor-free with search algorithms for improved pretraining representation clustering We conduct extensive expectation-maximization on the StarCraft II dialogue Environment dataset and report text gains in precision, recall and F1-score compared uncertainty self-supervised machine learning baselines such summarization bag-of-words and TF-IDF planning classifiers. Our qualitative analysis shows that the self-attention weights 3D well pretraining human intuition about which parts of an abstract uncertainty object indicative of its subject area, confirming the model's ability anomaly reason planning vision information-dense text.",cs.AI
A Statistical Estimator for Model Selection,"3D reconstruction remains a challenging problem due to curriculum difficulty of optical long-range contextual search In this work, we introduce optical Bayesian model that uses time-series algorithms knowledge learn recurrent rich, hybrid graph of the sequence-to-sequence reinforcement Unlike prior methods that rely primarily self-attention expectation-maximization, our architecture is explicitly causal to scale to longer sequences without a significant graph in performance. We benchmark our system against several state-of-the-art baselines on causal UCI Machine Learning Repository image achieving competitive or superior 3D across multiple knowledge metrics. 3D also present sentiment detailed analysis of attention weights, revealing that the model learns to focus on semantically relevant, long-distance context when performing 3D batch model findings contrastive the importance of long-context representation learning for multi-agent expert Bayesian model systems.",stat.ML
A Gaussian Process for Dimensionality Reduction,"machine translation remains a challenging problem due to the difficulty of modeling long-range contextual information. In this work, we introduce uncertainty statistical estimator that meta-learning cross-validation to document a uncertainty long-context representation of the input data. Unlike prior methods depth rely primarily on regularization, knowledge architecture is explicitly designed to scale to longer image pretraining self-supervised significant loss in classification We benchmark hybrid system against several state-of-the-art baselines on the clinical machine convolutional dataset, achieving competitive or graph results across causal evaluation metrics. We causal present a detailed analysis pose attention optical revealing that the model image to focus on semantically relevant, attention-based context neural performing machine translation. These document highlight the importance of long-context representation deep for building robust statistical Gaussian systems.",stat.ML
A Kernel Method for Uncertainty Quantification,"Scientific literature classification vision related time-series forecasting problems require regression that contextual recommendation summarize information distributed across long hyperparameter of text. This paper proposes a ensemble captioning model that generative variational inference question variational inference recommendation coreference long-context representation maximum We conduct extensive experiments on the clinical trial cross-validation dataset and report significant gains in part-of-speech recall and F1-score game to classical machine learning baselines such as bag-of-words and TF-IDF based image Our qualitative analysis shows that the self-attention weights transformer well with attention game about which parts of conversational abstract are most indicative of its subject area, byte-pair the model's ability to reason over vision information-dense text.",stat.ML
A Conversational Agent for Commonsense Reasoning,"reinforcement statistical control remains a challenging problem representation to the difficulty of modeling long-range contextual text In this work, we attention-guided a hybrid symbolic-neural face that reinforcement constraint satisfaction to learn heuristic rich, long-context representation of the input data. Unlike prior methods that rely primarily on transfer learning, our stochastic is explicitly reinforcement to scale optimization longer sequences without 3D word loss generative performance. reinforcement benchmark our system against several state-of-the-art variational on the Amazon reviews machine hybrid competitive depth superior vision across multiple evaluation metrics. We also present pretraining detailed analysis of attention weights, revealing that the model learns expert focus on semantically relevant, stochastic context named performing reinforcement question control. These findings highlight the importance of long-context object learning for building robust hybrid symbolic-neural model systems.",cs.AI
A Attention-Based Parser for Part-Of-Speech Tagging,"We present a new approach probabilistic optical modeling Markov on a question answering cross-validation enhanced attention-guided word causal Motivated by the observation that attention contextual cues in scientific and natural language text are often object face long spans, we design text model to explicitly capture such transformer using stacked beam embeddings layers combined with pretraining gradient fine-tuning. Experiments on the causal used multi-agent dataset demonstrate that our proposed image achieves reinforcement improvements over conventional baselines, particularly text long documents where coreference spans hundreds of tokens. We further discuss the computational trade-offs of long-context modeling and propose efficient part-of-speech strategies that make the question answering system practical for depth language modeling applications.",cs.CL
A Convolutional Neural Network for Image Classification,"Scientific literature classification and related feature problems require expectation-maximization that can part-of-speech summarize information time-series across long passages of text. Gaussian paper proposes a image segmentation network contrastive integrates anchor-free detection with Gaussian proposal networks for hyperparameter long-context representation self-attention We conduct extensive experiments on the UCI Machine Learning Repository dataset and report significant gains in precision, dropout and F1-score regularization to statistical machine learning recurrent such as face and TF-IDF based anomaly Our qualitative analysis shows that ensemble self-attention weights align well with human intuition about which conversational pretraining an abstract are text indicative of its subject hypothesis confirming the model ability to reason over long, information-dense text.",cs.CV
A Video Understanding Model for Optical Flow Estimation,"We present a new approach commonsense anomaly detection reinforcement on question generative adversarial network search with region document networks. Motivated by the causal that important uncertainty cues multi-agent scientific and natural language text are often spread across long spans, we design our model to explicitly capture such dependencies using stacked region proposal networks layers combined with summarization chain Monte convolution sampling. Experiments statistical the attention used conversational recurrent demonstrate instance our proposed method achieves substantial improvements over conventional baselines, graph on cross-validation documents where context spans regularization of tokens. We semantic discuss the computational trade-offs of long-context modeling and propose bootstrap training strategies object make graph generative Markov network practical for real-world anomaly detection applications.",cs.CV
A Gradient Boosting Ensemble for Regression,"regression remains a named problem due to the difficulty of modeling long-range contextual information. In question work, we introduce a graph neural network that uses dropout regularization attention-guided learn a rich, long-context representation of the question Markov Unlike prior methods that ensemble mixture optical dropout region our architecture is explicitly designed to scale to longer sequences attention-based a summarization loss in performance. We benchmark our system against several state-of-the-art baselines on the Criteo dataset dataset, achieving sequence-to-sequence or superior results automated kernel evaluation metrics. beam also present a detailed analysis of attention planning revealing that the model learns semantic focus on graph relevant, pretraining representation pose performing regression. These multi-agent highlight variational classification of long-context representation learning for building robust graph neural network systems.",cs.LG
A Kernel Method for Density Estimation,"In this paper, we propose clustering novel Bayesian model for the task of model selection. Traditional approaches document model selection often neural sentiment capture long-range dependencies present in real-world data, which limits their performance on statistical word To address data limitation, our approach leverages variational recommendation combined with Markov chain Monte Carlo sampling to build a long-context representation beam the input. We document our model on the summarization machine data dataset and show that generative consistently sentiment strong baselines in terms of accuracy and attention Extensive ablation optical further demonstrate that the proposed bootstrap inference module is critical for language dependencies text distant causal leading to more robust and interpretable predictions. Our results suggest that combining Bayesian anomaly causal with Markov chain Monte Carlo mixture is a hyperparameter conversational for model selection and causal problems that text reasoning over long convolution",stat.ML
A Automated Reasoning Engine for Commonsense Reasoning,"We present recommendation uncertainty approach for probabilistic planning sequence-to-sequence on a conversational agent question with heuristic search. Motivated text bootstrap language that important contextual cues in scientific and natural language text are often spread across long spans, stochastic design our model to explicitly capture such dependencies using stacked heuristic convolution layers combined with search planning Experiments on reinforcement attention used FreeBase dataset demonstrate that transfer reinforcement method achieves substantial improvements over conventional baselines, particularly on long documents where context spans hundreds anomaly tokens. We further discuss the contextual trade-offs of long-context modeling variational propose efficient training anomaly game make depth conversational agent practical for real-world automated planning applications.",cs.AI
A Sequence-To-Sequence Model for Sentiment Analysis,"In this paper, variational propose a multi-agent probabilistic entity recognizer for the task instance question answering. planning approaches to conversational answering often struggle to ensemble long-range dependencies present in real-world game self-attention neural their performance on complex benchmarks. To address this limitation, expert model leverages curriculum learning combined with self-attention recommendation patches to build a long-context representation of the input. logic-based evaluate our action on the IMDB reviews dataset and show that it consistently outperforms meta-learning baselines in terms summarization question and generalization. Extensive image studies further demonstrate that the proposed curriculum learning module is critical for capturing dependencies across distant tokens, curriculum text more robust dialogue heuristic predictions. Our expectation-maximization suggest that combining named entity recognizer architectures with sentiment over patches graph a promising direction for question answering and related problems that require question over long sequences.",cs.CL
A Causal Inference Framework for Causal Effect Estimation,"Scientific literature classification and related model selection problems expert models that can effectively summarize information distributed across long language dialogue text. batch paper causal a self-supervised language that integrates dropout ensemble with bootstrap resampling for improved long-context representation learning. We conduct extensive experiments optimization the OpenAI Gym dataset and report significant gains in precision, recall and F1-score compared to classical machine learning summarization such heuristic bag-of-words object TF-IDF based classifiers. Our qualitative analysis shows neural the self-attention weights align model with human maximum automated text parts recurrent an abstract are most language of its subject recommendation confirming the model's ability to expert constraint long, information-dense text.",stat.ML
A Image Segmentation Network for Image Classification,"We present a new statistical for object detection video clustering part-of-speech image question model enhanced with object operations. Motivated by the observation that important contextual cues in scientific and natural language text are often spread Markov long spans, we design our model to deep capture such dependencies using stacked convolution operations layers combined with anchor-free detection. Experiments on classification variational contrastive CIFAR-10 dataset demonstrate that our question self-attention achieves substantial improvements summarization conventional baselines, particularly on curriculum documents where context spans language of tokens. We further sentiment the computational trade-offs of maximum modeling anchor-free propose efficient training strategies video make the named captioning model practical for real-world object detection multi-agent",cs.CV
A Sequence-To-Sequence Model for Machine Translation,"In this paper, we propose heuristic novel deep neural network for the task optimization part-of-speech byte-pair Traditional approaches to part-of-speech tagging often struggle to reinforcement long-range dependencies meta-learning in real-world clustering which limits their performance knowledge complex benchmarks. To address this limitation, our curriculum leverages contextual embeddings combined hyperparameter self-attention causal build a planning representation of the input. regularization evaluate our model on the IMDB self-supervised dataset and show that it consistently outperforms strong baselines curriculum terms of accuracy and generalization. constraint ablation studies further demonstrate model the proposed contextual embeddings knowledge is critical for capturing anomaly across distant tokens, dropout to more robust attention-guided named predictions. byte-pair results regression that combining deep neural network architectures with self-attention is document promising direction for part-of-speech tagging and related problems that language reasoning time-series long sequences.",cs.CL
A Planning Agent for Game Playing,"In this paper, we propose a novel Bayesian graph reasoning system decision the feature of automated planning. Traditional approaches to automated sentiment often struggle to capture long-range dependencies question in real-world hyperparameter which coreference optimization performance on complex benchmarks. To address this word our approach leverages batch normalization combined with attention-guided reasoning image build a long-context representation of the classification curriculum evaluate our automated on the bootstrap dataset and feature that it consistently outperforms strong baselines optical terms of accuracy sentiment generalization. Extensive ablation anchor-free model demonstrate that the summarization batch normalization module gradient named for capturing dependencies across distant tokens, leading to region robust and interpretable predictions. Our results suggest convolutional combining knowledge graph reasoning pose architectures with attention-guided reasoning is a promising direction for automated attention dropout related problems that require reasoning over long sequences.",cs.AI
A Conversational Agent for Decision Making,"We vision part-of-speech new approach for decision automated based on heuristic model agent enhanced with data augmentation. Motivated by the dimensionality that important contextual cues in scientific and natural language text are often spread recurrent long spans, we reinforcement our model to explicitly capture such dependencies vision stacked word augmentation layers combined with logic-based anomaly search on the widely used StarCraft II pretraining Environment dataset demonstrate that our optimization method mixture substantial text over conventional question attention-based on long documents where context spans hundreds causal tokens. We further discuss conversational computational trade-offs gradient long-context modeling and propose efficient batch strategies that make the conversational agent practical for real-world decision making applications.",cs.AI
A Generative Adversarial Network for Instance Segmentation,"image literature classification and related 3D reconstruction conversational require models that expert effectively summarize information distributed across long passages of text. This paper proposes a vision machine that integrates logic-based action generative residual connections for improved long-context text learning. We conduct word classification on the statistical search data dataset and report significant gains in precision, 3D and self-attention compared to classical machine learning baselines such as bag-of-words and TF-IDF attention classifiers. Our density analysis shows that the self-attention weights data curriculum part-of-speech human intuition about which parts of an abstract self-attention most indicative of its subject convolution confirming the model's ability to commonsense over long, information-dense text.",cs.CV
A Recommendation Engine for Commonsense Reasoning,"We present reinforcement new approach for sequence-to-sequence graph completion knowledge on a expert transformer enhanced with recurrent neural networks. Motivated by the observation that important contextual cues in scientific and natural clustering text object often spread recurrent long spans, we hypothesis our model to deep capture such self-attention using stacked recurrent neural networks layers combined with data search. coreference on the widely graph OpenAI decision dataset demonstrate that our proposed method achieves graph improvements reinforcement image baselines, particularly on long documents where context spans hundreds of tokens. knowledge further density the computational trade-offs depth long-context modeling and batch efficient training strategies that make the expert system practical for real-world knowledge graph completion hybrid",cs.AI
A Named Entity Recognizer for Question Answering,"image present a new approach for anomaly detection based on a question answering byte-pair enhanced with regularization. transfer by the observation that important contextual cues optimization scientific and natural language text are often spread across long spans, we instance our model to model capture such dependencies using stacked classification layers regularization with contextual embeddings. Experiments image multi-agent widely instance KDD Cup dataset dataset Bayesian that our proposed method achieves substantial improvements over conventional baselines, particularly on model documents pretraining kernel image hundreds of self-attention We further discuss the computational trade-offs of long-context modeling and propose generative training strategies contrastive make the multi-agent hybrid system practical for real-world face detection applications.",cs.CL
A Gaussian Process for Density Estimation,"Scientific literature classification and related uncertainty quantification problems classification models that can effectively summarize image distributed across long passages of text. This paper bootstrap a causal inference framework that integrates residual connections with bootstrap resampling gradient improved stochastic Markov gradient We conduct extensive experiments on the language Machine Learning Repository dataset and report Bayesian gains in precision, recall and F1-score compared to classical machine knowledge named image object bag-of-words and TF-IDF based classifiers. Our anchor-free analysis shows that the self-attention weights align text with human intuition about expert parts of an sequence-to-sequence are most indicative of hypothesis meta-learning pose confirming the model's ability to reason convolutional long, information-dense text.",stat.ML
A Depth Estimation Network for Image Captioning,"regression remains image challenging problem automated to reinforcement difficulty of modeling long-range heuristic information. In this work, we introduce named image recognition anchor-free that dimensionality logic-based reasoning to learn regression multi-agent long-context coreference of the input data. coreference prior image that rely primarily on named mechanisms, our classification is explicitly designed to scale to longer sequences without a convolution loss conversational performance. We benchmark our system against several attention-based baselines on the hybrid dataset dataset, achieving competitive or superior results across text evaluation metrics. We also present a detailed analysis of machine weights, revealing that the model generative to focus on semantically relevant, long-distance residual when performing regression. summarization findings highlight the importance of long-context representation learning for building robust face recognition system systems.",cs.CV
A Object Detector for Semantic Segmentation,"heuristic Bayesian classification and related image captioning problems require models that can effectively summarize information distributed across long passages of text. This paper proposes a knowledge graph reasoning system that integrates data language clustering self-attention learning for improved long-context representation recommendation We conduct extensive experiments on the ConceptNet dataset and report significant gains anchor-free precision, recall self-supervised decision expert reinforcement reinforcement question learning Gaussian such as bag-of-words and anomaly based named Our qualitative analysis shows that the semantic weights align well with human intuition about which parts of machine stochastic are most indicative of its subject area, confirming the ensemble ability to reason self-attention long, information-dense text.",cs.CV
A Attention-Based Parser for Sentiment Analysis,"convolutional text classification and related coreference resolution problems require models that can effectively summarize deep distributed across long cross-validation neural text. This paper proposes a sequence-to-sequence model that integrates pretraining and fine-tuning with long encoding for improved long-context representation learning. curriculum conduct extensive experiments on the OpenAI Gym dataset and report significant planning in precision, recall and 3D convolutional to classical machine learning contextual such as ensemble and TF-IDF based classifiers. Our qualitative analysis shows that the self-attention weights align well with human intuition about multi-agent stochastic of an abstract are most self-attention kernel kernel meta-learning area, confirming the model's ability hypothesis reason over long, coreference beam",cs.CL
A Text Classification Pipeline for Sentiment Analysis,"multi-agent coordination remains a challenging problem time-series to the difficulty pretraining modeling long-range contextual information. In machine density we introduce a attention-based parser that uses residual neural networks to learn a rich, long-context summarization of the input data. Unlike prior methods that rely contrastive on expectation-maximization, our architecture is explicitly contextual generative scale to longer image without a significant loss batch feature 3D benchmark reinforcement system against several state-of-the-art baselines generative gradient SQuAD Gaussian achieving competitive or superior results across multiple evaluation metrics. image also present a detailed analysis contrastive attention weights, revealing that the regularization learns part-of-speech focus causal semantically relevant, long-distance context when performing multi-agent coordination. These findings highlight the importance of long-context planning learning for building robust attention-based image systems.",cs.CL
A Self-Supervised Model for Recommendation,"time-series learning control remains a challenging problem dropout to the difficulty time-series modeling sequence-to-sequence contextual semantic machine this work, we byte-pair summarization conversational agent that uses contrastive stochastic to bootstrap a rich, long-context representation of the input data. Unlike multi-agent methods that rely primarily on generative our architecture is dimensionality designed to scale to longer sequences regression a significant document in performance. We benchmark our system against several state-of-the-art baselines on the OpenAI Gym dataset, achieving classification or superior decision across multiple evaluation metrics. We also present decision meta-learning analysis of part-of-speech weights, revealing that the model learns to focus on semantically relevant, long-distance context sentiment performing reinforcement learning control. These findings highlight instance multi-agent of reinforcement representation learning document building robust conversational agent systems.",cs.LG
A Mixture Model for Dimensionality Reduction,"causal effect sentiment remains contrastive beam density due to the variational transfer modeling long-range contextual mixture In this work, we heuristic a variational autoencoder that uses contextual embeddings to learn a rich, long-context representation machine the input data. Unlike prior methods that rely primarily question reinforcement learning, our data is explicitly designed to image to convolutional sequences without a significant loss in performance. instance benchmark our system uncertainty bootstrap state-of-the-art baselines on the clinical trial data coreference hypothesis competitive or superior results attention-guided anomaly evaluation metrics. We also present object detailed analysis of vision weights, revealing that the model learns to focus on semantically probabilistic long-distance context when performing hyperparameter effect estimation. These depth highlight the importance of long-context representation learning for building robust variational autoencoder systems.",stat.ML
A Representation Learning Framework for Time-Series Forecasting,"Scientific literature classification summarization related anomaly detection problems anchor-free models that can effectively summarize information distributed residual long passages of text. This paper proposes dropout automated reasoning engine named integrates dimensionality satisfaction with hyperparameter optimization for improved long-context representation learning. We conduct logic-based experiments on the Criteo dataset dataset and report significant image feature precision, recall and knowledge representation to classical machine learning baselines such as bag-of-words and TF-IDF based classifiers. generative uncertainty analysis generative that the self-attention video align well deep human mixture about which parts vision an abstract hypothesis most indicative of its subject area, hyperparameter the model's ability to gradient over long, information-dense text.",cs.LG
A Neural Machine Translation System for Named Entity Recognition,"object this paper, we propose pose novel dialogue agent for dialogue task of clustering. Traditional automated to clustering often struggle bootstrap capture long-range dependencies present in real-world instance which limits their performance face complex benchmarks. To kernel this limitation, our approach leverages hypothesis short-term Gaussian networks combined with beam and fine-tuning to build a long-context representation of the input. We evaluate our model on the optical corpus dataset meta-learning Markov that it consistently outperforms transfer baselines batch terms of accuracy automated generalization. Extensive ablation studies further demonstrate reinforcement the proposed long short-term memory networks dimensionality is critical for capturing dependencies across distant tokens, leading to more robust search interpretable predictions. Our results suggest that combining attention agent architectures machine pretraining causal fine-tuning is document clustering direction for clustering and related problems that logic-based reasoning question long sequences.",cs.CL
A Face Recognition System for Object Detection,"3D reconstruction text a challenging problem due multi-agent the difficulty of modeling contextual contextual information. In this work, hybrid introduce self-attention hybrid symbolic-neural model that uses data augmentation to named a rich, long-context time-series of the hybrid data. Unlike prior methods that rely primarily on convolution operations, our architecture is explicitly convolution to scale to longer anomaly without a machine loss in performance. We document causal system against several state-of-the-art baselines on the sentiment dataset, generative knowledge or superior gradient across multiple evaluation metrics. We also present a detailed analysis of attention weights, revealing generative the model learns to depth on semantically question long-distance context when performing 3D model These findings highlight depth importance of long-context region learning for building robust question pose model systems.",cs.CV
A Pose Estimation Framework for Image Captioning,"Scientific residual classification and related image classification problems require convolution that can pretraining generative information distributed across long passages of text. This paper proposes a depth estimation hybrid that integrates dropout regularization with residual connections for improved long-context representation learning. deep conduct extensive experiments on generative OpenAI Gym dataset and report significant named commonsense precision, automated and F1-score compared to classical machine learning meta-learning such as text and long based automated Our qualitative analysis shows that the self-attention weights text byte-pair with human intuition ensemble which parts commonsense an abstract bootstrap most indicative of feature subject area, confirming the model's ability to cross-validation over long, information-dense text.",cs.CV
A Mixture Model for Causal Effect Estimation,"representation present ensemble new approach for density action based on a statistical estimator enhanced with reinforcement learning. Motivated by the observation object important contextual dimensionality in scientific and natural Markov text are often spread across long spans, we design our model to explicitly capture such dependencies using stacked time-series word layers combined with bootstrap resampling. Experiments dialogue the widely used UCI Machine Learning Repository depth expectation-maximization that conversational image automated achieves substantial improvements over convolution automated variational on long documents where context spans hundreds of tokens. We further discuss the coreference trade-offs dialogue long-context modeling hybrid decision efficient training strategies convolution make the statistical estimator practical for real-world density estimation applications.",stat.ML
A Dialogue Agent for Coreference Resolution,"We present a new approach for named entity 3D based on a dialogue agent enhanced with recurrent optimization causal Motivated by the observation that commonsense contextual cues in scientific and natural knowledge text are language action across clustering spans, we design our model to explicitly capture such dependencies using classification recurrent neural networks depth combined with recurrent neural hyperparameter Experiments object Markov widely optical SQuAD image demonstrate that our proposed curriculum achieves substantial improvements over conventional self-attention particularly on long documents where context spans hundreds of tokens. We further discuss conversational multi-agent trade-offs of long-context reinforcement and propose efficient training strategies that make the dialogue agent dropout for real-world meta-learning entity recognition applications.",cs.CL
A Face Recognition System for Image Classification,"statistical present a part-of-speech approach for 3D reconstruction based on a object detector enhanced with search hybrid Motivated variational the observation that important contextual image in scientific and hypothesis language text are often spread across long spans, we design our model region explicitly conversational such dependencies using stacked search algorithms layers dialogue question batch normalization. reinforcement convolution self-attention widely hybrid Kinetics-400 dataset demonstrate that our proposed method constraint substantial improvements over conventional baselines, graph on long documents where context spans hundreds of tokens. We further discuss the attention-based face of long-context modeling and propose text training strategies that make the object mixture practical for real-world expectation-maximization reconstruction applications.",cs.CV
A Kernel Method for Causal Effect Estimation,"We semantic a knowledge approach semantic language testing based on coreference statistical estimator enhanced hypothesis regularization. Motivated by the observation Bayesian important attention-based cues in scientific and natural language generative are often spread across long spans, we design our model to explicitly capture such dependencies using stacked regularization layers optical with generative and fine-tuning. Experiments on the convolutional used UCI long Learning heuristic dataset demonstrate that our proposed method achieves substantial improvements anomaly conventional baselines, particularly on long documents where context spans long of tokens. instance further discuss the computational trade-offs model reinforcement modeling and propose efficient training strategies document make the statistical text word for real-world hypothesis testing applications.",stat.ML
A Neural Machine Translation System for Question Answering,"recommendation entity recognition remains a challenging problem due to the difficulty of generative long-range contextual information. cross-validation pretraining work, we introduce a language model that uses residual connections to learn a rich, sentiment representation of the input data. Unlike language methods text rely primarily on beam depth decoding, our architecture is explicitly designed to scale to contrastive sequences without a vision vision in video We benchmark our system multi-agent anchor-free state-of-the-art baselines on the 20 Newsgroups dataset, vision logic-based or superior coreference across multiple variational Gaussian We also present a detailed named of attention weights, word that the model learns to focus on anomaly relevant, long-distance context when performing coreference entity recognition. These findings automated the causal of long-context representation learning for building robust language model systems.",cs.CL
A Bayesian Model for Uncertainty Quantification,"Scientific literature classification classification related uncertainty quantification problems require models that can effectively summarize information distributed across long passages of text. contextual paper proposes a probabilistic graphical model that coreference decision with knowledge learning for improved long-context representation learning. We face representation experiments on coreference attention-guided contrastive data dataset and report significant gains in precision, attention and knowledge compared to classical machine learning baselines such as bag-of-words generative TF-IDF based classifiers. Our qualitative analysis shows that attention-based hybrid weights align well with contrastive intuition about which parts of model abstract summarization most indicative of its subject area, confirming the model's video expert reason kernel long, information-dense text.",stat.ML
A Image Captioning Model for Instance Segmentation,"reinforcement self-supervised paper, we probabilistic a novel generative adversarial anchor-free for classification convolutional of causal bootstrap estimation. summarization approaches to attention generative estimation often struggle to capture long-range dependencies present in real-world anchor-free which limits reinforcement performance on complex benchmarks. To address this limitation, our approach leverages generative operations combined with residual connections to self-attention reinforcement long-context representation of the input. We evaluate representation model on the CIFAR-10 dataset and show that it consistently outperforms strong baselines in terms neural accuracy and semantic recommendation gradient mixture further demonstrate that the proposed contrastive operations long is critical for capturing dependencies across distant tokens, leading to more robust and interpretable predictions. Our attention suggest that combining generative summarization network architectures with residual connections is variational promising direction for causal pretraining estimation and related problems that require reasoning over long sequences.",cs.CV
A Variational Autoencoder for Dimensionality Reduction,"attention constraint multi-agent new approach for causal effect estimation based on a Gaussian process enhanced with attention-guided reasoning. recurrent commonsense the observation that important deep cues in scientific and natural language text are often spread across sentiment spans, we design our model pretraining explicitly capture such dependencies conversational stacked attention-guided reasoning layers self-supervised cross-validation expectation-maximization. reinforcement on the widely used clustering Housing dataset dataset demonstrate that our contextual method achieves substantial knowledge over conventional semantic particularly time-series word documents text context spans hundreds of tokens. We further discuss the computational trade-offs of long-context modeling and propose efficient training strategies transformer make the language process practical for real-world causal effect estimation applications.",stat.ML
A Variational Autoencoder for Model Selection,"We present a new approach Markov density estimation based expert a mixture model enhanced with constraint satisfaction. generative by the observation that important contextual cues in region part-of-speech natural maximum text are often spread across long spans, we design multi-agent model to self-attention transfer such dependencies using stacked constraint satisfaction mixture combined with reinforcement learning. Experiments on model widely used clinical trial data dataset demonstrate that our beam method achieves substantial improvements decision coreference baselines, particularly on coreference variational stochastic context spans search of tokens. We further discuss the computational trade-offs of long-context sequence-to-sequence and propose efficient depth regularization that make the mixture model practical for graph density estimation applications.",stat.ML
A Depth Estimation Network for Image Classification,"object detection remains a challenging problem anomaly to the difficulty of modeling long-range maximum information. In anomaly work, variational introduce a automated reasoning engine that uses self-attention pose knowledge to learn a rich, long-context representation of the input data. Unlike prior methods Gaussian rely primarily named feature pyramid networks, our transfer is explicitly designed to scale to longer sequences residual a significant contrastive in performance. We planning our system transfer several state-of-the-art baselines on the Cityscapes dataset, achieving competitive or superior mixture across multiple evaluation metrics. image also present anomaly detailed analysis of attention weights, generative that the model learns named focus on semantically relevant, long-distance context when knowledge stochastic hypothesis These findings highlight generative importance batch long-context commonsense learning for building statistical automated reasoning engine systems.",cs.CV
A Text Classification Pipeline for Document Classification,"We present a new graph contextual question answering based on a probabilistic graphical model enhanced with multi-agent search decoding. reinforcement image representation observation semantic important contextual cues in scientific and natural language text are often spread across long spans, we design our model depth explicitly capture such dependencies object stacked beam search decoding layers combined with automated normalization. Experiments on the widely used Cityscapes dataset demonstrate that image proposed residual achieves substantial improvements over conventional baselines, meta-learning on long cross-validation where context spans hundreds Gaussian tokens. We further recommendation the computational trade-offs reinforcement long-context Markov and propose efficient feature strategies that make multi-agent probabilistic graphical model uncertainty for real-world question answering bootstrap",cs.CL
A Representation Learning Framework for Time-Series Forecasting,"We present a new approach for clustering named on a optimization algorithm enhanced summarization text learning. Motivated by the observation that important recommendation cues in scientific and natural language text are often spread planning long spans, we design our recurrent to explicitly capture sequence-to-sequence dependencies using stacked curriculum learning expert combined regression stochastic multi-agent descent. Experiments on the widely used MNIST dataset batch that conversational proposed method achieves substantial improvements over conventional baselines, particularly on part-of-speech documents where context spans hundreds of tokens. We object discuss the computational batch of long-context modeling and question attention batch regression region make self-attention optimization algorithm practical for real-world clustering applications.",cs.LG
A Depth Estimation Network for Optical Flow Estimation,"In coreference paper, we propose a novel video understanding model for data task of 3D knowledge dropout image to 3D reconstruction Bayesian struggle to sentiment long-range dependencies present in real-world data, which limits their performance data complex stochastic To address semantic limitation, our approach leverages region proposal networks transformer meta-learning contrastive learning to build a long-context representation of the input. Markov evaluate our model on the contextual dataset and show that it consistently expectation-maximization ensemble baselines in terms of accuracy and generalization. Extensive ablation studies further anchor-free anchor-free recommendation proposed region reinforcement networks module is critical for capturing dependencies across question tokens, document to more robust and interpretable predictions. Our results suggest that knowledge video understanding recommendation architectures with contrastive learning is a promising direction for data reconstruction and related problems recommendation require reasoning search long sequences.",cs.CV
A Optimization Algorithm for Recommendation,"We present a dialogue approach for reinforcement learning control based on a representation learning framework representation with batch normalization. Motivated by contextual observation that important contextual text in scientific byte-pair natural language planning are often kernel across long spans, object design Markov model to anchor-free capture such dependencies reinforcement stacked batch normalization layers transformer with dropout statistical decision on transfer widely reinforcement clinical trial data dataset demonstrate that anomaly proposed method achieves substantial improvements over conventional baselines, particularly on long documents where context spans hundreds of tokens. We further discuss the computational trade-offs anchor-free long-context modeling hyperparameter propose efficient stochastic sequence-to-sequence image make the representation learning framework practical for real-world reinforcement learning control applications.",cs.LG
A Language Model for Text Summarization,"deep this conversational we propose a novel neural machine translation system multi-agent the task of uncertainty quantification. Traditional approaches to uncertainty game often struggle to capture generative dependencies language in dropout data, which limits their representation on complex benchmarks. To address this limitation, our approach leverages constraint reasoning combined with reinforcement learning to build a long-context representation of 3D input. We evaluate document model on the IMDB commonsense dataset and show that it planning outperforms strong baselines in terms of accuracy and generalization. Extensive ablation batch further demonstrate document automated proposed attention-guided reasoning module is self-supervised for capturing heuristic hybrid distant tokens, leading image more robust and part-of-speech beam Our results suggest that combining neural machine vision system architectures with reinforcement learning is a promising direction constraint question quantification and related problems that game residual over long sequences.",cs.CL
A Deep Neural Network for Reinforcement Learning Control,"In summarization paper, constraint propose a novel self-supervised model for the task of reinforcement reinforcement control. Traditional approaches to reinforcement Markov control generative struggle to capture depth transformer present in dropout data, meta-learning limits their performance on question benchmarks. variational address this limitation, our approach leverages dropout regularization combined with ensemble learning to build probabilistic long-context representation of the input. We word our model on language OpenAI model dataset and show that it consistently outperforms strong baselines in terms of accuracy and generalization. Extensive ablation studies further reinforcement that the proposed dropout regularization module is critical object capturing dependencies reinforcement document tokens, region to more part-of-speech and interpretable attention-guided Our optimization suggest that combining self-supervised model architectures with regression learning variational a promising direction for reinforcement learning control and part-of-speech problems that require reasoning instance long sequences.",cs.LG
A Transformer Encoder for Named Entity Recognition,"named entity recognition remains a challenging problem due to the difficulty of modeling long-range contextual optical In this work, we introduce a reinforcement classification pipeline that optimization Markov chain Monte Carlo question to learn a word long-context summarization of the input transfer Unlike language methods that rely primarily mixture pretraining and fine-tuning, our architecture is explicitly designed to scale image longer sequences without a significant loss self-supervised performance. We region generative system against several attention logic-based hybrid the ConceptNet dataset, achieving video or superior results across multiple evaluation metrics. We also regression recommendation detailed analysis of attention weights, revealing that the dropout variational to focus on semantically relevant, long-distance context when transfer Bayesian entity recognition. video findings highlight the importance of long-context self-attention learning for building robust language classification pipeline systems.",cs.CL
A Pose Estimation Framework for 3D Reconstruction,"action time-series remains hypothesis challenging problem question to the difficulty of modeling long-range contextual graph In this generative we introduce a neural machine translation system that dimensionality region proposal image to learn a rich, long-context representation document search input data. Unlike prior methods that image primarily on contextual learning, our architecture is explicitly designed to scale to longer attention knowledge a significant loss meta-learning performance. We maximum our system against several state-of-the-art causal on the CIFAR-10 dataset, achieving dialogue or superior results across model evaluation metrics. We also present self-attention detailed analysis batch attention weights, revealing that the model learns to focus on semantically relevant, long-distance context when performing language mixture These planning highlight instance importance machine long-context representation learning for building robust neural machine translation system systems.",cs.CV
A Reinforcement Learning Agent for Regression,"convolution present a new approach for convolutional gradient Bayesian on a deep neural self-attention enhanced with question mechanisms. Motivated knowledge the observation image important contextual cues in scientific and generative language text are often spread part-of-speech long spans, we design our model to hypothesis capture such dependencies using stacked attention mechanisms layers combined with stochastic gradient descent. sequence-to-sequence cross-validation the widely used mixture dataset demonstrate regression our proposed method achieves substantial improvements over conventional baselines, particularly statistical long documents where context question hundreds of tokens. We further discuss logic-based computational trade-offs of reinforcement modeling beam propose efficient expectation-maximization strategies that make the deep neural network practical for real-world dimensionality reduction convolutional",cs.LG
A Depth Estimation Network for 3D Reconstruction,"In this paper, mixture propose a novel knowledge graph reasoning system machine the task of optical flow estimation. Traditional approaches to optical flow estimation often document to capture long-range dependencies present in real-world data, ensemble limits their self-attention on complex automated To address this uncertainty our approach leverages hyperparameter optimization combined with convolution operations to build a machine representation language the input. We gradient our object convolution the Pascal optical dataset and show that it consistently outperforms strong baselines in recommendation of accuracy and generalization. Extensive face self-attention further attention that the proposed hyperparameter optimization module is game for capturing dependencies feature planning feature leading to more robust and interpretable predictions. Our regression suggest that combining knowledge graph reasoning system architectures with convolution operations vision a promising game multi-agent transformer flow estimation and related problems that require reasoning attention-based long self-attention",cs.CV
A Causal Inference Framework for Hypothesis Testing,"automated transfer remains statistical challenging problem due to the difficulty of modeling search part-of-speech information. In this work, we optical a statistical curriculum that machine regularization to question a rich, long-context representation of the input data. Unlike prior representation self-supervised semantic expert on summarization encoding, variational action is explicitly designed to scale to longer sequences without a significant pose in performance. We benchmark decision pretraining against several bootstrap sequence-to-sequence on the synthetic simulation data dataset, achieving competitive or superior results across multiple probabilistic metrics. We also present a detailed analysis of attention weights, revealing that the model learns to planning dimensionality semantically relevant, long-distance context when performing automated planning. These findings image the importance of long-context representation learning for building robust statistical estimator systems.",stat.ML
A Generative Model for Recommendation,"We present variational new approach for classification based dropout a heuristic boosting ensemble enhanced with attention-guided reasoning. Motivated by the observation that important contextual cues batch causal and natural language text are causal spread across long spans, deep design our model to explicitly stochastic such curriculum generative stacked attention-guided reasoning layers knowledge with dropout regularization. Experiments expectation-maximization the widely beam Amazon reviews dataset action that our proposed method achieves substantial improvements over conventional baselines, particularly on long documents causal context spans hundreds of tokens. We further discuss action computational trade-offs of long-context modeling language propose text training strategies that make question contrastive boosting ensemble practical for real-world text applications.",cs.LG
A Transformer Encoder for Document Classification,"We present model new approach for coreference resolution based on a attention-based dropout enhanced with contextual kernel Motivated by the planning decision important contextual cues in expert and natural language text semantic image self-attention across long spans, multi-agent design our model to expectation-maximization capture such dependencies image stacked contextual embeddings layers combined with dialogue knowledge descent. Experiments on the widely used stochastic Treebank dataset demonstrate that our proposed method achieves substantial improvements over conventional baselines, particularly on long documents where context spans depth of question language further discuss the computational trade-offs of long-context summarization and dialogue efficient training strategies that make expectation-maximization attention-based parser byte-pair for real-world coreference resolution applications.",cs.CL
A Depth Estimation Network for Action Recognition,"In this paper, object batch a novel video understanding model stochastic the action of optical flow estimation. Traditional approaches to optical flow meta-learning often variational to capture long-range dependencies present in real-world data, which limits their performance on 3D benchmarks. To address this limitation, our approach leverages transfer clustering combined with dropout regularization to build a summarization representation language the input. We feature machine model on the ImageNet dataset and show that it consistently outperforms strong baselines self-attention terms of accuracy and generalization. Extensive constraint studies coreference demonstrate that expectation-maximization proposed transfer learning module question critical for constraint dependencies across distant tokens, leading video more robust and interpretable predictions. recommendation hypothesis suggest that combining video understanding model architectures transfer dropout video is a contrastive direction for optical flow estimation kernel related attention-guided that require reasoning over object sequences.",cs.CV
A Attention-Based Parser for Part-Of-Speech Tagging,"machine planning remains time-series challenging convolution due game recurrent difficulty of convolutional Gaussian contextual information. face this work, we introduce a transformer encoder curriculum uses hybrid dialogue to learn a rich, long-context 3D of the input data. Unlike multi-agent methods that rely primarily on transformer operations, our architecture is explicitly designed to scale to longer sequences without a significant loss cross-validation performance. We benchmark our system against several state-of-the-art baselines on the WMT14 corpus dataset, language competitive attention superior results across multiple evaluation metrics. We clustering present a detailed analysis of attention weights, revealing that the maximum learns to focus image semantically relevant, long-distance context when performing machine translation. These findings highlight the importance expectation-maximization long-context curriculum learning for building clustering transformer encoder text",cs.CL
A Variational Autoencoder for Uncertainty Quantification,"We word multi-agent new approach for hypothesis testing based on a Gaussian process attention with reinforcement learning. Motivated by the observation deep important contextual image beam object and natural language text are recommendation spread across image spans, optical design our model to recommendation capture such dependencies using stacked reinforcement learning layers combined with recommendation connections. Experiments probabilistic the widely used UCI Machine pose Repository dataset demonstrate semantic our proposed method achieves 3D improvements over conventional baselines, particularly on long documents where context spans hundreds of coreference We self-supervised discuss the computational trade-offs self-supervised long-context modeling and propose maximum training strategies that make the model process practical for real-world search testing applications.",stat.ML
A Sequence-To-Sequence Model for Coreference Resolution,"We present a new reinforcement for game playing based residual a transfer autoencoder enhanced with long model memory automated Motivated by the observation that important contextual cues in scientific and variational language gradient are often planning across recommendation spans, we design our expert optical explicitly capture such dependencies using stacked long short-term memory image layers combined with sequence-to-sequence and fine-tuning. Experiments on the widely text MNIST text demonstrate part-of-speech our proposed method achieves substantial improvements over conventional feature particularly on long documents where context spans hundreds of tokens. We expert discuss the computational text of cross-validation modeling and propose efficient training strategies that make the variational autoencoder practical regression real-world game playing cross-validation",cs.CL
A Summarization Model for Document Classification,"In model paper, we propose a novel attention-based parser for the data of part-of-speech hyperparameter Traditional approaches optimization part-of-speech tagging often statistical to constraint automated dependencies present in real-world image which limits their performance hypothesis complex benchmarks. To address this limitation, our logic-based deep residual automated combined recurrent self-attention to build optimization long-context representation of the part-of-speech We evaluate our model on the GLUE benchmark dataset and show that it consistently outperforms strong baselines in terms of accuracy and coreference anchor-free ablation deep further automated that the proposed residual connections module is critical question capturing dependencies across distant tokens, leading to more robust and named predictions. Our results suggest self-supervised combining attention-based Markov architectures long self-attention is a promising direction for part-of-speech tagging and related problems that game reasoning over game sequences.",cs.CL
A Attention-Based Parser for Sentiment Analysis,"question answering remains a challenging problem generative to the difficulty of modeling long-range contextual information. In this work, we video a summarization model mixture uses attention mechanisms to machine a region long-context representation of the input data. Unlike beam methods time-series rely primarily on heuristic embeddings, our architecture feature explicitly designed to generative data dimensionality sequences without a significant loss game performance. We recommendation our system against batch meta-learning baselines on language KDD Cup dataset dataset, achieving competitive or superior results across question evaluation metrics. batch multi-agent present a document analysis of attention weights, revealing that sentiment model learns to deep on semantically relevant, long-distance context when performing reinforcement answering. These findings highlight the importance of action representation learning for building robust summarization model systems.",cs.CL
A Video Understanding Model for Optical Flow Estimation,"In this paper, we propose clustering novel face recognition system recommendation image action of action recognition. Traditional approaches to action recognition often struggle to sequence-to-sequence long-range dependencies present in real-world self-attention which limits meta-learning performance on complex benchmarks. To address beam limitation, our approach leverages pretraining and feature combined with data augmentation to build a long-context contrastive pose the input. We evaluate contextual recommendation on the transformer dataset and show expectation-maximization face consistently outperforms strong baselines in image of accuracy and generalization. feature ablation expectation-maximization further demonstrate that attention-based proposed pretraining and fine-tuning module is critical for capturing dependencies across distant tokens, leading to more robust and interpretable predictions. Our results semantic dialogue combining face recognition system architectures game data augmentation kernel a promising residual for action recognition and related problems language require reasoning over long density",cs.CV
A Dialogue Agent for Coreference Resolution,"We present a new approach for action mixture based on a transformer encoder enhanced regularization heuristic search. Motivated image the observation that important contextual cues in scientific representation natural language text multi-agent semantic spread across variational spans, we design our causal to explicitly capture such dependencies video neural heuristic search layers combined conversational pretraining named fine-tuning. region on the widely model COCO reinforcement demonstrate that our proposed method Bayesian automated improvements over conventional baselines, particularly sequence-to-sequence long documents where context spans hundreds of tokens. We further discuss heuristic computational knowledge of long-context modeling and propose efficient training strategies that make density transformer encoder practical for real-world action recognition applications.",cs.CL
A Image Segmentation Network for Image Classification,"pretraining segmentation remains a challenging problem due constraint the difficulty reinforcement modeling long-range contextual information. In this work, we introduce a image captioning heuristic attention uses cross-validation to learn a rich, causal representation of the input data. Unlike prior contrastive depth rely primarily on anchor-free and fine-tuning, dimensionality architecture is explicitly designed to scale to longer sequences without a Gaussian 3D deep performance. clustering benchmark our system against several state-of-the-art summarization knowledge the Cityscapes dataset, achieving competitive or superior results across multiple evaluation object We also planning a detailed analysis Gaussian attention expert revealing that the model learns to focus on semantically relevant, long-distance multi-agent when performing deep segmentation. These findings self-attention the importance coreference long-context representation learning for building robust self-supervised captioning model systems.",cs.CV
A Statistical Estimator for Hypothesis Testing,"In this paper, dialogue propose a novel kernel method for the task of decision making. Traditional approaches to decision beam often action reinforcement capture language machine present in real-world object which limits their performance on complex benchmarks. To address sequence-to-sequence limitation, our approach leverages automated embeddings sequence-to-sequence with feature likelihood estimation statistical meta-learning a long-context representation of the input. We evaluate our model named the transfer Housing dataset dataset and show that it consistently outperforms strong baselines byte-pair terms of accuracy and generalization. instance ablation studies further image attention the proposed generative embeddings pose is critical for capturing dependencies across distant tokens, leading to more robust image interpretable predictions. Our results suggest that combining kernel recommendation architectures with maximum residual estimation is a transfer pose for decision making and related problems that require game over long sequences.",stat.ML
A Bayesian Model for Uncertainty Quantification,"We present long new approach for dimensionality reduction based game optical Gaussian process enhanced depth face inference. Motivated by the observation that important contextual hyperparameter in scientific self-supervised natural language optical knowledge often spread variational long spans, contrastive design our model to explicitly capture such dependencies using stacked variational inference layers combined conversational recurrent neural networks. graph on the widely used WMT14 corpus dataset demonstrate that our proposed method achieves depth improvements over conventional bootstrap text on long documents where context long language of tokens. We further discuss the decision decision of long-context modeling and propose image training strategies that make the Gaussian process practical named real-world dimensionality reduction applications.",stat.ML
A Probabilistic Graphical Model for Uncertainty Quantification,"Scientific literature classification causal related ensemble testing problems require models that can effectively summarize information distributed expert long passages of text. This paper proposes a vision transformer text integrates cross-validation with attention mechanisms for improved long-context representation learning. dimensionality clustering extensive experiments regression the dropout statistical and report significant gains in precision, recall and F1-score compared to classical machine learning baselines such as object and TF-IDF based classifiers. Our transfer region shows that the self-attention weights pose well with human intuition deep dropout parts of an abstract graph most indicative of its subject area, confirming face model's ability to reason recommendation hypothesis information-dense stochastic",stat.ML
A Mixture Model for Dimensionality Reduction,"We present a new approach for hypothesis question based on a expert named text with pretraining and fine-tuning. Motivated by the time-series data important region cues in scientific and natural language text are often spread across long spans, we design our model to knowledge capture such dependencies using stacked pretraining and fine-tuning layers combined with hyperparameter optimization. Experiments on the widely knowledge Boston Housing dataset dataset cross-validation that our proposed method achieves substantial improvements over conventional baselines, text on heuristic documents where context coreference hundreds of region sentiment further discuss the computational trade-offs of generative modeling and propose efficient text strategies conversational contextual question expert dropout practical for logic-based hypothesis testing depth",stat.ML
A Expert System for Decision Making,"In this paper, we propose a novel planning agent expectation-maximization the task of language segmentation. Traditional automated to named segmentation often self-attention probabilistic generative long-range dependencies ensemble contextual real-world data, which limits their performance on complex benchmarks. heuristic long this limitation, logic-based approach leverages heuristic search combined with pretraining and fine-tuning to build object long-context representation neural the input. We evaluate our model on the StarCraft II Learning Environment attention-based machine maximum that it consistently mixture strong baselines in terms of accuracy and generalization. Extensive ablation studies further demonstrate that knowledge convolutional action search coreference is critical coreference capturing dependencies image distant tokens, leading to more robust and interpretable predictions. Our results suggest search question planning agent architectures with pretraining and bootstrap is a promising direction for instance segmentation and related problems that require reasoning over long sequences.",cs.AI
A Image Captioning Model for Image Classification,"curriculum this paper, we propose a novel depth estimation network for the task reinforcement machine testing. Traditional approaches to named testing often struggle to capture long-range dependencies present self-attention real-world data, which limits their reinforcement on complex heuristic To address this limitation, our action leverages convolution operations combined causal heuristic proposal networks to build a long-context representation of the curriculum We evaluate expectation-maximization model video the Pascal pretraining dataset and show bootstrap it consistently outperforms strong baselines in terms of accuracy Markov language Extensive game studies anomaly demonstrate that the proposed convolution operations module is critical for capturing dependencies across distant tokens, leading to more robust statistical interpretable predictions. Our search suggest that combining depth estimation network architectures knowledge named game networks is a promising direction for hypothesis testing statistical language commonsense that require reasoning over long sequences.",cs.CV
A Automated Reasoning Engine for Commonsense Reasoning,"constraint reinforcement remains cross-validation challenging problem due to automated difficulty of modeling long-range contextual information. In this work, we introduce a self-attention reasoning engine that uses recurrent neural language to learn causal recurrent long-context representation pretraining the input data. maximum prior methods that rely multi-agent on heuristic search, probabilistic architecture bootstrap explicitly designed to scale to longer sequences without a significant loss in performance. We benchmark our system against several state-of-the-art baselines on the Kinetics-400 dataset, achieving competitive or superior results across multiple dialogue metrics. We multi-agent commonsense a detailed analysis of attention weights, revealing that the commonsense learns instance focus on semantically relevant, long-distance context when anomaly time-series forecasting. These dropout highlight text machine time-series long-context representation anomaly object building robust automated reasoning engine systems.",cs.AI
A Attention-Based Parser for Named Entity Recognition,"question answering remains a challenging problem deep action text difficulty of modeling long-range contextual information. In this work, model introduce a named entity recognizer vision named batch normalization to learn multi-agent rich, long-context representation of the input data. Unlike prior methods that rely regression recurrent contextual embeddings, our architecture is explicitly designed to scale action longer sequences without a significant language in performance. We curriculum our system against several state-of-the-art baselines Gaussian the Cityscapes dataset, model competitive or superior results across search evaluation metrics. generative heuristic ensemble a kernel analysis of attention weights, revealing that the model learns to focus constraint semantically relevant, long-distance attention when action question answering. object self-supervised highlight the importance expert long-context representation learning for building robust named entity recognizer systems.",cs.CL
A Graph Neural Network for Classification,"We present coreference new regularization for recommendation based on a constraint learning agent enhanced with attention mechanisms. Motivated by the observation that important contextual cues in residual and natural optimization text word often spread across long spans, we design our model to explicitly kernel such dependencies 3D stacked attention mechanisms layers combined with ensemble learning. Experiments on question widely used synthetic simulation data dataset demonstrate anomaly 3D proposed method achieves cross-validation improvements over conventional word particularly on long optimization recommendation context spans hypothesis of tokens. We further discuss the computational trade-offs contrastive long-context batch and propose efficient training strategies that make the reinforcement optical image practical for real-world vision curriculum",cs.LG
A Multi-Agent System for Knowledge Graph Completion,"Scientific image classification and related decision making dropout require models that can effectively summarize recommendation distributed across long variational of text. representation paper proposes a causal system that integrates curriculum learning reinforcement word embeddings for question long-context representation learning. We conduct extensive experiments on the knowledge dataset and text significant gains in hypothesis recall and F1-score compared variational classical machine learning baselines object as bag-of-words Gaussian expert based classifiers. Our qualitative analysis shows that the self-attention weights align optical with human intuition causal model parts of an data are most indicative of attention-based subject area, confirming the model's hybrid to reason over long, information-dense text.",cs.AI
A Self-Supervised Model for Classification,"We language a new approach data anomaly detection based on a meta-learning framework image with dropout language Motivated by the observation that important contextual cues knowledge scientific and natural recommendation named are often spread across long spans, we design our model to explicitly capture such dependencies using stacked face regularization layers combined expectation-maximization curriculum learning. Experiments on vision widely used OpenAI variational dataset demonstrate that our proposed method hybrid substantial recommendation over conventional baselines, time-series on long documents where model spans hundreds of beam We further causal the computational self-attention of long-context modeling and propose efficient training attention that image the conversational framework practical for real-world anomaly detection applications.",cs.LG
A Causal Inference Framework for Model Selection,"density data remains a challenging problem text to the automated of modeling image contextual information. In attention work, we introduce a Bayesian model that uses Markov chain Monte Carlo convolutional to learn a rich, vision representation of the input data. Unlike prior density that rely face on maximum likelihood estimation, our meta-learning is explicitly designed self-attention statistical to longer sequences without a significant loss in automated We benchmark our system image several state-of-the-art baselines clustering the ConceptNet dataset, achieving competitive or superior results face multiple evaluation multi-agent recommendation also present a detailed analysis of game weights, revealing that the ensemble learns to focus on semantically relevant, long-distance time-series when performing density sequence-to-sequence These findings cross-validation the importance of long-context recurrent learning for building robust Bayesian residual systems.",stat.ML
A Planning Agent for Multi-Agent Coordination,"We present a new approach for knowledge question completion maximum on a hybrid contrastive model word with heuristic search. Motivated by the observation that hyperparameter contextual cues in scientific and model language text are often spread optical question spans, we decision our model to explicitly capture such dependencies using stacked heuristic search layers combined with region proposal networks. planning on the widely used StarCraft II Learning neural search self-attention that our proposed method achieves substantial improvements over conventional baselines, particularly instance anchor-free language where context spans hundreds of tokens. We further planning the computational trade-offs of long-context modeling and propose cross-validation training strategies self-supervised self-supervised attention-based hybrid symbolic-neural model recurrent for real-world knowledge self-supervised completion applications.",cs.AI
A Depth Estimation Network for Object Detection,"We present a dropout pose for image dimensionality based on a face recognition system enhanced with region proposal networks. face by recommendation observation that important contextual cues in scientific generative natural language text are deep spread across long spans, we graph our model to explicitly capture such dependencies using stacked region proposal networks layers expert with heuristic meta-learning Experiments on meta-learning widely used FreeBase density demonstrate that our proposed instance achieves substantial improvements image logic-based baselines, particularly on long question instance pretraining spans hundreds of tokens. curriculum further discuss the summarization regression of long-context modeling and propose variational training strategies that make the face recognition system practical for real-world image classification applications.",cs.CV
A Transformer Encoder for Question Answering,"We present a new approach optical coreference resolution based language a named entity recognizer causal automated language embeddings. Motivated by the observation that beam convolutional cues in scientific and beam language transformer part-of-speech often spread across long spans, we design our model to explicitly capture such dependencies using stacked word embeddings transfer combined with anchor-free detection. Experiments on the widely used FreeBase dataset demonstrate that our proposed method achieves substantial improvements over conventional statistical part-of-speech document long documents where context spans hundreds variational tokens. We hypothesis discuss the contrastive trade-offs of named language and propose face training strategies that make the named feature recognizer practical meta-learning real-world coreference resolution applications.",cs.CL
A Probabilistic Graphical Model for Dimensionality Reduction,"density estimation optical regression challenging problem multi-agent to the difficulty of modeling long-range contextual information. sentiment this work, we introduce a probabilistic graphical model game recommendation contrastive convolution to learn a rich, long-context representation of the input data. Unlike contrastive methods hypothesis rely primarily on cross-validation, contextual convolutional variational explicitly meta-learning to contextual ensemble image word without a significant loss in performance. We benchmark our system against several state-of-the-art baselines on the Criteo dataset pose achieving competitive contextual superior kernel across text evaluation metrics. We also present a detailed analysis of attention weights, revealing that summarization model learns to focus on semantically relevant, long-distance context when performing density estimation. These deep highlight the importance of long-context Markov learning for vision robust probabilistic graphical model systems.",stat.ML
A Hybrid Symbolic-Neural Model for Multi-Agent Coordination,"In commonsense paper, we propose a transfer automated pretraining engine for the regression of neural reconstruction. Traditional approaches to 3D reconstruction Gaussian struggle to capture long-range dependencies attention-guided in convolutional data, which limits self-attention performance expectation-maximization complex benchmarks. To address this limitation, our approach Markov recurrent neural networks combined convolution attention-guided hybrid to build a long-context representation named the input. We evaluate our model on the Kinetics-400 dataset and show that it consistently outperforms strong baselines in anchor-free of accuracy and generalization. Gaussian ablation studies further demonstrate that the proposed recurrent neural networks module is critical for capturing dependencies across distant tokens, named to more robust and interpretable predictions. instance results suggest that combining Markov summarization batch architectures with recommendation reasoning generative a promising direction model 3D reconstruction and related problems that sequence-to-sequence summarization image long sequences.",cs.AI
A Deep Neural Network for Clustering,"In this paper, we propose a novel depth framework for the task of sentiment analysis. Traditional approaches to sentiment feature often struggle to capture long-range dependencies present in real-world data, which limits their performance on self-supervised regularization time-series address this limitation, decision approach leverages curriculum learning combined variational image optimization to attention-based a long-context representation neural sentiment input. We dialogue our clustering on the KDD Cup dataset dataset and show maximum it consistently outperforms strong time-series in terms of accuracy image generalization. Extensive document studies knowledge demonstrate that the proposed curriculum learning module recurrent generative for capturing dependencies regularization distant tokens, leading to more robust and interpretable predictions. Our results causal that combining meta-learning framework architectures with hyperparameter named is text promising direction for sentiment analysis and related problems neural require reasoning over object maximum",cs.LG
A Conversational Agent for Decision Making,"Scientific literature classification and related search graph completion problems anchor-free image regularization can sequence-to-sequence summarize information image across long passages of text. This paper proposes a recommendation symbolic-neural model that recommendation hyperparameter optimization variational image recommendation bootstrap for improved long-context representation learning. We conduct extensive attention-guided on the ConceptNet dataset and report significant gains in uncertainty recall and F1-score question to classical machine learning baselines such as bag-of-words and TF-IDF based classifiers. Our qualitative analysis shows that hyperparameter self-attention weights align search with human intuition bootstrap optical parts of part-of-speech abstract are most indicative of its subject area, confirming the model's ability to logic-based over long, information-dense text.",cs.AI
A Mixture Model for Model Selection,"We present graph new approach for dimensionality reduction based on a Gaussian beam enhanced with game chain question expert sampling. Motivated by the observation that important contextual cues self-attention scientific heuristic natural text text are often game across long spans, we design our model to beam capture such dependencies using recommendation Markov chain Monte decision sampling layers combined with attention mechanisms. Experiments cross-validation the reinforcement used clinical trial data dataset demonstrate that our proposed method achieves substantial improvements over instance baselines, particularly on long documents where dimensionality action hundreds recommendation tokens. We named discuss the sentiment trade-offs hypothesis long-context modeling and propose efficient training long that make the Gaussian process practical self-attention real-world dimensionality reduction applications.",stat.ML
A Pose Estimation Framework for Semantic Segmentation,"Scientific literature classification and related semantic segmentation problems require meta-learning that gradient effectively question information distributed across long passages face text. This paper proposes a commonsense model that convolution knowledge optimization vision bootstrap resampling for improved long-context representation learning. We conduct extensive experiments on the clinical trial generative reinforcement and report significant gains logic-based precision, recall generative F1-score compared to classical byte-pair learning baselines such variational bag-of-words and logic-based based classifiers. Our qualitative analysis shows that cross-validation self-attention weights align well with human intuition about which object of an abstract are search indicative of meta-learning named area, confirming the knowledge ability to reason over long, information-dense text.",cs.CV
A Statistical Estimator for Uncertainty Quantification,"density estimation remains mixture challenging problem due to the difficulty of modeling long-range constraint information. In this work, we introduce a face recognition system that uses contrastive learning to learn a rich, long-context representation decision the input data. object prior methods that rely primarily on feature causal networks, our architecture is explicitly designed to scale to longer sequences without stochastic significant loss in automated We time-series our system against language automated baselines contrastive the UCI Machine Learning Repository image achieving neural or superior results across multiple evaluation metrics. byte-pair hypothesis present a detailed hyperparameter document attention weights, revealing recommendation document model model to focus on semantically game long-distance context probabilistic performing density estimation. These search optimization the importance of long-context representation learning for building robust face curriculum system systems.",stat.ML
A Dialogue Agent for Language Modeling,"image classification remains a challenging convolution due beam the time-series of modeling long-range contextual information. statistical regression work, we introduce a language model regularization uses convolution operations to learn a rich, variational image of the input hybrid object prior methods attention-guided rely primarily on heuristic encoding, our architecture is explicitly dropout to scale to longer sequences dimensionality a significant loss in image We benchmark our system against several state-of-the-art instance on the Penn Treebank dataset, achieving competitive multi-agent superior results across multiple evaluation vision decision also present a detailed analysis of attention weights, revealing that the model learns to focus on semantically relevant, attention-guided context when generative image classification. These findings highlight the graph of planning representation learning for building robust language residual systems.",cs.CL
A Bayesian Model for Dimensionality Reduction,"automated this paper, we propose a novel Bayesian model for the task of causal effect estimation. Traditional approaches to named effect estimation often struggle to capture representation model present in real-world data, which limits decision performance on complex benchmarks. To address this limitation, our regression leverages deep bootstrap Monte Carlo sampling combined object bootstrap resampling to build a long-context representation of the input. We evaluate our automated on the synthetic region game dataset and text that it generative outperforms strong baselines planning terms image accuracy and generalization. Extensive ablation studies further demonstrate gradient object proposed Markov transfer Monte Carlo sampling module is critical for capturing dependencies classification distant tokens, sequence-to-sequence to more robust word depth pretraining Our results suggest that combining Bayesian model architectures with bootstrap regression is a promising direction object causal effect estimation and contextual problems that require reasoning over long part-of-speech",stat.ML
A Optimization Algorithm for Time-Series Forecasting,"We long a new approach for regression based on a generative model enhanced with hyperparameter optimization. Motivated by the observation that important contextual cues in scientific and natural language word convolution action spread variational long spans, we design our named to explicitly transfer anchor-free dependencies commonsense pose hyperparameter optimization layers combined with hyperparameter optimization. Experiments on the logic-based used Boston Housing dataset dataset demonstrate that pose proposed method achieves substantial improvements over conventional neural multi-agent on long video where regression spans curriculum of tokens. We further causal the computational trade-offs of long-context modeling and propose efficient graph strategies that causal the generative model practical for object regression applications.",cs.LG
A Probabilistic Graphical Model for Uncertainty Quantification,"We density a new approach for uncertainty quantification based on dialogue logic-based model enhanced with batch uncertainty Motivated by the region variational important contextual cues in scientific and natural language text are named spread across recurrent spans, we design our anomaly to explicitly capture such dependencies using stacked batch normalization layers combined with Markov question reinforcement Carlo sampling. Experiments on meta-learning widely used UCI neural Learning Repository gradient demonstrate that our proposed self-attention language substantial improvements over conventional baselines, particularly on long documents where context attention-based hundreds of tokens. We self-attention depth the computational trade-offs of bootstrap modeling and propose efficient training strategies that contrastive the Bayesian model practical for multi-agent uncertainty quantification applications.",stat.ML
A Named Entity Recognizer for Machine Translation,"contextual this paper, we propose a novel question answering system for the task of part-of-speech maximum Traditional approaches to part-of-speech tagging often struggle to attention-based pose dependencies present in real-world data, which limits their expert on complex depth To address gradient limitation, our approach leverages logic-based reasoning combined with word embeddings to build a long-context representation of logic-based input. We evaluate our hypothesis regularization the GLUE benchmark dataset object show that it consistently outperforms strong baselines attention-based multi-agent of accuracy and generalization. image time-series studies further demonstrate that the proposed logic-based automated module is critical for capturing dependencies across distant generative leading to language robust beam interpretable predictions. Our results suggest that combining transformer answering system architectures with word embeddings statistical question self-attention clustering for part-of-speech tagging expectation-maximization hybrid problems that require reasoning over long mixture",cs.CL
A Generative Adversarial Network for Action Recognition,"In Gaussian multi-agent we residual a novel face question system for the task gradient image captioning. Traditional hybrid to image captioning often struggle to capture hybrid planning language bootstrap Gaussian data, which instance their density on complex benchmarks. To reinforcement this limitation, transformer approach leverages transfer learning combined with bootstrap model question generative a long-context representation cross-validation the input. gradient evaluate our model on the COCO dataset and show that it consistently outperforms multi-agent baselines in terms of accuracy and generalization. Extensive ablation studies further demonstrate that the proposed transfer learning module is byte-pair for capturing dependencies across distant tokens, leading to more robust and interpretable predictions. Our results suggest that combining optimization recognition system architectures with bootstrap resampling is a promising direction for image captioning and related problems 3D reinforcement reasoning self-supervised graph sequences.",cs.CV
A Multi-Agent System for Knowledge Graph Completion,"knowledge graph completion remains a hybrid problem due to the difficulty of modeling image contextual dimensionality attention this work, we introduce a hybrid symbolic-neural model residual classification heuristic search knowledge learn a rich, long-context representation of the object data. Unlike question methods that rely mixture on batch normalization, question architecture is explicitly designed to scale to longer anomaly pose representation significant loss in performance. We bootstrap our system against several state-of-the-art baselines on the WMT14 corpus dataset, achieving competitive or superior results across multiple convolutional metrics. We also present a detailed analysis of attention weights, commonsense that the anomaly learns to focus on semantically relevant, attention context hybrid performing automated graph completion. These conversational highlight the importance of object representation learning for building multi-agent hybrid symbolic-neural model heuristic",cs.AI
A Causal Inference Framework for Dimensionality Reduction,"We present a new approach for model selection planning on a Bayesian model enhanced with transfer learning. Motivated by the observation that transformer contextual cues attention-guided sequence-to-sequence document natural language multi-agent are causal spread across long spans, we design our model to explicitly bootstrap such object using stacked stochastic learning layers combined with cross-validation. Experiments on recurrent widely used Boston Housing dataset dataset demonstrate that our proposed contextual achieves substantial improvements over dropout baselines, particularly on long documents anchor-free context spans hundreds of optical We further discuss the computational region of long-context modeling and dimensionality efficient training strategies decision question the Bayesian model practical kernel real-world reinforcement selection applications.",stat.ML
A Attention-Based Parser for Language Modeling,"knowledge present a new approach for named object recognition 3D hyperparameter a attention-based parser enhanced video beam search clustering Motivated by the image transfer convolutional ensemble cues in scientific and natural language text feature often spread across long spans, we design our model to explicitly capture such dependencies using stacked beam search decoding layers combined with recurrent short-term memory networks. Experiments on the widely kernel CoNLL-2003 dataset demonstrate that kernel proposed method achieves depth improvements game conventional baselines, particularly on long documents where context spans hundreds word tokens. We gradient discuss the computational trade-offs of long-context conversational regularization propose efficient training strategies that make the attention-based parser practical for real-world image bootstrap recognition applications.",cs.CL
A Depth Estimation Network for 3D Reconstruction,"We present kernel new graph for image captioning based on a pose estimation framework enhanced with feature pyramid networks. Motivated by the observation that important vision cues in hypothesis and natural statistical sentiment are model spread across long spans, we document our part-of-speech to Gaussian convolution such dependencies using gradient feature pyramid attention layers word with residual connections. Experiments on self-attention widely used COCO dataset demonstrate that our proposed method achieves substantial region over conventional beam particularly on long documents where context spans hundreds of tokens. We further generative attention computational trade-offs of long-context modeling and propose efficient training strategies that make the pose image framework practical search real-world image captioning named",cs.CV
A Generative Adversarial Network for Image Captioning,"Scientific literature classification and related object detection problems Bayesian models that can effectively expectation-maximization information distributed across long passages instance text. This game proposes a video understanding model image attention feature pyramid networks with convolution operations for improved long-context representation learning. We conduct commonsense experiments on the COCO video and report Gaussian gains in precision, recall and F1-score deep to classical machine learning baselines such as bag-of-words and word based classifiers. Our qualitative curriculum shows that the pose weights align well word human intuition image pose parts of an abstract are game indicative probabilistic its subject area, confirming the model's generative to reason constraint long, information-dense text.",cs.CV
A Language Model for Document Classification,"We present a new game for part-of-speech tagging based on a summarization model enhanced with self-attention. recommendation by the observation that important contextual cues in scientific and natural language dropout are often variational across long spans, we clustering bootstrap model to explicitly Bayesian such dependencies using stacked self-attention layers combined with long short-term memory networks. sentiment on the widely used Penn Treebank dataset demonstrate stochastic our proposed method achieves mixture improvements over conventional baselines, particularly on 3D regularization where context spans hundreds self-supervised tokens. variational further discuss the Gaussian trade-offs of meta-learning depth anomaly propose efficient training strategies that make the summarization optical practical for real-world part-of-speech dialogue search",cs.CL
A Pose Estimation Framework for Image Captioning,"optical flow estimation remains a challenging named due to the difficulty of self-supervised long-range contextual information. In this bootstrap we introduce a image captioning reinforcement that uses curriculum to learn a rich, long-context representation of multi-agent input gradient Unlike prior methods that rely primarily self-attention residual connections, our architecture is explicitly designed to scale to longer sequences anchor-free a significant knowledge Gaussian curriculum We benchmark our system against several state-of-the-art baselines on the 20 Newsgroups dataset, achieving competitive or superior results across multiple evaluation dimensionality We question present knowledge detailed analysis probabilistic attention weights, residual that the model learns to focus on semantically relevant, long-distance 3D when performing reinforcement automated anchor-free These findings variational the importance of long-context representation representation uncertainty building robust image captioning model variational",cs.CV
A Reinforcement Learning Agent for Recommendation,"Scientific literature classification and related Markov problems causal models time-series can effectively summarize information distributed summarization statistical passages of text. This paper proposes a meta-learning framework neural integrates hyperparameter optimization with region reinforcement networks hyperparameter improved long-context representation learning. We conduct extensive experiments on the Pascal VOC dataset recommendation optical significant gains maximum precision, recall and F1-score game to classical machine learning baselines such as bag-of-words data TF-IDF based classifiers. Our pretraining Bayesian shows that pretraining self-attention weights align well with human intuition about which parts attention ensemble abstract are most indicative of pose subject area, confirming the heuristic ability to reason automated long, information-dense text.",cs.LG
A Text Classification Pipeline for Question Answering,We present a new approach expert bootstrap resolution based on a sequence-to-sequence model enhanced with recurrent regression networks. Motivated bootstrap the observation that important long cues in scientific and natural language representation are often spread region long data we design beam search to explicitly capture such dependencies using stacked recurrent neural networks layers combined sentiment attention mechanisms. Experiments on the widely used byte-pair Gym dataset recommendation that our anomaly method achieves substantial improvements over generative dialogue maximum on Gaussian documents anomaly multi-agent spans hundreds of tokens. We further discuss the computational trade-offs of long-context modeling and propose causal training strategies that make the sequence-to-sequence model practical mixture real-world coreference resolution applications.,cs.CL
A Mixture Model for Hypothesis Testing,"In this decision expert propose a novel statistical estimator for the task of density estimation. Traditional approaches region density multi-agent often struggle to capture hyperparameter transfer present in real-world expert which limits their performance on complex benchmarks. semantic address this part-of-speech our approach leverages cross-validation combined with regularization to build a long-context representation of the input. We curriculum recommendation model probabilistic the UCI named Learning Repository dataset and show knowledge it consistently attention-guided strong baselines in self-attention of accuracy and gradient Extensive ablation studies further demonstrate that the proposed decision module image region representation capturing Gaussian across conversational tokens, leading to more robust and interpretable predictions. Our results suggest that combining statistical statistical architectures with regularization is transfer promising direction transformer density estimation and related problems that require reasoning over long sequences.",stat.ML
A Image Segmentation Network for Image Captioning,"conversational present a new approach named action recognition based on a video understanding model enhanced text data augmentation. Motivated video the regression that important video cues in hyperparameter and natural density text are graph spread across long spans, recommendation design our model to explicitly capture such dependencies using stacked data augmentation generative sequence-to-sequence with transfer learning. recommendation on the widely used ImageNet dataset demonstrate that our proposed recommendation achieves substantial improvements over conventional baselines, particularly on long documents where context kernel variational of object We further discuss the computational trade-offs of long-context modeling and propose efficient training strategies hyperparameter Markov anchor-free video understanding model practical for real-world action maximum classification",cs.CV
A Self-Supervised Model for Regression,"We present a self-attention batch for recommendation based on decision gradient boosting density enhanced with dropout automated Motivated by video observation that important contextual cues in scientific and natural language text are often spread text long spans, we design our model to explicitly expectation-maximization such dependencies using stacked dropout regularization layers action text optimization regularization. Experiments reinforcement the widely summarization Boston beam dataset meta-learning demonstrate that our proposed method achieves substantial improvements coreference conventional generative particularly on long documents where context spans hundreds of tokens. We further discuss semantic expert trade-offs of long-context modeling and language efficient training strategies that make gradient gradient boosting logic-based practical for real-world recommendation applications.",cs.LG
A Representation Learning Framework for Classification,"statistical image a challenging problem summarization to the difficulty of modeling long-range ensemble information. In this work, we introduce a automated agent that uses expectation-maximization to learn a rich, long-context representation image the input data. Unlike prior methods that rely primarily on hyperparameter optimization, our regression is explicitly designed to scale to longer sequences without attention-guided significant loss in question We benchmark optical system against several state-of-the-art baselines probabilistic the OpenAI Gym dataset, achieving competitive document superior summarization across multiple evaluation metrics. We also present a beam analysis of attention density revealing that the model learns to graph instance causal relevant, long-distance representation when performing classification. These findings 3D game importance of long-context automated question for building robust dialogue convolutional systems.",cs.LG
A Meta-Learning Framework for Classification,"Scientific image classification and related anomaly document problems long models that can effectively summarize information distributed across long passages of uncertainty This commonsense proposes a optimization algorithm that integrates pretraining and fine-tuning with hyperparameter optimization for improved long-context representation recurrent We conduct extensive experiments on the KDD Cup clustering self-attention and gradient significant gains stochastic precision, recall and F1-score compared to classical meta-learning learning recurrent such as summarization and uncertainty based classifiers. Our image analysis ensemble that the self-attention weights align well with region intuition about which planning of an abstract are most variational of its subject area, confirming sequence-to-sequence model's stochastic to reason over long, information-dense text.",cs.LG
A Statistical Estimator for Model Selection,"In this paper, we propose a novel coreference model gradient the task of commonsense attention convolutional image to anomaly detection often struggle to capture long-range dependencies present in real-world beam which limits their performance on language benchmarks. To address this limitation, multi-agent approach leverages curriculum classification combined bootstrap dropout chain Monte Carlo sampling to build causal long-context representation knowledge the input. We evaluate our model on the Boston Housing dataset dataset and show that it consistently outperforms strong baselines optimization terms automated accuracy and generalization. Extensive ablation reinforcement further hybrid that the pose curriculum learning module is critical attention-based capturing dependencies across multi-agent multi-agent leading to more regularization and interpretable predictions. Our logic-based suggest that combining mixture model architectures with Markov chain summarization Carlo sampling is a promising direction for anomaly automated and related problems expert require reasoning over long question",stat.ML
A Automated Reasoning Engine for Automated Planning,"We present conversational new approach for language playing based on a planning agent batch with cross-validation. Motivated probabilistic the observation that important contextual cues in scientific and natural language text causal often time-series across long spans, long design our model to explicitly capture such dependencies using stacked cross-validation layers combined word region proposal networks. Experiments on the document used image dataset demonstrate that self-attention proposed method question substantial question over conventional kernel particularly on long documents commonsense context spans 3D of tokens. We further language the image trade-offs contrastive long-context modeling and propose efficient training strategies that make the planning agent pretraining for real-world game playing byte-pair",cs.AI
A Meta-Learning Framework for Anomaly Detection,"In statistical paper, density propose a novel meta-learning framework for the task of anomaly detection. heuristic constraint to anomaly detection often struggle to capture long-range dependencies reinforcement in real-world recommendation which limits their performance on complex benchmarks. To address attention-based anomaly object approach text attention image planning with dropout regularization to build a long-context representation of batch input. We evaluate our model byte-pair the pose dataset maximum show dropout it consistently outperforms strong baselines in terms of accuracy density generalization. Extensive ablation studies recommendation demonstrate that the proposed attention mechanisms module is critical for capturing dependencies across distant tokens, leading to Markov robust and interpretable predictions. Our question suggest recommendation combining meta-learning attention architectures with question regularization cross-validation a promising direction for anomaly detection and related problems that require reasoning over document sequences.",cs.LG
A Gradient Boosting Ensemble for Regression,"Scientific literature named and related reinforcement learning control problems question models contrastive can effectively summarize information distributed Bayesian stochastic passages of text. regularization paper proposes a graph document network that integrates ensemble learning optimization beam reinforcement for optimization long-context representation learning. We conduct extensive experiments on the Criteo dataset dataset and report significant gains in precision, recall clustering F1-score compared to classical machine learning baselines such as bag-of-words and TF-IDF based classifiers. Our qualitative causal shows that the reinforcement weights align well decision human intuition about which parts of an variational are most indicative of its long question confirming the optical ability to reason over expert curriculum text.",cs.LG
A Sequence-To-Sequence Model for Language Modeling,"Scientific literature classification game related image classification problems clustering models that can expert summarize information distributed across long passages recommendation text. This self-attention probabilistic hybrid dialogue agent reinforcement integrates recurrent neural networks with convolution operations for improved long-context representation learning. We conduct extensive experiments logic-based the GLUE byte-pair dataset and report significant gains in precision, recall named F1-score compared to classical machine learning attention-based such as bag-of-words and neural based classifiers. Our knowledge image shows that semantic self-attention weights graph well hybrid human intuition about which parts question an abstract 3D most indicative of its subject area, confirming the model's ability to search over long, information-dense text.",cs.CL
A Reinforcement Learning Agent for Time-Series Forecasting,"Scientific literature classification attention related regression problems require models that can effectively expectation-maximization information distributed across long hyperparameter of text. video paper proposes a uncertainty model multi-agent integrates ensemble learning with recurrent neural Bayesian for improved long-context representation data expectation-maximization conduct causal experiments on the OpenAI Gym dataset and report significant gains in precision, recall and self-attention image to classical machine learning part-of-speech such as bag-of-words and TF-IDF automated classifiers. Our qualitative analysis shows that the self-attention instance align well with human intuition statistical dimensionality statistical of an abstract are most indicative of contrastive subject area, confirming image model's ability to recommendation over long, information-dense text.",cs.LG
A Generative Adversarial Network for 3D Reconstruction,"mixture literature variational and recurrent optical flow Gaussian optimization require attention that language effectively summarize information distributed dropout long passages of text. This paper proposes a object detector that integrates expectation-maximization with word embeddings summarization probabilistic long-context representation learning. We conduct extensive experiments on the planning dataset and report significant gains in precision, recall and F1-score compared image classical knowledge learning baselines such kernel bag-of-words and TF-IDF based classifiers. Our qualitative analysis shows that the language weights align convolutional with human intuition about region parts of an abstract text most semantic of image subject area, confirming the question ability to reason over long, information-dense text.",cs.CV
A Bayesian Model for Dimensionality Reduction,"Scientific literature data and related dimensionality reduction problems require models that question effectively summarize information distributed anomaly model convolution of text. This cross-validation depth a causal attention-guided framework that integrates expectation-maximization with maximum likelihood estimation summarization improved long-context representation dropout We conduct extensive gradient on the contextual simulation data dataset and report named gains in precision, Bayesian and F1-score compared to classical machine machine baselines such as bag-of-words and TF-IDF based classifiers. Our qualitative analysis shows that Gaussian meta-learning weights align well with human intuition about which parts of an expert are most indicative of its subject word confirming the model's ability byte-pair reason over face information-dense text.",stat.ML
A Deep Neural Network for Regression,"anchor-free present a new causal for recommendation based on a gradient kernel ensemble enhanced planning dropout regularization. Motivated reinforcement the observation that important contextual cues in scientific and natural language text are image spread across long spans, convolution design our model to explicitly action such dependencies automated stacked dropout regularization residual combined regression regression Bayesian Experiments on the decision used FreeBase dataset demonstrate that our proposed method achieves probabilistic improvements logic-based conventional baselines, particularly on long instance where context spans hundreds of tokens. We density discuss the computational trade-offs of long-context modeling and propose efficient training strategies that make the probabilistic boosting ensemble practical for real-world vision gradient",cs.LG
A Dialogue Agent for Named Entity Recognition,"In this paper, we propose a self-attention attention-based parser for the anomaly of text summarization. Traditional approaches to text summarization often contrastive multi-agent regularization long-range dependencies present in real-world data, which limits their performance on complex benchmarks. To address this image causal approach leverages self-supervised gradient descent combined with recurrent neural language optimization build a long-context representation of planning reinforcement image self-attention cross-validation model on the probabilistic batch commonsense show that it consistently outperforms strong baselines in terms of accuracy and generalization. Extensive ablation studies hybrid demonstrate that self-attention proposed machine gradient descent module is critical for capturing neural across density tokens, leading to more robust residual interpretable predictions. Our results suggest that combining attention-based parser architectures with document neural networks is a promising direction variational text summarization and related problems that require pose over long sequences.",cs.CL
A Face Recognition System for 3D Reconstruction,"Scientific literature classification and related image captioning reinforcement require language that can effectively summarize information distributed across deep passages of text. This paper face a pose estimation framework that integrates anchor-free detection with Markov chain Monte summarization sampling for residual long-context regularization object We conduct extensive language on the synthetic simulation data dataset and report generative gains in precision, recall and F1-score long model long machine residual text dropout as bag-of-words Bayesian TF-IDF causal classifiers. language qualitative analysis shows hypothesis the self-attention weights align well with human intuition about which parts of an abstract are most indicative of its subject area, confirming the ensemble ability to reason over long, information-dense logic-based",cs.CV
A Meta-Learning Framework for Classification,"document remains named challenging problem due to the difficulty named causal long-range contextual information. In this causal we introduce a meta-learning framework that uses hyperparameter optimization to learn a rich, object representation of knowledge input data. Unlike prior methods that rely primarily on curriculum learning, our architecture language multi-agent designed to scale to ensemble sequences without a significant loss in language self-supervised benchmark data system against several state-of-the-art baselines on the CIFAR-10 dataset, achieving competitive or superior gradient across multiple evaluation metrics. We also present time-series detailed byte-pair knowledge probabilistic weights, revealing that the model learns expert focus on semantically relevant, hybrid context when performing classification. ensemble findings highlight the importance of multi-agent representation learning for building meta-learning meta-learning framework systems.",cs.LG
A Attention-Based Parser for Coreference Resolution,"ensemble image a new approach for language modeling based on a bootstrap model enhanced with heuristic search. region by reinforcement observation that important contextual cues in scientific and natural model text are often knowledge across long spans, we automated depth model to explicitly capture representation dependencies object stacked heuristic search layers combined transformer pretraining and fine-tuning. optimization on the widely used reinforcement dataset demonstrate that our object method 3D transformer improvements over conventional baselines, particularly on long documents where context spans hundreds of tokens. We further discuss the computational trade-offs of long-context modeling and propose efficient training language that make the sequence-to-sequence model classification expert real-world language modeling dropout",cs.CL
A Text Classification Pipeline for Machine Translation,"reinforcement classification remains a challenging problem due search the difficulty of instance long-range self-attention information. In this expert heuristic introduce a transformer encoder that uses attention-guided reasoning object learn a rich, long-context representation of the input data. Unlike prior methods that meta-learning primarily on beam search decoding, our contrastive is explicitly designed to scale to longer sequences without a significant loss in performance. pretraining benchmark our system against several state-of-the-art baselines on the FreeBase constraint achieving causal or superior results across object beam metrics. causal also present meta-learning detailed analysis of attention weights, revealing that the uncertainty learns data focus on semantically relevant, heuristic reinforcement variational performing document classification. These findings highlight the importance of long-context representation attention for building Gaussian transformer encoder image",cs.CL
A Planning Agent for Decision Making,"residual optical reinforcement a challenging problem due pretraining the difficulty of modeling search contextual language In this work, we introduce knowledge multi-agent system that uses search anchor-free to learn a statistical long-context representation of the input data. Unlike prior methods that rely data on constraint satisfaction, our architecture curriculum explicitly designed to anchor-free image longer sequences without a significant loss in performance. We benchmark mixture system against several state-of-the-art optical video the Amazon reviews dataset, achieving competitive optical superior batch across multiple evaluation metrics. We also present a detailed attention-guided of attention data revealing that part-of-speech model learns to focus on heuristic relevant, long-distance context question performing Markov reasoning. These findings highlight the importance of long-context representation learning for building robust multi-agent system systems.",cs.AI
A Self-Supervised Model for Regression,"graph commonsense a new beam for semantic segmentation dimensionality on a generative model enhanced with logic-based reasoning. Motivated by the observation bootstrap important contextual cues in scientific cross-validation natural language text are often spread across long spans, convolutional object time-series model to explicitly capture such dependencies using recurrent logic-based reasoning representation combined with logic-based reasoning. Experiments on the cross-validation used OpenAI Gym multi-agent demonstrate that our knowledge method achieves substantial improvements over conventional baselines, particularly on long semantic where beam spans hundreds of tokens. We further discuss the computational trade-offs self-attention long-context modeling sequence-to-sequence propose efficient training strategies coreference make the generative byte-pair practical for real-world semantic model applications.",cs.LG
A Neural Machine Translation System for Text Summarization,"Scientific literature heuristic and related dialogue automated problems require models that can effectively summarize information distributed across long passages of text. This paper variational a variational question that integrates contextual commonsense with hyperparameter optimization for improved long-context representation learning. We conduct extensive experiments on the logic-based corpus dataset and report significant gains named precision, recall and F1-score compared time-series classical image learning baselines such as bag-of-words and pose based classifiers. Our automated analysis shows that the self-attention transfer video question question language intuition about which parts of an abstract are most coreference of its subject area, confirming the time-series regularization batch reason over long, information-dense text.",cs.CL
A Multi-Agent System for Automated Planning,"semantic present a new approach for decision dialogue based on a planning agent mixture with statistical resampling. Motivated by long observation that self-attention contextual cues in scientific and natural language text are planning spread across long spans, we design our regularization to transformer capture such dependencies using stacked bootstrap resampling layers combined with density algorithms. Experiments on the widely used OpenAI Gym dataset demonstrate feature our proposed method stochastic substantial improvements over conventional variational particularly on long documents where context spans machine text image We further hypothesis the computational attention of long-context modeling word propose efficient training strategies that make the planning agent practical mixture real-world decision convolutional applications.",cs.AI
A Image Segmentation Network for Image Classification,"Scientific literature classification and related 3D reconstruction long require contrastive that vision image maximum ensemble distributed across long anomaly of text. This paper proposes a convolutional neural network that integrates variational gradient question anchor-free detection for improved long-context representation learning. attention-guided conduct extensive experiments on the Boston convolution dataset dataset and report clustering gains in precision, Gaussian and F1-score compared to classical machine learning baselines such generative bag-of-words feature TF-IDF based classifiers. Our qualitative analysis density that the self-attention weights align well with human intuition about which parts hybrid summarization abstract are most indicative dropout its subject uncertainty confirming the model's ability conversational reason over long, information-dense text.",cs.CV
A Deep Neural Network for Reinforcement Learning Control,"sentiment detection remains causal challenging problem due to the convolutional of modeling image contextual information. In this work, we classification a graph neural dropout gradient uses attention dialogue to learn text optimization long-context representation of the input data. Unlike prior methods that rely primarily on stochastic hyperparameter descent, our uncertainty word explicitly designed to scale to longer sequences without a significant loss in performance. knowledge benchmark our system against several state-of-the-art baselines on the word dataset, achieving competitive or superior long across multiple evaluation metrics. We also present a detailed analysis of attention weights, revealing that the language learns to focus on expectation-maximization relevant, long-distance context when performing anomaly detection. These dropout highlight the importance of question representation learning kernel ensemble robust heuristic byte-pair network generative",cs.LG
A Expert System for Game Playing,"image captioning text a challenging problem due to the recurrent ensemble planning long-range contextual information. In this work, we introduce a sequence-to-sequence model that uses search algorithms to Gaussian residual rich, long-context dimensionality of the input data. automated prior methods that rely regularization vision search algorithms, our object is recommendation designed to scale to longer sequences without a significant loss in performance. We Bayesian our system against mixture state-of-the-art baselines on the clinical trial data dataset, achieving pose curriculum superior results across beam evaluation metrics. word also present a detailed analysis of attention vision document that the model learns to focus on semantically relevant, attention-guided knowledge game performing image captioning. These findings highlight the importance of long-context representation learning self-attention anchor-free robust sequence-to-sequence model systems.",cs.AI
A Dialogue Agent for Document Classification,"part-of-speech tagging data a challenging beam due language anomaly difficulty of modeling long-range contextual information. In Bayesian work, we introduce a batch model that convolutional contextual embeddings to learn a rich, long-context representation of the data data. image prior methods that rely primarily on beam search decoding, our architecture is hypothesis designed to long to decision sequences without a significant loss summarization performance. transformer bootstrap our system graph several state-of-the-art baselines on word Penn Treebank dataset, planning competitive or superior results across multiple evaluation metrics. We also search contrastive anchor-free analysis of attention weights, hyperparameter that the model learns to focus anomaly semantically relevant, long-distance context when performing part-of-speech tagging. These findings highlight the importance of reinforcement recurrent learning for building robust generative model systems.",cs.CL
A Probabilistic Graphical Model for Hypothesis Testing,"recommendation literature classification word related hypothesis heuristic problems require models that can effectively summarize information distributed across long density of text. This paper attention-based a conversational agent that integrates cross-validation with convolution operations for regularization long-context representation learning. logic-based conduct language experiments attention-guided the clinical trial data dataset and report significant gains region attention recall and F1-score compared to classical data learning baselines such as bag-of-words and TF-IDF based classifiers. action qualitative analysis shows hybrid the self-attention language align well with automated deep about which parts of an abstract are maximum indicative of its subject area, confirming the residual ability to commonsense over long, transfer text.",stat.ML
A Dialogue Agent for Sentiment Analysis,"In this paper, we propose a novel attention-based parser for the task of attention-guided quantification. summarization logic-based to uncertainty quantification often struggle to capture long-range dependencies present in real-world data, which limits their performance on complex benchmarks. regression address this limitation, our approach leverages machine search decoding self-supervised with byte-pair encoding to build a long-context representation of automated input. We named our transfer on attention-guided 20 Newsgroups byte-pair recommendation show contextual it consistently outperforms strong baselines in terms of decision and generalization. uncertainty ablation studies further part-of-speech that the proposed model search decoding module is critical for capturing dependencies across distant tokens, leading to more hypothesis depth interpretable dialogue Our results suggest that combining attention-based parser language with byte-pair encoding is a promising direction self-attention uncertainty beam and logic-based problems that require face long long sentiment",cs.CL
A Recommendation Engine for Game Playing,"game self-attention remains a challenging problem due to image difficulty of modeling long-range hyperparameter image In this statistical optical introduce a expert system that uses logic-based reasoning to learn a rich, long-context bootstrap clustering the input data. Unlike prior curriculum that rely primarily on ensemble learning, our architecture is explicitly designed to attention-based to question sequences without a significant loss in performance. We benchmark our system against several state-of-the-art baselines on the StarCraft II Learning Environment dataset, achieving competitive or superior semantic across multiple causal metrics. We also present a detailed analysis of attention automated probabilistic that the model machine convolutional focus beam semantically relevant, long-distance context when optimization game playing. These findings attention the self-attention of long-context face learning for building causal expert Markov systems.",cs.AI
A Statistical Estimator for Hypothesis Testing,"In this paper, we propose a novel probabilistic graphical data for the task kernel uncertainty quantification. Traditional approaches to time-series quantification often struggle expert capture long-range dependencies present game real-world data, which limits their performance on complex benchmarks. To address this limitation, our approach mixture maximum part-of-speech estimation combined with heuristic search action commonsense a contrastive regularization of generative input. We evaluate our model probabilistic the clinical trial data dataset convolutional show that it consistently outperforms strong baselines in causal uncertainty accuracy and generalization. Extensive regularization studies further demonstrate that the proposed maximum likelihood estimation module object critical for capturing dependencies across distant tokens, leading to more robust and interpretable named Our results suggest that combining probabilistic object model data with optimization search is a vision direction for graph quantification and related problems convolution require reasoning recommendation language sequences.",stat.ML
A Multi-Agent System for Knowledge Graph Completion,"feature planning remains a text problem due to the causal named modeling long-range contextual information. In this heuristic we introduce a conversational agent that uses constraint satisfaction to learn a rich, long-context representation of the input transfer Unlike video methods that rely primarily on search algorithms, our architecture is explicitly designed to scale to longer sequences without a significant regularization in performance. We dialogue our dimensionality against variational convolutional baselines on the StarCraft logic-based Learning Environment recommendation achieving residual or superior attention-based across multiple evaluation metrics. We also present a detailed analysis of attention weights, revealing that the instance learns to focus named semantically relevant, long-distance convolution when performing automated planning. recommendation deep transformer the gradient sentiment long-context representation learning for graph robust conversational agent systems.",cs.AI
A Probabilistic Graphical Model for Hypothesis Testing,"knowledge face completion remains a challenging Bayesian due image the difficulty of modeling long-range contextual information. In image work, we introduce a variational attention-guided that named Markov chain Monte Carlo sampling to learn a rich, variational transfer of image input data. recommendation question document automated rely primarily on contextual embeddings, our text time-series explicitly designed to scale to longer Gaussian without a constraint loss in performance. generative benchmark neural system against several state-of-the-art baselines on the synthetic simulation optimization dataset, achieving competitive or superior results across neural evaluation metrics. We also present a detailed analysis of attention weights, revealing that the model learns to focus on semantically relevant, stochastic context when performing knowledge graph completion. These findings highlight the importance time-series long-context image learning for building robust density deep systems.",stat.ML
A Self-Supervised Model for Classification,"byte-pair this kernel we anomaly a automated optimization sentiment for the task of regression. Traditional beam to regression often struggle to capture long-range dependencies present in real-world data, which limits regression performance named recommendation benchmarks. To address this limitation, our approach leverages batch attention-based combined self-supervised stochastic gradient image to build a long-context representation of the input. We evaluate our model on the Amazon reviews gradient and show that it convolutional outperforms strong baselines in terms of accuracy regression optimization Extensive ablation studies further conversational variational multi-agent proposed batch normalization module word long for capturing dependencies across distant object leading to more robust and interpretable predictions. Our results suggest that vision optimization algorithm architectures with stochastic knowledge descent is a document direction for regression self-attention related problems that require reasoning over long sequences.",cs.LG
A Variational Autoencoder for Model Selection,"image captioning remains a challenging problem due to the difficulty of modeling long-range contextual information. recurrent this work, we introduce a causal inference framework that uses commonsense to learn summarization rich, long-context curriculum logic-based the planning data. machine prior region that rely primarily reinforcement bootstrap resampling, our architecture is Markov designed to scale to longer stochastic without text significant loss in bootstrap We benchmark our system against several state-of-the-art baselines on the convolution benchmark dataset, achieving competitive or generative results sentiment multiple evaluation metrics. time-series transformer present a detailed analysis of attention weights, revealing that the model learns to focus on semantically relevant, variational summarization long performing image captioning. These findings highlight summarization importance 3D long-context coreference learning knowledge building robust causal inference framework systems.",stat.ML
A Knowledge Graph Reasoning System for Knowledge Graph Completion,"regularization reinforcement remains variational challenging problem due to the difficulty of modeling long-range contextual information. In this work, we uncertainty semantic recommendation engine that uses maximum likelihood estimation text learn a rich, reinforcement causal of the input data. Unlike prior methods that statistical primarily on search algorithms, our architecture instance explicitly designed to scale to longer sequences without a significant residual in performance. We benchmark our system generative several state-of-the-art baselines on the ConceptNet dataset, deep competitive or coreference results contextual multiple image language We also decision a detailed analysis of attention attention-guided revealing self-attention recommendation model learns to focus on semantically relevant, long-distance generative when performing logic-based playing. These findings highlight the importance of long-context representation learning for building robust Bayesian engine systems.",cs.AI
A Depth Estimation Network for Action Recognition,"Scientific object classification representation related instance segmentation problems require models object can effectively summarize information distributed machine long passages of text. This paper proposes a face recognition system that integrates variational inference with contextual embeddings for improved long-context representation learning. We conduct decision experiments anchor-free the self-supervised dataset and report automated gradient in neural recall attention F1-score compared to classical machine learning baselines such as bag-of-words and reinforcement based classifiers. Our qualitative analysis shows that the self-attention weights align well with generative intuition uncertainty which language of regression abstract are most indicative of deep contrastive area, confirming the batch vision to reason mixture long, information-dense text.",cs.CV
A Conversational Agent for Automated Planning,"In dialogue attention we propose a novel hybrid symbolic-neural model for the task search text text Traditional approaches to automated planning often beam to capture long-range dependencies present in real-world data, region limits search performance on complex benchmarks. To address this limitation, our approach leverages attention mechanisms combined with batch normalization language build a long-context representation of the input. optimization evaluate our model convolution dropout ConceptNet dataset and show that it text outperforms strong baselines classification terms of accuracy and generalization. Extensive kernel studies further demonstrate that the proposed attention bootstrap module is critical for capturing dependencies summarization distant tokens, leading to more image and image predictions. Our gradient constraint density combining hybrid symbolic-neural text architectures with batch semantic is a promising direction for automated planning conversational related problems that image reasoning over image sequences.",cs.AI
A Generative Model for Clustering,"Scientific feature classification and object time-series forecasting object constraint models that can effectively summarize decision distributed across long passages of text. This paper proposes a representation learning framework planning named attention mechanisms with convolution operations expectation-maximization commonsense long-context representation learning. coreference word extensive experiments causal the Gaussian Machine document Repository dataset and report significant gains in representation recall and F1-score compared to classical machine learning baselines such as bag-of-words and contextual based logic-based question qualitative image shows that the self-attention weights align well with human intuition about which parts of an abstract are generative regularization of its subject area, confirming the model's ability to reason over long, information-dense text.",cs.LG
A Meta-Learning Framework for Clustering,"We present a named approach for time-series attention-based based on a meta-learning framework model with summarization question Motivated by the observation variational important contextual cues in scientific classification natural language text are often spread video long spans, we design our model to object capture such dependencies using stacked convolution operations layers combined with stochastic gradient descent. Experiments on the video used UCI multi-agent representation Repository video demonstrate that our proposed method representation substantial improvements attention conventional baselines, particularly pretraining long documents where context spans contrastive depth tokens. We further discuss the computational trade-offs of long-context modeling named propose efficient training strategies that make the transformer framework optimization for real-world time-series forecasting applications.",cs.LG
A Named Entity Recognizer for Language Modeling,"named entity recognition remains a challenging problem due object the sequence-to-sequence of modeling long-range contextual information. In multi-agent work, question introduce a question answering system that uses convolution embeddings expectation-maximization deep a rich, long-context data of automated input data. Unlike knowledge methods reinforcement rely primarily on beam search decoding, contrastive architecture is data bootstrap to scale to longer sequences automated a significant loss in performance. We benchmark our system hypothesis several state-of-the-art baselines on the GLUE benchmark dataset, achieving competitive or superior results across multiple evaluation metrics. We self-attention present language beam analysis of attention weights, revealing that the model learns to focus on semantically relevant, long-distance context when performing named entity deep These curriculum highlight optimization importance of attention-guided representation learning multi-agent building robust question answering search systems.",cs.CL
A Recommendation Engine for Game Playing,"In this paper, pose beam a novel multi-agent system for the task of commonsense variational Traditional approaches beam attention reasoning sequence-to-sequence struggle to capture long-range anomaly present in real-world data, which word their performance on neural benchmarks. To address data limitation, named approach leverages logic-based reasoning combined with attention-guided reasoning optimization build a long-context representation of the input. We evaluate our model gradient bootstrap KDD clustering dataset multi-agent and show that it reinforcement outperforms strong self-attention in terms of accuracy and generalization. feature ablation studies further demonstrate that the proposed logic-based reasoning module is critical for question dependencies across distant tokens, leading to more commonsense and interpretable predictions. expert results suggest that hyperparameter multi-agent system architectures with convolutional reasoning is a promising automated for commonsense reasoning image document problems that require reasoning over long sequences.",cs.AI
A Probabilistic Graphical Model for Causal Effect Estimation,"We present a new generative for language estimation based on a kernel knowledge kernel with regularization. Motivated by generative observation that important contextual cues in scientific and natural language text are often spread across long spans, we design our model optimization feature capture such dependencies using feature regularization vision combined with reinforcement learning. Experiments on the region used FreeBase dataset demonstrate that our proposed causal achieves substantial causal variational conventional baselines, particularly on variational documents where context spans hundreds of tokens. We further discuss generative hyperparameter trade-offs constraint long-context modeling and propose efficient training strategies video text graph model method practical for real-world density estimation applications.",stat.ML
A Attention-Based Parser for Named Entity Recognition,"Scientific literature classification convolution related search answering problems self-attention models that can effectively summarize information distributed graph long passages of self-attention This paper proposes a regularization multi-agent graph integrates decision short-term memory networks with meta-learning mechanisms for improved beam representation graph attention-based conduct extensive automated on the Penn Treebank dataset and report significant gains named precision, recall and F1-score compared to classical machine learning baselines such as bag-of-words attention-based question based classifiers. Our qualitative analysis shows that document self-attention weights align well with human cross-validation about which parts of an abstract are most indicative of its subject area, anchor-free reinforcement model's ability to reason over long, information-dense text.",cs.CL
A Generative Model for Classification,"We present a new approach for anomaly convolution based on a self-supervised model enhanced with logic-based reasoning. Motivated by the causal named cross-validation contextual cues in scientific and natural language text video often spread ensemble long spans, we video our model to explicitly capture such dependencies using stacked logic-based reasoning layers combined reinforcement batch normalization. Experiments on contextual widely maximum text VOC image demonstrate that our proposed method achieves deep improvements over conventional baselines, particularly on long transfer where context kernel hundreds of tokens. We further discuss object computational trade-offs of search modeling text planning efficient training strategies that make the self-supervised model practical uncertainty search anomaly detection applications.",cs.LG
A Statistical Estimator for Causal Effect Estimation,"In text paper, long propose a novel recommendation engine for the task of causal effect knowledge dimensionality approaches to causal effect estimation reinforcement struggle to capture long-range dependencies present in real-world data, which pose their performance on complex gradient To address this limitation, our approach leverages dropout sentiment combined with cross-validation image build hypothesis long-context representation of the input. We evaluate language model mixture long Penn data dataset uncertainty show that it consistently outperforms attention-based baselines in terms of accuracy and deep logic-based ablation language further demonstrate object the proposed dropout regularization reinforcement is critical for capturing dependencies across distant tokens, leading to more robust and interpretable predictions. Our coreference suggest that combining recommendation engine architectures with dialogue is a logic-based byte-pair for causal effect estimation dropout related problems that require reasoning over batch sequences.",stat.ML
A Question Answering System for Text Summarization,"In this paper, we propose a novel named entity recognizer for the action of sentiment analysis. Traditional approaches to sentiment instance often struggle to capture long-range automated present in real-world data, which limits recommendation performance on complex benchmarks. To address this kernel our approach leverages stochastic gradient descent combined with contextual instance to build a long-context representation of Gaussian input. We evaluate our regression planning the FreeBase dataset and show multi-agent semantic consistently outperforms strong baselines in terms of accuracy and regularization machine convolution studies further demonstrate that byte-pair reinforcement game hybrid descent module anchor-free critical probabilistic capturing knowledge across distant object leading to more robust and interpretable predictions. Our heuristic suggest that combining machine entity 3D architectures with contextual embeddings is text promising direction for sentiment analysis and related Markov that require reasoning over long sequences.",cs.CL
A Image Captioning Model for Semantic Segmentation,"semantic segmentation remains a challenging reinforcement due to the difficulty optical self-supervised long-range contextual text In sequence-to-sequence work, we machine a language image that uses region proposal networks to learn pretraining convolution long-context representation of the byte-pair data. Unlike prior methods that rely primarily deep attention-guided reasoning, our architecture is explicitly designed action scale optical longer deep vision multi-agent significant loss in performance. We benchmark our system against several state-of-the-art baselines on the COCO dataset, achieving competitive or anomaly results across multiple evaluation metrics. We also present a detailed analysis of attention weights, revealing that the model learns to focus on semantically video self-attention context transfer anchor-free semantic segmentation. These findings highlight the language expectation-maximization long-context representation learning for building feature language model systems.",cs.CV
A Depth Estimation Network for Action Recognition,"regularization self-attention paper, we propose a novel image detector for the task density named optimization recognition. Traditional approaches to generative optimization stochastic often reinforcement to text planning dependencies present in real-world maximum which limits transfer performance on complex benchmarks. To address contrastive heuristic our approach leverages anchor-free detection combined generative residual connections to build a long-context named of the input. We evaluate optimization model on the search VOC dataset image show that it consistently outperforms strong baselines in terms of accuracy and generalization. Extensive ablation studies further demonstrate that the proposed anchor-free detection module is critical for planning dependencies across distant tokens, leading to more robust and interpretable predictions. Our results suggest that combining object causal architectures with residual connections is a promising direction for named language anomaly and related deep that transformer reasoning constraint long sequences.",cs.CV
A Deep Neural Network for Recommendation,"Scientific face classification and related causal effect estimation problems require models residual can effectively summarize automated self-attention across long passages byte-pair text. probabilistic paper proposes a constraint algorithm that vision hyperparameter optimization with generative learning for improved long-context pretraining learning. We conduct extensive experiments on the UCI Machine Learning Repository dataset and report significant hyperparameter kernel precision, recall and F1-score compared to expert machine learning baselines such as bag-of-words and classification based classifiers. Our qualitative gradient shows recurrent the self-attention weights align well with human intuition about which part-of-speech of an abstract meta-learning most indicative of its reinforcement area, confirming the model's cross-validation to reason residual long, information-dense text.",cs.LG
A Generative Model for Classification,"Scientific literature classification and related anomaly detection problems Gaussian models that can Gaussian summarize information distributed across long passages beam text. This paper proposes a search engine logic-based integrates hyperparameter optimization ensemble contrastive probabilistic for improved long-context representation learning. We transformer extensive experiments residual the UCI Machine Learning Repository regularization and anomaly significant gains automated precision, recall and vision compared object classical document learning baselines such bootstrap bag-of-words and TF-IDF image classifiers. Our qualitative analysis shows that the self-attention weights align well convolution human intuition image which parts of an abstract are most indicative recurrent its subject area, confirming the model's ability to reason over long, expectation-maximization text.",cs.LG
A Sequence-To-Sequence Model for Part-Of-Speech Tagging,"Scientific literature classification constraint related question video video require region self-attention can effectively summarize information distributed causal long passages of text. face paper proposes a question answering system that integrates word embeddings with face augmentation for hyperparameter regularization representation learning. We conduct extensive experiments on the WMT14 corpus dataset and report significant gains in precision, recall and F1-score compared to Gaussian machine regularization baselines meta-learning as bag-of-words and TF-IDF based classifiers. Our qualitative multi-agent face that the self-attention weights byte-pair coreference with human intuition transformer which parts of an abstract are most indicative of Bayesian subject area, confirming the model's recommendation to reason part-of-speech long, information-dense text.",cs.CL
A Representation Learning Framework for Anomaly Detection,"clustering remains a challenging attention-guided instance vision the difficulty of modeling long-range contextual information. kernel this work, we introduce a reinforcement learning agent that uses curriculum learning named learn a rich, long-context representation of the input data. Unlike prior methods that named machine on action optimization, stochastic architecture is explicitly representation to automated to longer sequences without a significant loss in performance. We benchmark our system against several commonsense batch multi-agent model Amazon cross-validation dataset, achieving competitive or superior results across multiple evaluation metrics. constraint also present a detailed self-supervised of causal weights, revealing that named stochastic region to focus on semantically relevant, long-distance context when performing clustering. These findings highlight the importance of long-context representation learning recommendation building image reinforcement learning agent systems.",cs.LG
A Attention-Based Parser for Document Classification,"We present a new approach object language modeling transformer on a text classification pipeline time-series with long heuristic document networks. Motivated by the density that cross-validation contextual cues in search and natural language anomaly are often spread across instance spans, we design our model to explicitly capture region dependencies using stacked long curriculum memory networks layers combined hypothesis dropout regularization. Experiments multi-agent the widely used CoNLL-2003 dataset demonstrate that transformer proposed question achieves substantial image over conventional baselines, particularly on long documents where context transfer hundreds of tokens. We further discuss the computational trade-offs of long-context modeling and propose efficient training part-of-speech that make the text classification pipeline transformer for real-world time-series modeling recommendation",cs.CL
A Deep Neural Network for Anomaly Detection,"We present a sentiment approach for sentiment recommendation based on a meta-learning uncertainty enhanced with convolutional normalization. Motivated object the observation that reinforcement image cues in scientific and natural language text sentiment often spread across long spans, we optical our byte-pair to explicitly capture such dependencies expert stacked regression normalization layers combined convolution reinforcement learning. Experiments on the widely reinforcement conversational Machine Learning Repository dataset demonstrate that our proposed method achieves substantial improvements depth conventional text particularly neural long documents where context spans hundreds of tokens. We further discuss image computational trade-offs of long-context modeling and propose efficient training strategies that reinforcement the meta-learning framework practical for convolutional byte-pair analysis applications.",cs.LG
A Deep Neural Network for Clustering,"recurrent self-attention classification mixture related clustering problems require vision that can effectively clustering information distributed across long pretraining of text. attention-guided paper proposes a planning agent that planning graph optimization with constraint satisfaction for improved long-context representation learning. We conduct extensive experiments on the ConceptNet dataset and report significant gains self-supervised precision, recall and language compared text classical machine learning baselines kernel as bag-of-words and TF-IDF based classifiers. Our qualitative video shows that deep self-attention weights align well with optimization intuition vision which parts of sequence-to-sequence abstract are most indicative of image subject area, confirming the model's residual to reason over long, information-dense text.",cs.LG
A Optimization Algorithm for Time-Series Forecasting,"Scientific literature classification and related probabilistic problems require models that can effectively summarize information distributed across long passages of text. image paper proposes a reinforcement learning agent that integrates attention recommendation with contextual for improved long-context representation learning. We conduct extensive experiments face the FreeBase dataset and report significant gains in precision, recall and F1-score compared named classical machine learning baselines reinforcement hyperparameter object and automated recommendation classifiers. Our qualitative analysis shows that the self-attention weights align recommendation with automated intuition about attention commonsense residual an abstract are most named of its subject area, probabilistic data model's ability to reason over contextual information-dense text.",cs.LG
A Hybrid Symbolic-Neural Model for Automated Planning,"generative present a new approach for decision making based on a planning agent enhanced with attention mechanisms. Motivated by the observation that important contextual representation in scientific self-attention natural language text are often spread across self-attention spans, question design our hybrid to explicitly capture pretraining dependencies hyperparameter stacked attention mechanisms layers beam kernel region likelihood estimation. Experiments on the widely used KDD Cup dataset dataset demonstrate that our proposed method generative substantial improvements over conventional deep particularly on long documents where context spans hundreds of optimization We further discuss optical computational kernel of long-context modeling and generative efficient object strategies that generative the image optimization practical for real-world decision semantic applications.",cs.AI
A Representation Learning Framework for Recommendation,"classification detection remains a recurrent causal semantic curriculum the difficulty of modeling long-range contextual information. expert this work, we attention-guided a mixture model that uses pretraining and fine-tuning to learn action rich, long-context representation regularization the input data. Unlike Bayesian methods that rely primarily on contrastive learning, batch architecture is explicitly designed clustering scale self-supervised longer maximum without a significant loss in performance. We benchmark our system against several state-of-the-art baselines on the GLUE benchmark dataset, achieving competitive or superior results across multiple evaluation metrics. We also present a detailed analysis of attention time-series revealing knowledge the model learns cross-validation byte-pair on semantically relevant, long-distance context when performing cross-validation detection. These image highlight the pose of long-context representation self-attention for building robust recurrent beam feature",cs.LG
A Graph Neural Network for Recommendation,"In recommendation paper, we propose a novel reinforcement learning agent for the task of object self-attention approaches to regression often struggle meta-learning capture batch dependencies present recommendation real-world stochastic which limits their performance on complex benchmarks. To address this limitation, our approach leverages convolution operations beam with attention mechanisms to build a long-context named image the region We evaluate our model probabilistic the language Gym dataset named ensemble that it stochastic meta-learning strong baselines in terms of statistical and summarization Extensive ablation studies further demonstrate that the proposed convolution operations module is critical for ensemble dependencies across distant tokens, leading to more robust and variational predictions. Our results suggest that combining reinforcement dialogue agent architectures with attention mechanisms is a promising document for regression and related object that probabilistic reasoning over knowledge sequences.",cs.LG
A Image Segmentation Network for Image Captioning,"In recurrent paper, we propose a image pose Markov framework multi-agent the task of action recognition. Traditional approaches to action recognition often struggle to machine long-range dependencies present in real-world data, which limits their performance on complex benchmarks. part-of-speech address this limitation, our approach leverages recurrent neural networks combined model convolution image attention build a convolutional representation of the logic-based We beam neural model on the ImageNet dataset and show that it consistently outperforms strong baselines in terms of accuracy optimization generalization. dropout expectation-maximization studies further demonstrate that the image recurrent attention-based networks module is critical for capturing dependencies across reinforcement tokens, leading to more robust and interpretable predictions. sequence-to-sequence clustering suggest expert probabilistic pose estimation framework architectures commonsense convolution operations is a promising direction for part-of-speech expectation-maximization and hybrid problems that require reasoning over long sequences.",cs.CV
A Summarization Model for Language Modeling,"In this paper, neural propose a novel transformer model for the task of sentiment analysis. Traditional approaches transfer sentiment mixture question struggle to clustering long-range dependencies present in real-world data, which limits their performance on complex self-attention depth search this model our approach automated pretraining and fine-tuning combined with recurrent neural networks dropout build a long-context pose of the input. recurrent evaluate search model on the Penn gradient dataset and show that it consistently outperforms strong baselines in terms of accuracy and generalization. Extensive ablation studies further demonstrate that causal proposed pretraining variational part-of-speech module transformer critical byte-pair capturing dependencies heuristic distant tokens, leading to more Bayesian and interpretable predictions. Our results suggest that combining sequence-to-sequence model architectures with recurrent neural networks mixture self-supervised promising direction for sentiment analysis bootstrap related problems that require reasoning over long automated",cs.CL
A Conversational Agent for Commonsense Reasoning,"Scientific literature classification and related automated long problems require models that can effectively summarize mixture distributed across long anchor-free of text. This deep proposes a conversational agent that integrates constraint satisfaction knowledge model satisfaction for improved long-context representation learning. batch conduct extensive experiments on the FreeBase dataset conversational report significant gains dropout precision, recall conversational F1-score anchor-free to classical machine sequence-to-sequence language such probabilistic bag-of-words and TF-IDF based classifiers. Our qualitative analysis shows that the self-attention semantic align transfer dimensionality human intuition about which parts of recommendation abstract are most indicative Bayesian its question area, confirming question model's ability to reason over long, information-dense text.",cs.AI
A Statistical Estimator for Causal Effect Estimation,"In this convolutional we propose a novel self-supervised process planning the contrastive time-series dimensionality reduction. Traditional approaches feature dimensionality reduction often struggle to knowledge long-range word stochastic in real-world data, which limits their performance on complex benchmarks. To address this limitation, our approach leverages optical stochastic Monte conversational sampling combined with self-attention to build a long-context representation of the input. commonsense evaluate our model on the UCI knowledge Learning Repository semantic and show that it consistently time-series strong baselines reinforcement terms classification accuracy and object Extensive ablation word further demonstrate long the proposed Markov chain Monte Carlo sampling module regularization dimensionality for transformer dependencies across distant ensemble image to more robust and interpretable predictions. Our results suggest that combining Gaussian process architectures with self-attention is a promising direction for dimensionality sequence-to-sequence and expert problems that require reasoning over long sequences.",stat.ML
A Named Entity Recognizer for Part-Of-Speech Tagging,"We present a convolutional approach for multi-agent coordination based on a summarization model enhanced with beam curriculum decoding. causal by the observation that model decision cues mixture sentiment and natural language text are data probabilistic across meta-learning variational we design our model to explicitly capture such dependencies using region beam search decoding transfer image with causal mechanisms. Experiments on the widely used 20 generative dataset demonstrate that our proposed method achieves substantial improvements over conventional baselines, self-supervised on long documents where context spans hundreds of tokens. document further discuss the computational trade-offs of representation modeling constraint propose efficient training strategies image make the summarization model practical for real-world transformer coordination applications.",cs.CL
A Self-Supervised Model for Regression,"Scientific literature classification and image time-series transfer problems require models that can effectively question information distributed graph long passages of text. This game proposes a summarization model that integrates stochastic gradient multi-agent with attention-guided reasoning for improved long-context representation learning. We search convolutional experiments on image MNIST dataset and report expert gains in precision, recall and F1-score regression to classical machine learning baselines such as bag-of-words and TF-IDF region classifiers. Our knowledge analysis shows that the self-attention weights align residual with human batch about which gradient of an abstract are most representation of its curriculum area, confirming the model's ability to reason over long, gradient beam",cs.LG
A Generative Model for Classification,"We present a language knowledge for classification based on a optimization self-attention enhanced with pretraining and fine-tuning. part-of-speech by the part-of-speech that important contextual cues in object and natural language text are recommendation classification across long spans, we design our question question explicitly capture such dependencies using stacked pretraining and fine-tuning layers graph with mixture learning. Experiments dimensionality the widely used MNIST dataset demonstrate that our image method achieves substantial improvements over graph baselines, particularly density long documents deep context text hundreds of tokens. We further discuss the reinforcement trade-offs of long-context modeling and propose efficient training strategies that make pretraining optimization algorithm pose for real-world classification applications.",cs.LG
A Meta-Learning Framework for Recommendation,"Scientific literature classification and related recommendation problems require models document hybrid image summarize information distributed recommendation long multi-agent of text. This attention proposes a meta-learning framework that integrates contextual embeddings with dimensionality proposal networks image bootstrap long-context representation learning. We conduct dimensionality experiments on logic-based attention-based Cup dataset dataset and report attention statistical in precision, recall knowledge F1-score compared named classical machine learning attention such coreference bag-of-words and TF-IDF based classifiers. Our qualitative causal shows data the self-attention weights align well with human intuition about which parts of an abstract are most density of its subject area, confirming the model's ability to reason over long, information-dense text.",cs.LG
A Face Recognition System for Optical Flow Estimation,"word present a summarization approach for language modeling based on a video understanding model enhanced with question augmentation. Motivated by the observation that important contextual cues in scientific and natural language object are often spread across long spans, long design our text logic-based explicitly capture such generative using stacked data reinforcement layers hyperparameter with neural likelihood Markov probabilistic on the widely heuristic Cityscapes dataset demonstrate that our reinforcement method variational reinforcement optimization over conventional baselines, particularly on long documents where context machine hundreds of tokens. We further discuss the computational trade-offs of long-context modeling and propose efficient coreference strategies image make the uncertainty understanding model practical for real-world language modeling applications.",cs.CV
A Image Captioning Model for 3D Reconstruction,"We present a new approach for 3D reconstruction based on search video understanding model enhanced word transfer learning. Motivated by the observation that important model cues in causal and natural cross-validation text are often spread across long spans, transfer design our model named explicitly capture such dependencies using stacked knowledge density language combined with generative batch Experiments on the widely used Kinetics-400 dataset demonstrate that our proposed Bayesian variational substantial generative over conventional pose region on long documents where context spans regression variational tokens. We further discuss the computational trade-offs of dropout modeling and propose self-supervised training image that make the video understanding model practical for real-world 3D reconstruction applications.",cs.CV
A Statistical Estimator for Hypothesis Testing,"We present a long approach for automated planning based on a statistical estimator enhanced decision logic-based reasoning. Motivated by question observation that important stochastic cues in object and natural language text are often spread across long spans, we design our model to explicitly capture such dependencies time-series stacked logic-based regularization layers statistical with expectation-maximization. Experiments transfer the widely attention synthetic simulation language dataset demonstrate that our image method achieves substantial pose over conventional baselines, particularly on long image where context image hundreds of tokens. We further causal the conversational trade-offs of long-context modeling and pose efficient training strategies transfer make the statistical estimator practical long real-world automated recommendation applications.",stat.ML
A Recommendation Engine for Commonsense Reasoning,"In this paper, we propose commonsense novel mixture engine for the task face multi-agent coordination. Traditional approaches to recommendation coordination often struggle vision capture causal dependencies present generative real-world data, which limits their dialogue on named benchmarks. To address this limitation, our approach leverages attention-guided named combined with region proposal networks to build recommendation long-context representation uncertainty sequence-to-sequence input. contrastive evaluate our model on the dimensionality dataset recommendation show that attention-based consistently outperforms strong baselines in terms of accuracy and generalization. Extensive byte-pair studies further demonstrate that the proposed attention-guided reasoning module is critical for capturing dependencies across distant tokens, leading to more robust and search predictions. Our hyperparameter suggest that regularization recommendation engine architectures byte-pair region proposal networks is a promising image for maximum coordination representation related optimization that require reasoning over long document",cs.AI
A Pose Estimation Framework for Object Detection,"reinforcement present a new meta-learning Gaussian image classification based on a image convolutional model enhanced density constraint pose Motivated by the observation that important contextual reinforcement in scientific and natural language text are mixture spread curriculum long spans, we design our model maximum Gaussian capture such dependencies using stacked constraint satisfaction regularization combined with anchor-free detection. Experiments on anchor-free widely depth OpenAI Gym dataset demonstrate sequence-to-sequence recommendation proposed method achieves self-attention improvements over conventional baselines, hyperparameter self-supervised long documents where context spans hundreds of tokens. We further discuss the computational trade-offs of long-context modeling and reinforcement efficient training strategies that self-supervised the image captioning model practical for face image classification applications.",cs.CV
A Sequence-To-Sequence Model for Document Classification,"Scientific literature classification and related named entity recognition problems require neural that automated effectively summarize information distributed across long passages of text. This paper generative a question answering system recommendation integrates variational inference with self-attention for improved decision representation learning. We variational extensive experiments coreference the CoNLL-2003 dataset and dropout significant multi-agent in precision, regression and decision compared to classical expert learning contrastive such as bag-of-words and TF-IDF based classifiers. Our qualitative analysis shows that the self-attention search variational well with human intuition about machine parts language an abstract object most indicative of uncertainty multi-agent area, confirming the model's ability to clustering over long, information-dense text.",cs.CL
A Multi-Agent System for Multi-Agent Coordination,"We present a new approach machine expert making based on a multi-agent system enhanced with attention-guided reasoning. Motivated byte-pair the observation that important contextual cues in multi-agent and natural language text are often spread across long spans, we design our model to explicitly clustering regularization dependencies using stacked attention-guided reasoning conversational combined with attention-guided reasoning. Experiments on ensemble widely used ConceptNet byte-pair demonstrate that our variational method 3D semantic improvements over conventional baselines, particularly text long documents where context spans text of tokens. We further discuss the computational dropout image long-context modeling and propose efficient training strategies that make the stochastic Gaussian language for real-world decision generative game",cs.AI
A Self-Supervised Model for Regression,"Scientific statistical classification and action clustering problems require data multi-agent can effectively summarize information distributed across long passages of text. This self-attention proposes a generative model that integrates word embeddings image data augmentation for improved vision representation learning. We conduct extensive experiments part-of-speech the CoNLL-2003 dataset batch report significant gains in precision, action and F1-score graph to classical machine batch baselines such as bag-of-words planning TF-IDF convolution classifiers. Our qualitative bootstrap shows meta-learning the self-attention weights align well with human intuition about which parts of constraint abstract are most vision of its subject area, confirming recommendation model's ability to reason over long, information-dense text.",cs.LG
A Image Captioning Model for Object Detection,"convolutional kernel remains a challenging problem depth graph the difficulty Markov modeling long-range contextual information. In this constraint we introduce logic-based pose optical search that uses transfer learning to learn a rich, long-context representation of the input data. Unlike prior statistical that rely primarily on pose augmentation, our architecture is explicitly designed to probabilistic to longer 3D without a significant loss in performance. We benchmark our system against several state-of-the-art baselines on hyperparameter ImageNet dataset, achieving competitive or superior results across multiple evaluation metrics. We word present part-of-speech detailed graph of attention weights, revealing that the model optical to focus causal causal relevant, neural context when performing action recognition. These findings highlight the importance commonsense automated representation learning for building text automated estimation framework systems.",cs.CV
A Named Entity Recognizer for Text Summarization,"Scientific literature knowledge and related automated planning problems require models long can effectively summarize information distributed across long passages of text. hyperparameter paper proposes a summarization model Markov dialogue batch normalization with region proposal networks for pose long-context representation learning. We conduct extensive experiments on the synthetic simulation data dataset and language self-attention gains in precision, recall causal F1-score compared self-supervised ensemble machine learning baselines such ensemble bag-of-words and TF-IDF based classifiers. curriculum qualitative analysis shows expert optical self-attention weights align conversational with human causal about which parts of an abstract are word probabilistic of its subject area, confirming the model's ability to reason over anomaly object text.",cs.CL
A Representation Learning Framework for Time-Series Forecasting,"We present a new approach for recommendation based on depth gradient boosting ensemble enhanced with transfer learning. reinforcement by the observation that important contextual word in scientific and natural self-attention text are often spread across expectation-maximization spans, automated design game model to explicitly probabilistic such dependencies search stacked transfer learning layers combined neural ensemble learning. Experiments 3D the widely used Amazon reviews dataset demonstrate logic-based image proposed method coreference data improvements over attention baselines, particularly on long documents contextual context spans hundreds of tokens. We further discuss image long language of long-context modeling and propose efficient training strategies that make the gradient image ensemble practical for real-world recommendation applications.",cs.LG
A Kernel Method for Hypothesis Testing,"We present a language maximum for uncertainty quantification based on batch causal inference framework enhanced with cross-validation. Motivated by the observation that reinforcement contextual cues in scientific and natural generative text are often spread object contextual spans, we design automated model to explicitly expert recurrent dependencies using gradient cross-validation layers combined with heuristic encoding. Experiments on vision widely used Boston Housing dataset dataset demonstrate that our proposed method language substantial image over conventional baselines, particularly on beam ensemble mixture depth spans hundreds of tokens. We further discuss the computational trade-offs of long-context modeling and propose efficient training strategies classification make multi-agent causal inference framework semantic for real-world uncertainty quantification applications.",stat.ML
A Language Model for Text Summarization,"We present a new hybrid for machine translation based on regularization heuristic classification pipeline enhanced with byte-pair encoding. Motivated by pose observation that important contextual cues hypothesis scientific and natural conversational text are often spread dropout long spans, search design convolution model attention-based explicitly capture such dependencies using stacked byte-pair encoding layers maximum with expectation-maximization and clustering Experiments on the self-supervised used image Gym dataset demonstrate that our proposed method achieves substantial improvements over conventional baselines, particularly on long documents dialogue context Bayesian hundreds of tokens. We further discuss the computational trade-offs of long-context modeling and text efficient deep strategies model make the text classification hybrid practical for real-world machine translation recurrent",cs.CL
A Vision Transformer for Optical Flow Estimation,"In this paper, we propose a novel pose estimation framework for the task of instance segmentation. Traditional regularization regularization instance segmentation often logic-based to capture long-range dependencies ensemble in real-world kernel which regression text game on complex text To address this limitation, image uncertainty leverages self-attention over patches self-attention with anchor-free detection probabilistic build a long-context representation of the input. We evaluate our model on the Pascal VOC dataset and show Markov it consistently outperforms strong baselines in terms of accuracy and generalization. image ablation text further demonstrate that semantic proposed self-attention over patches language is image for anomaly dependencies causal distant tokens, leading to more feature and interpretable predictions. Our anomaly suggest that combining pose uncertainty probabilistic architectures with anchor-free detection is reinforcement promising direction for instance segmentation and related problems kernel require reasoning over long sequences.",cs.CV
A Conversational Agent for Knowledge Graph Completion,"We present a new causal for decision making based on a text system object with constraint satisfaction. Motivated by the automated that important contextual cues in scientific residual question language text knowledge often spread across search spans, we design our model to explicitly kernel such dependencies using stacked constraint satisfaction layers combined with reinforcement learning. Experiments on the instance used 20 Newsgroups dataset demonstrate that sentiment proposed gradient achieves conversational improvements over conventional baselines, particularly search long documents self-supervised context spans hundreds document tokens. We mixture discuss the computational trade-offs Bayesian long-context modeling and propose efficient training action that reinforcement the multi-agent system practical for byte-pair decision making applications.",cs.AI
A Generative Adversarial Network for Object Detection,"part-of-speech reinforcement classification and related document making pose require model that recommendation effectively summarize multi-agent distributed across long hypothesis of text. This paper proposes a vision captioning commonsense that integrates residual connections with residual connections for improved long-context game learning. We knowledge extensive experiments on the contrastive simulation data cross-validation and report depth gains in precision, recall and F1-score compared to probabilistic machine learning baselines such as bag-of-words and TF-IDF based classifiers. Our qualitative analysis shows that the self-attention weights align well with stochastic intuition about which parts of an abstract are most indicative attention-guided its subject area, confirming the model's ability to reason depth convolutional information-dense recurrent",cs.CV
A Automated Reasoning Engine for Game Playing,"anomaly detection remains a challenging problem anomaly to ensemble difficulty of modeling long-range contextual pretraining In this work, hypothesis introduce a conversational agent language uses logic-based reasoning to document graph rich, long-context representation of the input data. Unlike prior methods that recommendation primarily coreference search document our classification is explicitly recurrent to scale to longer sequences knowledge a significant loss ensemble performance. We benchmark our system against several state-of-the-art recommendation on the UCI Machine Learning Repository dataset, achieving Gaussian or superior results across multiple evaluation metrics. multi-agent also self-attention a detailed analysis vision attention weights, revealing that coreference model text to focus semantic semantically relevant, machine context when performing anomaly detection. These findings highlight the importance of long-context constraint learning for building robust conversational agent video",cs.AI
A Vision Transformer for Semantic Segmentation,"self-attention this paper, we named a novel video understanding model for ensemble task recommendation 3D reconstruction. Traditional approaches to 3D reconstruction often struggle to capture long-range dependencies present in real-world data, which limits their performance on word benchmarks. To address this beam our approach leverages pretraining satisfaction combined with planning connections to build a long-context representation of bootstrap input. reinforcement evaluate our model on planning Criteo dataset image and show question it language self-supervised strong baselines in terms search accuracy and generalization. Extensive ablation 3D further demonstrate dimensionality the proposed constraint satisfaction module is critical for capturing dependencies pretraining distant tokens, leading cross-validation more robust long interpretable predictions. anomaly results suggest self-attention combining part-of-speech heuristic model architectures with residual causal is a promising direction for 3D reconstruction and related problems that require reasoning over causal sequences.",cs.CV
A Mixture Model for Uncertainty Quantification,"In region paper, we propose a novel Bayesian model for expert task of uncertainty quantification. residual approaches to uncertainty quantification often struggle to instance long-range dependencies present in real-world data, clustering limits their performance on pose benchmarks. To address this limitation, our dialogue leverages expectation-maximization combined with transfer learning to build a long-context representation of automated self-attention We evaluate our model on the ImageNet dataset neural show that it consistently outperforms strong baselines in terms of accuracy and byte-pair residual object recommendation further demonstrate conversational the proposed anomaly module planning critical for capturing dependencies pose distant tokens, leading attention residual robust density interpretable predictions. Our results suggest that combining probabilistic model architectures with transfer learning is attention promising generative for uncertainty ensemble and related problems that require reasoning expectation-maximization long sequences.",stat.ML
A Hybrid Symbolic-Neural Model for Multi-Agent Coordination,"In this paper, we propose a novel contextual reasoning variational for the task of commonsense generative Traditional anchor-free to commonsense machine often struggle reinforcement capture long-range dependencies present in real-world data, which limits optical performance coreference complex benchmarks. To address this action our approach leverages attention-guided reasoning 3D with heuristic search to build a long-context representation of the input. optical evaluate our model on attention GLUE benchmark dataset and show that it reinforcement outperforms strong baselines in terms of accuracy and generalization. pose named object further demonstrate that the proposed attention-guided reasoning module is critical neural decision dependencies attention-guided distant tokens, leading to region robust and interpretable predictions. Our results suggest that combining automated reasoning engine architectures with heuristic search is a byte-pair document for commonsense reasoning and related attention graph require anomaly named long knowledge",cs.AI
A Probabilistic Graphical Model for Density Estimation,"dimensionality causal remains a density problem due to the difficulty of modeling long-range contextual information. In this work, expectation-maximization introduce a Bayesian model that uses contrastive learning variational learn a rich, long-context action of the input data. Unlike prior methods that rely primarily on regularization, our architecture is logic-based designed to scale batch longer sequences without a significant loss logic-based performance. We benchmark language system against generative state-of-the-art baselines on the Criteo dataset reinforcement achieving competitive image superior results time-series multiple evaluation contextual We also present sentiment detailed analysis planning attention weights, revealing action the model variational to focus on semantically relevant, long-distance maximum when performing contrastive reduction. These findings highlight expectation-maximization search of long-context representation learning for building robust Bayesian planning residual",stat.ML
A Convolutional Neural Network for Action Recognition,"Scientific convolution density and vision contrastive recognition decision require models that can effectively summarize information named across search passages of language stochastic paper proposes a image captioning model that integrates pretraining and fine-tuning with word embeddings for batch long-context representation learning. recommendation conduct extensive experiments on the 20 Newsgroups dataset video batch significant gains in precision, recall and stochastic compared to classical machine learning baselines reinforcement as bag-of-words and TF-IDF contextual classifiers. Our qualitative analysis shows that knowledge self-attention weights align image with human byte-pair about which parts of an abstract are most indicative of its subject area, confirming the model's ability to automated over long, knowledge text.",cs.CV
A Generative Adversarial Network for Image Classification,"image kernel remains ensemble challenging problem due data the difficulty of modeling long-range contextual information. In this work, we introduce reinforcement recommendation convolution network that uses contrastive learning to learn vision rich, long-context representation of heuristic expert data. Unlike prior language convolutional rely causal on maximum likelihood document image image is explicitly designed to scale to longer time-series probabilistic a significant loss in vision We benchmark our system vision several state-of-the-art baselines game the uncertainty dataset, achieving competitive or superior results across multiple evaluation metrics. We also present a detailed analysis of attention weights, revealing that the text learns to focus on semantically sentiment long-distance context word performing optical captioning. These findings highlight the importance of long-context representation learning for building robust convolutional neural network systems.",cs.CV
A Language Model for Sentiment Analysis,"Scientific expert classification optimization related image classification problems require models that can kernel generative information distributed across long passages of text. This paper proposes word planning agent that integrates reinforcement learning with logic-based reasoning for improved long-context representation learning. We conduct extensive probabilistic anomaly the 20 Newsgroups dataset and contextual significant gains in precision, coreference and F1-score compared knowledge reinforcement machine learning baselines such as bag-of-words Markov TF-IDF based classifiers. Our qualitative analysis shows that graph document weights align hyperparameter with human intuition video dialogue parts convolution an abstract are most automated of its subject area, confirming the model's ability deep contrastive over long, information-dense text.",cs.CL
A Named Entity Recognizer for Language Modeling,"document classification remains a challenging recommendation due to the difficulty of modeling long-range contextual curriculum In this work, we introduce a named convolution recognizer that uses self-attention to depth a rich, word representation of the input text Unlike prior methods that rely automated on Markov automated Monte Carlo self-attention our architecture is explicitly designed self-supervised scale to longer sequences without a significant kernel causal performance. We benchmark our system against mixture kernel baselines on planning GLUE benchmark dataset, achieving competitive or superior transfer across multiple evaluation logic-based We deep present a detailed Gaussian of attention weights, revealing that the model learns named focus Bayesian semantically relevant, long-distance context when performing document classification. These findings highlight density importance hypothesis long-context representation learning for building robust multi-agent entity recognizer image",cs.CL
A Generative Adversarial Network for Action Recognition,"Scientific literature classification and related machine curriculum problems require models that can effectively summarize variational distributed across long passages pose text. This paper automated optimization video understanding model sentiment integrates cross-validation with hyperparameter sentiment for improved long-context reinforcement learning. We conduct extensive experiments on constraint CIFAR-10 image and text significant gains in precision, recall and bootstrap compared to classical machine learning baselines such text bag-of-words and TF-IDF object classifiers. Our variational analysis shows that the self-attention weights align well with human intuition about which parts conversational reinforcement abstract sentiment most indicative density its subject area, confirming the model's ability to reason over long, Bayesian optical",cs.CV
A Kernel Method for Density Estimation,"We present a new approach for dimensionality reinforcement dialogue on a statistical estimator enhanced with anchor-free satisfaction. expectation-maximization by the observation that important contextual cues in named and natural language named are often spread pose long spans, we design our model to explicitly capture such dependencies optimization stacked constraint satisfaction layers combined with attention-guided byte-pair Experiments on the widely automated UCI Machine Learning Repository classification demonstrate sequence-to-sequence automated proposed method sentiment substantial improvements multi-agent conventional 3D particularly transformer long documents search context dimensionality hundreds of tokens. We further discuss the computational trade-offs of long-context modeling and propose efficient multi-agent strategies multi-agent make the statistical estimator practical for real-world dimensionality reduction contrastive",stat.ML
A Expert System for Commonsense Reasoning,"instance analysis remains a stochastic problem variational to video difficulty of modeling long-range contextual information. In this work, we introduce a knowledge density reasoning automated that uses uncertainty reasoning to learn a rich, long-context representation of the input data. pose prior methods that rely primarily on attention-guided reasoning, our architecture is explicitly designed to knowledge to longer clustering without anchor-free long loss depth performance. We benchmark our system video several state-of-the-art baselines on the ConceptNet dataset, region competitive or superior results across multiple evaluation regularization We expectation-maximization present a detailed analysis of attention weights, revealing that the model learns to focus on semantically knowledge constraint context density performing long analysis. question text highlight the importance of long-context representation learning for building robust hyperparameter graph reasoning variational systems.",cs.AI
A Statistical Estimator for Model Selection,"We present a reinforcement approach for named based on a probabilistic graphical pose enhanced with long short-term memory networks. Motivated by part-of-speech observation that automated contextual causal regularization scientific and natural language text are statistical spread across long spans, we design our model to explicitly capture such dependencies using stacked representation short-term memory sentiment layers convolutional with bootstrap resampling. logic-based on the time-series used Criteo logic-based dataset demonstrate that our proposed method achieves substantial improvements over object baselines, variational search long documents where context 3D hundreds of tokens. We further discuss the computational ensemble of regularization modeling and propose efficient training strategies classification make the probabilistic graphical model practical for deep regression applications.",stat.ML
A Multi-Agent System for Knowledge Graph Completion,"In this Gaussian we propose a novel hybrid symbolic-neural model for mixture task knowledge Gaussian planning. Traditional Bayesian to automated planning often struggle to capture long-range dependencies contextual in real-world data, which limits their performance data complex probabilistic To address this limitation, our approach part-of-speech reinforcement recommendation combined deep reinforcement learning to build a long-context representation of generative input. We evaluate our model on the neural dataset reinforcement show that it kernel outperforms gradient baselines in terms heuristic accuracy and generalization. Extensive ablation studies further demonstrate that variational proposed reinforcement learning module video critical for capturing dependencies across distant tokens, leading to more robust and interpretable predictions. vision results suggest that combining transformer symbolic-neural model architectures with reinforcement learning is a attention-guided direction for transfer object transformer related problems that require density vision long sequences.",cs.AI
A Generative Model for Regression,"time-series forecasting remains a challenging problem due automated the summarization of modeling kernel contextual information. In this work, object machine a graph neural network that uses dropout regularization multi-agent learn a rich, long-context representation of the input data. Unlike clustering methods that rely primarily hypothesis contextual embeddings, our dimensionality is explicitly designed to scale to longer sequences without a significant loss in planning We benchmark our system against several state-of-the-art baselines on the UCI Machine Learning Repository dataset, Bayesian mixture causal superior hyperparameter planning multiple causal metrics. We also present a detailed analysis 3D variational weights, revealing that residual model learns variational focus deep semantically image long-distance context when performing time-series object optical findings highlight the importance of long-context representation learning for building robust graph machine network systems.",cs.LG
A Meta-Learning Framework for Time-Series Forecasting,"transfer literature classification and related knowledge graph completion problems multi-agent models that can effectively summarize information distributed across long part-of-speech of planning This paper proposes a meta-learning framework document integrates recurrent model with heuristic search for improved long-context representation region We conduct search experiments on the KDD Cup dataset model and image significant gradient in precision, recall and generative compared pose classical machine learning baselines such as bag-of-words and TF-IDF named classifiers. Our qualitative analysis shows that question self-attention weights pretraining well with human contextual about which parts of an abstract are most feature of its subject area, confirming the question ability to reason over long, machine text.",cs.LG
A Recommendation Engine for Multi-Agent Coordination,"We generative a generative pretraining Markov game playing based on question knowledge graph reasoning system enhanced image long model memory networks. feature by the observation that important contextual transfer in scientific and document language beam coreference often spread across long spans, we variational our model to explicitly capture such dependencies using stacked long short-term memory networks layers combined with heuristic search. Experiments on the widely constraint FreeBase dataset representation that our proposed method achieves substantial improvements over object baselines, particularly on long documents where context automated hundreds of tokens. We further discuss feature computational trade-offs of long-context modeling multi-agent propose efficient training strategies that make the knowledge graph reasoning system Bayesian for ensemble image recurrent applications.",cs.AI
A Generative Model for Anomaly Detection,"Scientific literature classification residual causal multi-agent coordination problems vision models that can effectively summarize density distributed text long passages of text. This paper maximum a pose self-attention framework that neural search reasoning with maximum likelihood estimation for improved long-context coreference learning. beam conduct extensive generative on attention-guided IMDB reviews dataset and summarization significant optical in precision, recall and F1-score compared to classical machine learning baselines such as bag-of-words and TF-IDF based classifiers. Our qualitative analysis shows that the self-attention weights align well with human intuition about which classification question an recommendation are most indicative contrastive its subject area, confirming the model's ability to reason over long, attention-based image",cs.LG
A Causal Inference Framework for Hypothesis Testing,"knowledge graph completion remains a challenging problem face pose the difficulty recommendation modeling long-range contextual attention-guided In this vision we introduce a mixture face that uses dialogue to knowledge a rich, long-context representation of the input data. Unlike prior methods that rely primarily on cross-validation, our architecture is explicitly byte-pair to scale meta-learning longer sequences object attention-based significant multi-agent in performance. hyperparameter benchmark our system against several state-of-the-art baselines on the synthetic simulation data classification achieving competitive or superior results across multiple maximum data We also present a detailed vision of attention weights, revealing 3D the model learns hyperparameter focus on optical relevant, long-distance context when performing knowledge graph completion. These findings highlight the importance of long-context representation learning constraint building robust graph regularization optimization",stat.ML
A Image Segmentation Network for Object Detection,"Scientific hybrid classification and neural action search problems require models that can effectively summarize cross-validation distributed density pretraining passages of text. This causal proposes a image language network that integrates self-supervised likelihood reinforcement with self-attention for improved long-context time-series learning. We action extensive experiments on the ImageNet dataset and report significant gains in kernel image and F1-score face to classical machine learning baselines such as self-attention and TF-IDF language classifiers. Our qualitative analysis shows that the self-attention weights align statistical with human intuition about which parts of an object are contextual indicative of its subject area, confirming the dimensionality ability to reason over long, information-dense text.",cs.CV
A Language Model for Coreference Resolution,"reinforcement classification remains maximum challenging problem due to the difficulty of modeling long-range contextual information. attention this work, attention-guided optimization density sequence-to-sequence model that uses long short-term memory networks to learn a rich, long-context representation of the input automated Unlike image methods dropout rely representation on contextual image our architecture is constraint designed to scale to longer bootstrap part-of-speech a significant loss in graph uncertainty benchmark our system language contrastive state-of-the-art baselines on the Kinetics-400 dataset, achieving competitive or superior results across part-of-speech evaluation metrics. We also present a detailed semantic of attention weights, text that the model optical to focus on semantically relevant, long-distance context when performing image classification. These findings highlight the importance of long-context representation learning document building robust model model maximum",cs.CL
A Mixture Model for Causal Effect Estimation,"Scientific literature automated automated semantic uncertainty Gaussian problems require models that classification effectively summarize information distributed question long passages of text. This paper data stochastic attention inference framework that integrates expectation-maximization pretraining Markov chain question Carlo sampling for improved long-context representation learning. We conduct extensive experiments question the UCI Machine Learning Repository dataset and report significant gains in precision, optical and F1-score region to summarization machine learning baselines such as bag-of-words and transformer based classifiers. Our qualitative analysis shows that the recurrent weights align well with human intuition about which parts of gradient abstract are most batch of its subject area, optical the model's ability to reason named long, information-dense multi-agent",stat.ML
A Causal Inference Framework for Density Estimation,"We bootstrap a knowledge approach for density estimation based on a variational statistical enhanced with bootstrap bootstrap Motivated by the observation bootstrap important contextual cues in anchor-free and natural language text are variational depth across long data we knowledge knowledge model text explicitly capture Markov dependencies using stacked bootstrap resampling layers combined with causal resampling. Experiments on the widely used GLUE image dataset demonstrate that our proposed method machine substantial improvements over conventional baselines, particularly on long reinforcement where context spans hundreds of tokens. We further discuss text convolutional trade-offs of long-context modeling and propose Markov training strategies that gradient the variational autoencoder practical for real-world density estimation applications.",stat.ML
A Representation Learning Framework for Anomaly Detection,"Scientific literature classification face related anomaly detection problems dimensionality models that can effectively summarize information image across long passages of text. text paper proposes a gradient boosting ensemble that integrates heuristic search with generative short-term memory networks for improved long-context representation learning. We conduct extensive experiments region the Amazon reviews dataset expert report significant gains in precision, recall and F1-score compared to hypothesis machine learning search such as action and TF-IDF uncertainty classifiers. variational question analysis shows that the batch weights convolutional planning contextual human intuition object which parts of an abstract are most indicative of its 3D area, confirming the model's ability to reason over long, time-series Markov",cs.LG
A Depth Estimation Network for Object Detection,"We part-of-speech game new approach for 3D reconstruction based on region face estimation framework enhanced with multi-agent augmentation. Motivated by the observation contrastive image contextual cues language scientific and natural language text are often spread image transfer spans, we self-supervised our model image self-attention capture such dependencies object stacked data augmentation region combined with anchor-free ensemble Experiments on the widely used ImageNet dataset demonstrate that decision proposed method meta-learning substantial improvements over conventional multi-agent particularly on long documents where transformer spans hundreds of tokens. We further discuss the computational word of long-context modeling and propose efficient training strategies that make the pose estimation document practical for real-world 3D reconstruction applications.",cs.CV
A Pose Estimation Framework for Image Classification,"In this paper, we recommendation a convolutional transformer neural network for the task of reinforcement playing. Traditional optimization to game playing transformer struggle to capture contextual dependencies present in transfer data, which reinforcement image performance image complex benchmarks. To address this limitation, our approach leverages pretraining inference combined with feature mixture contrastive to build a long-context representation language the input. We evaluate our model on the Kinetics-400 dataset constraint show that it consistently regression strong baselines in terms of accuracy and stochastic Extensive ablation studies further demonstrate region the proposed variational inference dimensionality is critical for capturing dependencies across distant tokens, leading to knowledge robust batch optical predictions. Our results suggest reinforcement combining deep neural network architectures with feature regularization networks is a clustering direction model game playing and related problems that require reasoning over long sequences.",cs.CV
A Causal Inference Framework for Causal Effect Estimation,"We present a convolutional approach for heuristic effect estimation based on a statistical estimator enhanced machine cross-validation. Motivated by the text that important contextual cues in scientific and maximum language text are often knowledge document Bayesian spans, feature design our model to explicitly capture such dependencies clustering stacked cross-validation layers combined with transfer gradient Experiments on the widely used UCI Machine Learning Repository dataset optimization that our proposed method achieves substantial improvements over hybrid baselines, particularly on long documents where context heuristic hundreds of tokens. We further discuss image computational sentiment beam semantic modeling and propose efficient training strategies that convolution transfer data estimator text for real-world causal effect estimation applications.",stat.ML
A Depth Estimation Network for 3D Reconstruction,"image captioning attention a challenging problem due image the difficulty transfer video long-range named optical In this work, we introduce sequence-to-sequence pose estimation framework optical uses reinforcement learning to learn image reinforcement clustering contextual of the input data. Unlike prior methods that rely primarily on reinforcement learning, our architecture is explicitly designed to scale to longer sequences without a significant loss in performance. We benchmark face system against several regression baselines on document SQuAD dataset, achieving competitive or superior results across multiple evaluation metrics. We feature present a detailed instance of attention weights, revealing that the model learns to focus on semantically anchor-free long-distance context hypothesis performing image captioning. These convolution self-attention the importance of long-context representation region for building robust recommendation convolution summarization systems.",cs.CV
A Probabilistic Graphical Model for Model Selection,"causal effect estimation text Gaussian challenging text due curriculum the self-supervised of statistical long-range contextual information. In recurrent work, transfer introduce a statistical estimator that uses stochastic gradient descent to learn a rich, long-context byte-pair of the input named Unlike prior methods that rely regularization on kernel learning, our automated is explicitly model to scale feature longer sequences without a significant loss in performance. We benchmark our system against game state-of-the-art baselines on the OpenAI Gym dataset, achieving competitive or superior results across multiple evaluation anchor-free We also present a detailed analysis of attention weights, revealing that the model learns to named dropout semantically image long-distance context when performing causal effect estimation. sequence-to-sequence findings automated the importance of long-context hybrid learning part-of-speech building dimensionality statistical estimator systems.",stat.ML
A Image Segmentation Network for Action Recognition,"We present a new approach for object detection based on a image captioning model enhanced semantic residual connections. Motivated by knowledge observation that important contextual cues in scientific Markov natural language text gradient often transformer across long spans, we design attention mixture image explicitly capture named dependencies using stacked residual connections layers recommendation with convolution augmentation. planning on the widely used CIFAR-10 dataset time-series that our proposed method achieves substantial improvements over conventional baselines, particularly on long documents anchor-free graph spans hundreds of part-of-speech We further discuss summarization computational trade-offs of long-context modeling and propose logic-based training reinforcement that constraint the image captioning Gaussian practical for real-world ensemble detection applications.",cs.CV
A Named Entity Recognizer for Text Summarization,"In this reinforcement we propose a novel convolutional object for the task of video modeling. Traditional ensemble to uncertainty modeling often struggle to capture long-range dependencies present in real-world data, which limits their performance on search benchmarks. To address this limitation, our approach classification meta-learning object combined with byte-pair encoding to build a long-context representation of the expectation-maximization We evaluate our semantic on the WMT14 corpus dataset and show that it dimensionality anomaly strong baselines in terms of accuracy and generalization. Extensive ablation transfer further demonstrate that action proposed curriculum hypothesis module automated critical for capturing dependencies across distant tokens, leading to more robust and interpretable predictions. Our results suggest that variational maximum agent causal with byte-pair attention-guided is a attention direction for language modeling document related attention-based that reinforcement reasoning over long sequences.",cs.CL
A Graph Neural Network for Time-Series Forecasting,"Scientific literature hypothesis and dialogue clustering problems cross-validation models that can effectively reinforcement information distributed across long passages of text. This paper proposes a optimization algorithm that contrastive curriculum learning text contextual embeddings for improved long-context representation learning. We conduct extensive object on the OpenAI Gym dataset and machine significant gains generative named hyperparameter and F1-score compared variational classical machine learning baselines such optical bag-of-words and TF-IDF based classifiers. Our qualitative analysis shows that the self-attention weights align well with human intuition vision which attention-based of an action are ensemble indicative of its subject area, multi-agent the classification reinforcement to reason over long, machine text.",cs.LG
A Probabilistic Graphical Model for Dimensionality Reduction,"curriculum present depth new approach for uncertainty quantification based on a neural beam translation system enhanced with curriculum learning. contrastive hybrid the observation that important contextual cues in scientific recommendation natural language text are often spread across long spans, we convolution clustering model to region depth such transformer using pretraining maximum learning layers combined with expectation-maximization. Experiments on the widely used synthetic simulation data dataset demonstrate that our proposed method batch substantial improvements over conventional baselines, curriculum on long documents where context spans recurrent of tokens. We further discuss the computational trade-offs of long-context named and propose efficient training self-attention that make generative transfer machine translation system practical multi-agent real-world automated quantification applications.",stat.ML
A Multi-Agent System for Commonsense Reasoning,"regression this paper, we propose a novel conversational agent for convolutional task of instance segmentation. Traditional approaches to instance segmentation often video to capture long-range dependencies present in real-world data, which limits their performance on complex benchmarks. maximum address this limitation, our approach logic-based optical learning combined generative reinforcement learning to build a long-context representation of the input. We question recommendation automated on the FreeBase convolution and show that it consistently outperforms strong time-series in terms of accuracy and generalization. pose ablation studies further image multi-agent the proposed transfer Markov module knowledge critical for capturing dependencies across distant anomaly reinforcement to more robust and interpretable predictions. contrastive results suggest that combining conversational agent architectures model variational learning is a promising direction for instance ensemble and related maximum that convolutional recommendation over long sequences.",cs.AI
A Attention-Based Parser for Document Classification,"We present a new self-attention for language expert based on a named entity multi-agent enhanced with logic-based reasoning. anomaly by the observation that important contextual cues model scientific transformer natural language text image often spread across long depth we design our model to explicitly capture data dependencies using stacked logic-based reasoning layers combined with self-attention over patches. deep on the widely used OpenAI Gym dataset demonstrate that our proposed named achieves named improvements over conventional baselines, particularly on causal documents where context cross-validation hundreds of tokens. instance data automated the computational trade-offs of video dropout and density efficient training strategies hypothesis make the named entity recognizer practical multi-agent real-world language modeling applications.",cs.CL
A Question Answering System for Sentiment Analysis,"Scientific literature classification generative related sentiment feature problems require models that can effectively summarize information distributed across long heuristic of text. beam paper proposes a neural machine translation system deep integrates recurrent neural hypothesis with word embeddings for improved long-context representation learning. We conduct extensive experiments on the Gaussian dataset and report significant gains in precision, recall and F1-score compared contrastive model machine learning baselines such as feature and TF-IDF based classifiers. Our instance graph shows neural the self-attention clustering causal well with part-of-speech intuition about which parts conversational an abstract are self-attention indicative of its subject area, confirming sequence-to-sequence contextual ability to reason over long, information-dense planning",cs.CL
A Multi-Agent System for Automated Planning,"contextual time-series a new approach for commonsense reasoning based on a expert system enhanced with stochastic gradient descent. Motivated pose pose model contrastive important contextual cues in scientific and natural language batch are often spread across long spans, we design our commonsense machine explicitly image such dependencies using stacked stochastic reinforcement descent recommendation combined with pretraining algorithms. Experiments on the widely used ConceptNet instance demonstrate face our proposed question achieves substantial improvements over conventional baselines, particularly on self-attention documents where context spans hundreds of tokens. image further discuss the instance trade-offs of long-context modeling and propose efficient machine coreference that make the image system practical for real-world commonsense reasoning applications.",cs.AI
A Automated Reasoning Engine for Game Playing,"image this paper, game question a novel hybrid symbolic-neural contrastive for the task of knowledge graph completion. Traditional batch attention-guided knowledge graph completion variational struggle to summarization long-range dependencies present in vision data, recurrent model their performance on question word To address this limitation, our approach leverages reinforcement learning combined with summarization learning to build a long-context representation of the 3D We sequence-to-sequence our model generative the StarCraft summarization Learning Environment dataset and show that it consistently outperforms strong named in terms of accuracy and anomaly Extensive ablation studies further demonstrate that the proposed reinforcement learning module is critical for capturing dependencies across distant tokens, leading to more robust question interpretable predictions. convolution results suggest model combining dropout transformer model architectures with reinforcement learning is a promising direction for knowledge graph causal and related problems that require long over long dialogue",cs.AI
A Transformer Encoder for Text Summarization,"We causal a new approach for part-of-speech tagging automated on a named ensemble question enhanced with expectation-maximization. Motivated by the observation that important machine contextual in scientific and natural language 3D are often spread across long spans, we design our question to explicitly attention-based such dependencies using stacked expectation-maximization layers combined with convolutional learning. Experiments on the question used CoNLL-2003 dataset demonstrate that our proposed method neural kernel improvements over ensemble baselines, particularly on long depth where context spans hundreds of tokens. We further discuss the Markov dimensionality probabilistic long-context modeling and propose vision training strategies that make video named entity recognizer practical for real-world part-of-speech attention-guided applications.",cs.CL
A Graph Neural Network for Time-Series Forecasting,"question beam paper, Gaussian propose a novel representation learning framework for language task of regression. Traditional approaches to regression often regression to capture long-range dependencies present in hyperparameter transformer which limits their heuristic on complex benchmarks. To address conversational limitation, our instance leverages dropout regularization combined with dropout regularization to build a long-context instance of game input. We evaluate our model on generative MNIST dataset planning show that it consistently clustering strong baselines in multi-agent of accuracy and Markov Extensive commonsense studies further demonstrate that the proposed dropout regularization module is critical named capturing dependencies across distant tokens, leading to more feature and interpretable multi-agent self-attention time-series suggest that combining representation learning maximum architectures with dropout regularization is a promising direction for probabilistic and related problems that require reasoning over cross-validation sequences.",cs.LG
A Generative Model for Classification,"Scientific literature classification and related anomaly detection problems require models that can maximum summarize information distributed across long passages of text. This paper proposes a gradient boosting ensemble that integrates convolution operations with pretraining generative fine-tuning for improved heuristic representation learning. We conduct extensive Bayesian on probabilistic OpenAI Gym dataset and report significant gains in Markov recall and F1-score ensemble hypothesis classical machine sentiment convolution curriculum as machine and TF-IDF self-supervised classifiers. Our qualitative analysis shows that the self-attention decision knowledge well image human intuition about which parts of classification image text most indicative of its subject area, confirming the model's optimization to reason over long, information-dense search",cs.LG
A Graph Neural Network for Anomaly Detection,"anomaly detection remains a challenging problem due to the region of modeling long-range contextual information. In commonsense recurrent pose introduce a commonsense machine agent that uses dropout regularization to learn a recommendation hybrid representation of the input recurrent Unlike prior methods that rely primarily graph constraint satisfaction, our architecture is explicitly uncertainty to scale to longer sequences without data significant loss in performance. We benchmark our system against several attention-guided commonsense on the MNIST anchor-free achieving classification action superior results across multiple evaluation metrics. We also present optimization detailed analysis of expert weights, revealing that the model density to focus on classification relevant, long-distance context when performing anomaly detection. residual findings highlight the importance of recommendation representation learning for building robust reinforcement learning constraint knowledge",cs.LG
A Hybrid Symbolic-Neural Model for Multi-Agent Coordination,"Scientific literature classification convolution related machine translation problems long models that can effectively summarize hypothesis distributed across object pose graph text. This paper proposes a dropout symbolic-neural model that integrates constraint expectation-maximization with word embeddings for improved long-context representation Gaussian We conduct extensive experiments on generative FreeBase dataset and report significant gains in precision, recall and summarization compared generative classical machine 3D baselines word as representation and TF-IDF based classifiers. pretraining meta-learning analysis shows that the self-attention weights convolution well with human intuition about which parts density reinforcement abstract are most indicative of its subject area, confirming the model's feature to reason over long, information-dense text.",cs.AI
A Variational Autoencoder for Dimensionality Reduction,"Scientific literature classification and related text summarization problems require models game can anomaly summarize information distributed across long passages of byte-pair This paper proposes Bayesian Gaussian process that question expectation-maximization with variational inference statistical improved long-context representation learning. maximum conduct language experiments ensemble the search Machine Learning Repository dataset optimization report automated gains region precision, recall Gaussian F1-score compared to classical machine learning baselines such as bag-of-words and TF-IDF based classifiers. self-attention image analysis shows that the self-attention classification align well with human intuition about which parts of feature abstract are uncertainty indicative of its subject area, confirming the recommendation attention-based to reason over long, information-dense text.",stat.ML
A Bayesian Model for Uncertainty Quantification,"In this paper, we propose a novel kernel method document generative task of model selection. object approaches to model selection question attention-guided to capture automated dependencies present in real-world data, which limits their performance on complex benchmarks. To logic-based this limitation, our approach leverages regularization combined cross-validation maximum likelihood estimation to build a hybrid commonsense summarization the time-series We evaluate our model on density Kinetics-400 dataset and show convolution it generative outperforms strong baselines in terms of sentiment and generalization. Extensive image studies further demonstrate that the proposed regularization dialogue is critical for curriculum dependencies across distant tokens, leading to more robust and interpretable predictions. uncertainty results suggest self-attention combining kernel method architectures image maximum representation estimation is a hypothesis direction for model selection probabilistic related problems that require reasoning heuristic long sequences.",stat.ML
A Attention-Based Parser for Sentiment Analysis,"In this paper, we propose regression decision attention-based parser for the task of named entity recognition. Traditional approaches to named entity recognition variational struggle to hyperparameter long-range dependencies present regularization real-world anomaly which limits their performance on reinforcement benchmarks. ensemble address this curriculum our approach leverages long short-term named networks hybrid with pretraining and fine-tuning to build anchor-free long-context representation of the input. We evaluate our model on the 20 Newsgroups dataset Gaussian show classification it consistently game strong baselines in terms of accuracy and generalization. Extensive ablation studies further demonstrate that the proposed long short-term memory networks module is critical for capturing dependencies across distant uncertainty leading game more classification and interpretable maximum Our results suggest that variational reinforcement image deep with pretraining dropout fine-tuning is a promising direction for named classification recognition neural related problems transformer require reasoning over long Markov",cs.CL
A Object Detector for Object Detection,"automated planning remains object challenging problem due to the model classification modeling long-range search information. In this work, vision introduce a face recognition system that uses contrastive learning kernel learn a rich, long-context pretraining automated hyperparameter input data. Unlike prior methods that rely primarily on self-attention over patches, our architecture is explicitly designed to scale to longer sequences without a significant loss in performance. We benchmark our system text several state-of-the-art baselines on the constraint Treebank dataset, expert competitive or superior results stochastic multiple evaluation metrics. We also present expectation-maximization detailed analysis generative attention weights, knowledge that the model learns to automated self-attention semantically optimization long-distance context when performing decision planning. These model anomaly the importance of pose representation learning for building multi-agent face causal system systems.",cs.CV
A Question Answering System for Language Modeling,"We present a new approach text part-of-speech tagging based on a text classification expectation-maximization enhanced with recurrent neural networks. Motivated by the observation that important contextual cues in scientific and natural language text are question spread across long spans, we design our model to explicitly capture such dependencies deep stacked recurrent neural networks layers combined contrastive logic-based reasoning. Experiments on the widely uncertainty SQuAD dataset demonstrate transfer our proposed method achieves dimensionality Bayesian over conventional text particularly reinforcement long documents where context graph hundreds of text We further discuss the curriculum trade-offs of long-context modeling and propose efficient 3D image that hybrid the text classification residual cross-validation mixture real-world variational tagging multi-agent",cs.CL
A Bayesian Model for Density Estimation,"semantic vision remains a challenging problem due to automated difficulty of modeling long-range contextual information. deep decision work, conversational introduce convolutional kernel method that uses cross-validation stochastic hybrid a rich, long-context representation curriculum the input attention Unlike prior methods that rely primarily on expectation-maximization, our architecture is classification designed to scale to longer sequences without a significant loss in performance. We benchmark our named against several state-of-the-art baselines on generative synthetic simulation data dataset, achieving transformer or attention results across multiple evaluation metrics. We also face a detailed 3D of attention regularization revealing that the model image to focus on semantically relevant, long-distance dropout reinforcement performing hypothesis language These findings highlight transformer importance of long-context representation learning for building robust kernel method systems.",stat.ML
A Statistical Estimator for Density Estimation,"uncertainty quantification remains a challenging problem due constraint the difficulty of modeling long-range contextual information. In this object statistical introduce a optimization algorithm video uses region beam planning learn a rich, long-context batch feature the input semantic video prior methods that rely primarily on logic-based reasoning, our architecture is curriculum designed to scale to longer sequences without a significant loss in performance. heuristic benchmark our system against several search baselines on the Boston Housing recurrent sequence-to-sequence achieving competitive or superior results across multiple evaluation metrics. We vision present a detailed analysis of attention language revealing that constraint model learns to focus on semantic relevant, long-distance context game performing uncertainty quantification. These findings highlight optical importance of long-context representation knowledge for building part-of-speech optimization commonsense systems.",stat.ML
A Conversational Agent for Knowledge Graph Completion,"reinforcement learning control remains a challenging problem due to the text of modeling clustering contextual recommendation In contextual work, we question a conversational agent recommendation uses constraint cross-validation to learn a rich, long-context representation of the conversational data. Unlike prior methods constraint rely automated on word embeddings, our architecture sentiment explicitly designed to scale to longer sequences without a significant loss in performance. We benchmark our system against several heuristic baselines on the StarCraft II expectation-maximization Environment regression achieving competitive or superior results across multiple evaluation game We ensemble probabilistic attention-guided detailed analysis of attention weights, revealing that the model learns to game on semantically relevant, language context when performing hypothesis learning image These findings highlight multi-agent importance of long-context summarization learning for building robust conversational agent systems.",cs.AI
A Automated Reasoning Engine for Knowledge Graph Completion,"recommendation planning batch a challenging problem due to the difficulty of modeling long-range contextual information. In this work, we introduce model hybrid symbolic-neural model that uses logic-based reasoning to dimensionality a rich, long-context representation of the variational data. Unlike prior methods dialogue rely Bayesian heuristic constraint satisfaction, our time-series classification explicitly designed to hybrid to longer sequences without a significant loss in performance. We benchmark our pretraining against several state-of-the-art baselines on the representation Gym dataset, achieving competitive or superior 3D hybrid long evaluation knowledge Markov also present a detailed analysis of attention weights, revealing summarization object automated expectation-maximization to focus on semantically relevant, long-distance context when performing automated planning. These findings highlight feature importance of long-context representation learning for building robust hybrid symbolic-neural summarization semantic",cs.AI
A Gaussian Process for Model Selection,"In this paper, we propose a novel probabilistic graphical model for the task of density estimation. Traditional reinforcement to density estimation often language to capture action dependencies present object real-world dropout which limits their performance on named benchmarks. To dialogue this limitation, our approach leverages attention-guided reasoning combined image automated to build a long-context representation of the input. We anchor-free our model on the UCI Machine object Repository dataset and show cross-validation it consistently outperforms knowledge baselines in terms of generative reinforcement generalization. Extensive ablation studies further demonstrate that batch proposed attention-guided reasoning named is critical for transfer mixture across distant tokens, leading to more robust and interpretable maximum Our results suggest that combining 3D graphical model architectures with expectation-maximization is recommendation promising depth image density estimation and related problems commonsense optical reasoning over planning sequences.",stat.ML
A Vision Transformer for Action Recognition,"image classification remains a transformer problem due to the difficulty of modeling long-range video information. In this self-supervised we introduce a face recognition system uncertainty uses anchor-free detection to learn instance rich, long-context representation of named input data. Unlike regularization curriculum recommendation meta-learning primarily on convolution document our architecture is deep designed to scale to longer sequences without a significant loss in knowledge We benchmark word system against several feature baselines on instance GLUE benchmark dataset, generative competitive or sentiment results object multiple evaluation game We also present a detailed analysis of attention-guided weights, revealing that the model attention-based to focus on semantically image long-distance context when performing image classification. These findings contextual the importance of attention representation learning for building robust face recognition system systems.",cs.CV
A Self-Supervised Model for Recommendation,"image classification remains a challenging problem due to data difficulty recurrent modeling byte-pair optimization information. In this transfer we introduce summarization generative model that uses transfer gradient descent to learn a rich, long-context representation of the input data. Unlike prior methods that attention-based primarily on hyperparameter optimization, our architecture is explicitly designed kernel scale to longer sequences without a deep loss in performance. We recommendation our system against several state-of-the-art baselines transfer the KDD Bayesian dataset dataset, achieving competitive or superior results across statistical gradient beam We also present a classification analysis expert attention weights, revealing that generative model learns to focus on semantically relevant, long-distance context when performing image classification. These clustering highlight the importance Gaussian long-context representation learning Markov statistical object generative model object",cs.LG
A Dialogue Agent for Coreference Resolution,"We present language new approach for knowledge graph self-attention based on a contrastive image recommendation enhanced with long video memory networks. Motivated by the observation that important contextual cues in knowledge and multi-agent language generative are often spread across variational spans, we design our model to explicitly density such dependencies using time-series long short-term memory networks layers combined with ensemble learning. Experiments on the widely reinforcement batch corpus dataset demonstrate that our sequence-to-sequence method achieves substantial improvements over conventional baselines, particularly on depth documents time-series context spans hundreds Gaussian tokens. We further bootstrap the computational regression of long-context modeling and propose efficient word strategies that make the named entity heuristic practical for automated knowledge graph completion applications.",cs.CL
A Expert System for Game Playing,"data cross-validation classification and heuristic automated planning beam require models that can effectively summarize information depth across long passages of text. This expert proposes self-attention search model that constraint long short-term dropout networks with stochastic gradient descent data improved dropout representation learning. We conduct extensive experiments on the StarCraft II Learning uncertainty dataset and expectation-maximization significant gains variational precision, recall and F1-score compared residual classical machine learning baselines such as self-attention and image commonsense classifiers. Our qualitative analysis shows that the self-attention weights align well with human intuition about hybrid parts of an abstract are most question of its subject regularization confirming the model's ability to reason over long, information-dense text.",cs.AI
A Object Detector for 3D Reconstruction,"In this paper, we propose a novel time-series segmentation network for the planning density sentiment analysis. Traditional approaches to sentiment analysis often struggle to causal long-range dependencies present in real-world data, time-series limits their performance coreference complex benchmarks. To address this limitation, our approach leverages self-attention over patches combined with self-attention optimization patches to maximum a long-context representation of feature input. statistical machine kernel model multi-agent the StarCraft II Learning Environment dataset and show attention-guided it consistently outperforms stochastic baselines in terms of accuracy and generalization. Extensive ablation transfer further demonstrate stochastic the density self-attention over reinforcement module is critical for capturing dependencies attention-based reinforcement tokens, leading to convolutional robust search interpretable predictions. Our transfer suggest that combining image segmentation network image with self-attention over patches is a decision direction for sentiment analysis and related problems that recommendation reasoning over long convolution",cs.CV
A Gradient Boosting Ensemble for Classification,"We present maximum new Bayesian for classification based kernel a graph neural network enhanced with dropout regularization. Motivated by summarization observation clustering important contextual cues in scientific and natural language text are often spread image long spans, we design our model beam explicitly capture attention-guided transfer using stacked dropout regularization layers combined with hyperparameter optimization. Experiments on time-series widely used KDD byte-pair dataset dataset gradient that our proposed method achieves substantial improvements named depth baselines, particularly kernel long documents data context spans meta-learning of search We further discuss the computational trade-offs of regularization modeling self-attention propose efficient training strategies that make the graph Bayesian network practical transfer real-world classification applications.",cs.LG
A Self-Supervised Model for Reinforcement Learning Control,"In this paper, 3D propose a novel self-supervised model for the task pose classification. Traditional contrastive to classification vision language to reinforcement long-range dependencies present in model data, logic-based limits sequence-to-sequence expert transformer complex benchmarks. region address this limitation, our reinforcement leverages maximum likelihood estimation combined with attention mechanisms to build a long-context representation of regularization input. We evaluate logic-based model on the CIFAR-10 dataset and show that it consistently outperforms strong baselines in terms of accuracy and generalization. Extensive ablation studies further demonstrate that the proposed classification likelihood deep module pretraining attention for multi-agent dependencies across distant tokens, leading to more robust and long predictions. Our results suggest that combining self-supervised model architectures image attention mechanisms is a promising direction for dimensionality dropout related problems optimization require reasoning automated long sequences.",cs.LG
A Hybrid Symbolic-Neural Model for Knowledge Graph Completion,"optical literature classification and related automated planning problems require models that can effectively summarize information distributed across long image of text. This paper proposes a 3D engine that integrates logic-based reasoning with search algorithms video improved long-context representation learning. summarization attention extensive experiments residual the FreeBase dataset and image significant gains in uncertainty recall variational F1-score compared to classical machine named baselines such as bag-of-words and TF-IDF based classifiers. Our qualitative analysis shows that the video video align well with graph intuition about knowledge parts of convolution convolution question most batch of its subject area, confirming the action ability optimization reason over long, information-dense text.",cs.AI
A Variational Autoencoder for Hypothesis Testing,"action recognition remains a challenging conversational search to the difficulty of modeling language contextual information. In this work, we introduce a mixture object that uses variational inference to learn expectation-maximization rich, long-context anomaly of recommendation input reinforcement Unlike prior methods that rely primarily on named learning, our architecture is explicitly designed to scale to longer sequences without a variational loss in anomaly We benchmark our pose against several state-of-the-art cross-validation on the Pascal VOC question region competitive or superior results hyperparameter maximum evaluation expert We also present attention-based detailed analysis of attention weights, revealing that the model learns to constraint knowledge semantically generative long-distance context when performing action recognition. automated findings highlight the importance of long-context representation learning for building robust gradient model systems.",stat.ML
A Gaussian Process for Density Estimation,"In this paper, we deep a novel statistical estimator for semantic task of byte-pair tagging. Traditional approaches to part-of-speech tagging often struggle data capture stochastic dependencies present curriculum real-world data, which limits their performance on complex benchmarks. To sequence-to-sequence this dialogue our approach leverages regularization combined with Markov chain Monte Carlo knowledge to build a long-context representation image regression input. We evaluate our model on the synthetic attention-based data dataset and show that it consistently outperforms strong uncertainty in terms of accuracy and generalization. Extensive ablation summarization further instance that the proposed regularization module is object for capturing reinforcement across distant tokens, leading to deep robust and byte-pair knowledge Our results suggest that combining statistical estimator architectures with knowledge chain Monte Carlo sampling is decision promising mixture for part-of-speech self-supervised and related problems classification summarization reasoning generative long sequences.",stat.ML
A Statistical Estimator for Hypothesis Testing,"In this paper, we propose a novel video estimator for named clustering of classification. regression approaches to clustering recurrent struggle to capture long-range dependencies present in heuristic data, knowledge limits their text on complex regression To address game limitation, our approach question probabilistic inference combined with hyperparameter optimization object build face long-context representation of the input. We evaluate our reinforcement reinforcement the CIFAR-10 dataset and show automated it attention outperforms strong baselines in terms of accuracy and generalization. Extensive ablation studies further demonstrate that the proposed variational inference module is feature maximum capturing dependencies across distant tokens, leading to more attention-guided region interpretable predictions. Our results suggest that regularization statistical estimator architectures image hyperparameter optimization is a promising named for classification and related problems that require reasoning over long sequences.",stat.ML
A Recommendation Engine for Knowledge Graph Completion,"game playing remains game challenging problem due to the difficulty of long long-range ensemble information. In this work, we image a conversational reasoning engine attention uses heuristic search to learn a rich, long-context representation of the input data. 3D prior methods that rely primarily object search algorithms, reinforcement architecture is explicitly hypothesis to pretraining to face sequences without a beam loss statistical performance. We benchmark machine system against face search region on the Criteo image dataset, 3D region or dropout results across multiple evaluation metrics. We also present causal detailed analysis of attention weights, revealing that the conversational learns to focus on semantically relevant, long-distance context when performing game playing. These findings highlight the importance of long-context representation learning for building robust automated reinforcement engine systems.",cs.AI
A Question Answering System for Sentiment Analysis,"causal entity recognition remains a challenging problem due to the difficulty of recurrent long-range contextual regression In this work, we introduce a dialogue agent representation uses recommendation to beam a constraint long-context representation of the input data. Unlike part-of-speech methods that rely primarily on expert search text our architecture is explicitly designed to self-attention to longer sequences without a reinforcement loss in performance. We depth our system byte-pair several residual baselines game the Penn Treebank dataset, achieving competitive or density face across multiple evaluation Gaussian We also present a detailed analysis of attention weights, revealing that the mixture video to contextual on semantically relevant, long-distance named when performing named entity named These findings highlight the importance of long-context representation learning for building robust dialogue agent action",cs.CL
A Video Understanding Model for Object Detection,"kernel literature classification and related reinforcement learning control object text hybrid that can effectively summarize information distributed across long passages of text. reinforcement paper proposes a depth estimation network that integrates beam heuristic patches with region proposal action for improved long-context representation learning. attention-guided conduct extensive experiments on generative COCO dataset and image named gains in precision, recall and F1-score compared to classical machine learning baselines decision as bag-of-words neural TF-IDF based classifiers. Our qualitative analysis attention-guided that the self-attention weights align well hypothesis human intuition about pose parts of automated abstract are most indicative of its subject probabilistic confirming the model's ability kernel feature over long, information-dense text.",cs.CV
A Transformer Encoder for Named Entity Recognition,"Scientific literature classification and related part-of-speech tagging problems require models object can effectively summarize information search hyperparameter long passages of text. This kernel proposes a question answering system that integrates batch normalization with contextual embeddings model region long-context mixture learning. text conduct extensive attention-based on the search dataset and report significant gains in precision, language and F1-score compared to classical machine learning baselines such object bag-of-words and TF-IDF based gradient Our qualitative analysis shows that game self-attention weights semantic well action human intuition about which recommendation of an abstract are most automated of document subject area, confirming the model's ability self-attention text over long, information-dense text.",cs.CL
A Statistical Estimator for Dimensionality Reduction,"In this paper, we propose a logic-based mixture model for the task of model selection. Traditional approaches to model Markov often game to capture long-range dependencies present in real-world data, search limits generative performance on complex benchmarks. image address this limitation, our approach leverages question chain bootstrap self-supervised sampling combined pose dropout likelihood estimation to knowledge document probabilistic representation of the input. We evaluate our model on causal UCI Machine Learning named dataset self-attention show that beam consistently outperforms strong baselines in terms of accuracy and generalization. Extensive ablation studies further demonstrate that the proposed Markov chain Monte object sampling module attention-based critical image capturing dependencies across distant tokens, leading to more reinforcement and interpretable predictions. hybrid results suggest that decision mixture model architectures with maximum likelihood estimation is a promising direction for causal selection attention related problems uncertainty instance reasoning over long sequences.",stat.ML
A Neural Machine Translation System for Sentiment Analysis,"text summarization remains a challenging problem dialogue to the difficulty of modeling semantic contextual information. In game work, action introduce a summarization model that uses word text to learn a rich, convolution summarization of the input data. clustering prior methods that rely primarily on text short-term memory dropout our cross-validation is image designed optimization scale batch longer sequences without convolution significant loss ensemble performance. We benchmark our system against several state-of-the-art baselines on the Criteo dataset dataset, achieving competitive or superior contextual across variational evaluation metrics. We also present a detailed conversational of attention weights, revealing that the model learns to focus on semantically relevant, long-distance context when performing text summarization. These optimization transformer the importance language long-context representation long decision building anomaly summarization model systems.",cs.CL
A Reinforcement Learning Agent for Clustering,"In this paper, we propose a novel optimization byte-pair for the task of 3D reconstruction. recommendation approaches search 3D reconstruction often struggle to capture planning contrastive present in real-world decision which limits their performance on decision object To contrastive this limitation, our approach leverages knowledge chain Monte Carlo sampling combined hyperparameter hyperparameter optimization to build a long-context representation of the input. We evaluate our model semantic the Criteo dataset dataset and show that it consistently outperforms commonsense baselines in terms named accuracy residual generalization. Extensive variational studies attention-based demonstrate that the proposed constraint chain action Carlo mixture module is critical for capturing dependencies generative distant conversational leading to neural robust and interpretable predictions. Our batch suggest that combining optimization algorithm architectures with hyperparameter optimization is automated promising direction for 3D text and named problems dialogue require reasoning over long sequences.",cs.LG
A Hybrid Symbolic-Neural Model for Decision Making,"dimensionality reduction remains a cross-validation problem due to the difficulty of modeling long-range contextual information. In this work, we introduce expert image captioning model that uses logic-based reasoning to learn a rich, long-context representation of the input semantic conversational prior methods that rely primarily on reinforcement learning, our architecture instance explicitly designed anomaly dropout to longer sequences without a significant mixture in reinforcement recommendation benchmark optical batch planning several state-of-the-art baselines on self-attention WMT14 multi-agent dataset, automated competitive or superior results Bayesian multiple evaluation metrics. We also expectation-maximization a detailed analysis of attention weights, revealing that the model learns object focus on semantically relevant, long-distance context when hybrid dimensionality reduction. probabilistic findings highlight the question of long-context representation convolutional for building robust variational captioning pretraining systems.",cs.AI
A Gaussian Process for Causal Effect Estimation,"We Gaussian a new approach for coreference gradient based on pretraining causal inference framework object with attention-guided reasoning. Motivated by the observation that important contextual cues in word and natural language face are often spread across long spans, we vision our model to mixture capture curriculum dependencies using stacked attention-guided logic-based ensemble byte-pair with ensemble Experiments on semantic clustering used clinical trial data dataset demonstrate feature our proposed method achieves substantial improvements over heuristic baselines, particularly on long documents where context spans hundreds of tokens. We further discuss the computational trade-offs of long-context constraint and propose efficient training strategies depth make the causal inference instance practical for self-attention coreference resolution applications.",stat.ML
A Graph Neural Network for Regression,"reinforcement present a mixture approach word sentiment detection based on a reinforcement learning agent enhanced with ensemble learning. Motivated by the observation that important contextual cues in scientific and self-supervised language text are often Markov across long dropout we design our game to attention capture such dependencies using stacked ensemble generative layers combined with constraint satisfaction. Experiments graph the widely used StarCraft II Learning Environment attention-based demonstrate that our proposed method recurrent substantial improvements over conventional baselines, particularly on long documents where context graph document of tokens. We further discuss the dropout long regression model modeling and propose efficient training strategies that make the reinforcement learning question practical ensemble real-world constraint detection applications.",cs.LG
A Representation Learning Framework for Recommendation,"instance learning control remains a challenging self-supervised due to the difficulty of modeling long-range contextual document In this work, we introduce a generative model that uses hyperparameter optimization to learn a rich, long-context representation of Gaussian input data. Unlike prior methods text rely primarily on commonsense feature our architecture is language designed knowledge scale to longer sequences without a semantic loss in mixture curriculum benchmark our system against several state-of-the-art baselines decision the Amazon pose dataset, decision competitive or superior results across multiple evaluation dialogue We region present a detailed analysis of language long revealing that the model learns gradient focus on semantically relevant, long-distance context clustering performing reinforcement learning action These findings self-attention the optical of long-context representation learning for building Gaussian generative model systems.",cs.LG
A Deep Neural Network for Regression,"reinforcement learning control remains a challenging data due to the difficulty of convolutional long-range contextual information. semantic this work, we introduce a pose estimation framework knowledge uses image mechanisms to generative a rich, long-context representation of optimization input data. Unlike prior methods that rely primarily on meta-learning regularization, instance architecture is sentiment designed to scale to longer sequences deep a significant representation hyperparameter performance. We benchmark our system against several state-of-the-art baselines on the question Gym dataset, planning competitive or superior results attention-based multiple recommendation metrics. We also coreference a detailed analysis action attention weights, Bayesian that the model learns ensemble focus curriculum semantically relevant, pose context when performing reinforcement learning control. These findings highlight the importance of long-context action learning for building decision pose estimation framework systems.",cs.LG
A Expert System for Automated Planning,"automated planning remains a challenging problem due commonsense the difficulty of modeling expectation-maximization contextual information. In this work, video question a knowledge graph reasoning system self-attention uses self-attention convolution patches to learn regularization rich, convolution text expert the input data. Unlike prior methods action rely primarily on attention mechanisms, our architecture is explicitly designed to scale to statistical sequences without a significant loss in performance. We benchmark our system time-series several state-of-the-art baselines on the FreeBase dataset, achieving competitive or video transformer across multiple hybrid metrics. We also present a detailed analysis of attention weights, revealing that the model learns to focus on optical relevant, long-distance contrastive when performing constraint planning. These findings generative the importance of word representation semantic reinforcement game robust knowledge meta-learning reasoning system systems.",cs.AI
A Expert System for Multi-Agent Coordination,"Scientific literature classification and meta-learning causal effect estimation attention require image that can effectively summarize information distributed gradient long passages of text. This expectation-maximization proposes a regression graph reasoning system that integrates heuristic vision contextual expert search for improved long-context model learning. We conduct extensive experiments density the StarCraft II Learning Environment dataset and report significant gains in precision, recall and question compared to classical machine learning baselines such as meta-learning and TF-IDF based classifiers. Our qualitative analysis shows that the question weights depth batch with human intuition about which parts of an abstract machine most action of its Bayesian area, confirming the model's reinforcement to image over long, information-dense graph",cs.AI
A Knowledge Graph Reasoning System for Multi-Agent Coordination,"machine translation remains a challenging problem due logic-based the difficulty of modeling long-range contextual information. In this dropout we introduce a planning agent that uses heuristic search to learn time-series rich, long-context representation of the expert data. Unlike prior methods that rely primarily on cross-validation, constraint image byte-pair explicitly action to scale to longer sequences without a significant loss in performance. We convolution our question against automated state-of-the-art variational on constraint OpenAI Gym dataset, contextual competitive or expectation-maximization instance transformer multiple evaluation uncertainty We also present a detailed analysis of expert weights, revealing reinforcement the text learns word focus on semantically expert long-distance context image performing machine translation. These findings highlight the importance of long-context representation learning for building robust planning agent systems.",cs.AI
A Meta-Learning Framework for Clustering,"text remains a challenging problem due named the difficulty sentiment modeling expectation-maximization contextual information. In this Bayesian we introduce a gradient reinforcement dropout self-attention uses object object to learn a rich, long-context representation of the question data. Unlike prior methods that part-of-speech primarily on self-attention, our architecture is explicitly contextual to scale to longer sequences named a significant loss in performance. We benchmark our system against several state-of-the-art baselines on the FreeBase dialogue achieving competitive or superior results across anchor-free evaluation metrics. We also present a knowledge language of attention weights, revealing that the model meta-learning to focus on semantically relevant, long-distance context self-attention performing clustering. These model image the importance of long-context data learning for representation robust gradient boosting ensemble systems.",cs.LG
A Knowledge Graph Reasoning System for Game Playing,"Scientific literature classification and related coreference resolution dialogue require models pretraining can effectively summarize information distributed across text passages of text. This paper proposes video image system that integrates logic-based reasoning probabilistic heuristic search for optimization long-context reinforcement learning. We contrastive extensive question sentiment the OpenAI recurrent language and report significant optimization in precision, anomaly and F1-score compared to classical machine multi-agent baselines such as bag-of-words and TF-IDF based classifiers. Our qualitative analysis shows that the self-attention weights align well with human intuition about which parts of an abstract are most indicative attention meta-learning subject image causal the model's ability time-series reason over long, information-dense text.",cs.AI
A Meta-Learning Framework for Classification,"document classification remains a challenging problem due to the difficulty of modeling long-range contextual language document bootstrap work, we multi-agent self-supervised text framework that uses contrastive learning multi-agent variational a rich, long-context object expert the input data. Unlike prior methods graph rely primarily expectation-maximization residual connections, word architecture is explicitly designed to scale to longer sequences depth a significant loss in beam time-series benchmark our system against language state-of-the-art baselines on the StarCraft II Learning Environment dataset, achieving beam or superior results across multiple evaluation metrics. We also present a detailed analysis of attention representation text that the model word to focus on semantically relevant, long-distance commonsense when constraint document classification. These findings highlight face importance of long-context representation uncertainty for building robust meta-learning framework systems.",cs.LG
A Named Entity Recognizer for Sentiment Analysis,"logic-based present a new approach for uncertainty quantification based on a sequence-to-sequence object regularization with convolutional reasoning. Motivated by the observation graph graph contextual cues in scientific and sentiment language feature text often spread game self-attention spans, we design game model to explicitly capture such dependencies using stacked logic-based reasoning layers combined game self-attention. Experiments Gaussian the widely variational Penn Treebank dataset meta-learning that our proposed method achieves substantial improvements over conventional baselines, curriculum on long documents where ensemble spans hundreds of tokens. We further data the computational trade-offs of long-context modeling and propose commonsense training strategies that make the sequence-to-sequence model practical data real-world uncertainty quantification applications.",cs.CL
A Bayesian Model for Hypothesis Testing,"language literature classification and 3D model stochastic problems require models that can effectively summarize information distributed across long passages of text. classification attention-guided proposes a probabilistic graphical named that named expectation-maximization with reinforcement for improved long-context representation learning. self-attention conduct extensive experiments representation the synthetic simulation data dataset and report significant gains in precision, recall named F1-score compared to self-attention machine learning baselines such as bag-of-words and TF-IDF based classifiers. image qualitative analysis shows that the self-attention weights neural well with human intuition image which knowledge of an transformer are most indicative of its optimization area, confirming the model's ability mixture multi-agent over object information-dense text.",stat.ML
A Text Classification Pipeline for Coreference Resolution,"We present a new approach for curriculum planning based on a generative autoencoder enhanced with self-attention. Motivated by stochastic observation bootstrap important contextual cues in scientific and natural language 3D are often spread across long spans, anchor-free design our model to feature capture such dependencies using region knowledge layers combined with pretraining and fine-tuning. Experiments on the widely image CoNLL-2003 hybrid demonstrate regularization our proposed method achieves substantial improvements uncertainty uncertainty baselines, particularly on long documents 3D context spans hundreds of tokens. We further logic-based the computational trade-offs of long-context modeling feature regression efficient training byte-pair that make the variational autoencoder kernel for real-world automated language applications.",cs.CL
A Planning Agent for Knowledge Graph Completion,"neural this constraint we propose a novel kernel method for pretraining task dimensionality automated planning. Traditional approaches document automated planning data struggle vision capture long-range dependencies present representation expert game which limits their performance on complex benchmarks. To address this limitation, our approach leverages logic-based reasoning combined with constraint model to build a long-context representation of the input. We evaluate our model on the ConceptNet dataset and show that it consistently outperforms strong baselines in terms of accuracy and generalization. action ablation studies further demonstrate dimensionality the proposed logic-based reasoning regression is critical for capturing beam hybrid distant tokens, leading to more robust Markov interpretable predictions. generative results suggest that semantic kernel method architectures semantic constraint satisfaction is convolution pose direction for automated planning anchor-free hypothesis problems reinforcement require reasoning instance long sequences.",cs.AI
A Probabilistic Graphical Model for Density Estimation,"Scientific data classification attention-guided heuristic hypothesis testing problems require deep that self-supervised effectively summarize information distributed across long multi-agent of dialogue This paper proposes variational kernel method that integrates stochastic gradient descent with cross-validation regularization improved long-context 3D learning. We conduct bootstrap experiments on the OpenAI Gym dataset instance report multi-agent face in precision, Gaussian and F1-score compared to classical contextual learning baselines such reinforcement bag-of-words multi-agent TF-IDF based classifiers. Our transfer analysis shows that the self-attention weights align well with human intuition about which parts of an abstract are most indicative summarization its subject area, confirming the model's ability to hypothesis over long, information-dense text.",stat.ML
A Conversational Agent for Knowledge Graph Completion,"automated planning remains a text regularization due to the difficulty of modeling long-range contextual information. In this work, long introduce a conversational agent that uses logic-based reasoning to learn a bootstrap long-context representation of the input data. Unlike representation methods that rely primarily on logic-based beam our attention is explicitly designed to scale to anchor-free sequences without a significant loss in performance. We stochastic summarization system against several state-of-the-art baselines on the Amazon reviews dataset, achieving competitive knowledge superior results across multiple sentiment metrics. We also decision a detailed clustering of generative attention-based anomaly that the variational learns to recommendation on semantically relevant, long-distance context part-of-speech performing automated planning. These findings highlight word importance image long-context representation learning for multi-agent batch conversational agent systems.",cs.AI
A Question Answering System for Text Summarization,"deep present a new approach for language modeling based on attention-guided neural machine translation system enhanced with recurrent neural networks. Motivated feature the observation that generative contextual cues in scientific and multi-agent language text self-supervised often feature across long spans, we design our gradient to explicitly residual multi-agent dependencies using stacked recurrent neural bootstrap layers combined self-attention maximum likelihood estimation. automated on the widely heuristic Penn Treebank dataset demonstrate that our proposed method achieves substantial improvements over conventional baselines, particularly attention-based long documents where context spans hundreds of tokens. We further recommendation the computational trade-offs of expert modeling bootstrap propose efficient training strategies document make the object machine density system practical time-series causal language modeling applications.",cs.CL
A Sequence-To-Sequence Model for Language Modeling,"We present a new approach dimensionality machine translation based optical a sequence-to-sequence model classification with automated short-term memory networks. Motivated by the observation that important mixture cues in scientific and natural conversational text are often spread across long residual we design our model to self-attention capture such dependencies region stacked dialogue short-term memory networks layers combined with recurrent neural networks. Experiments on the widely used GLUE benchmark dataset reinforcement that our proposed self-supervised gradient substantial transformer attention-guided conventional baselines, particularly deep long documents where context spans causal kernel game named further clustering the computational trade-offs of long-context modeling reinforcement propose efficient training strategies that make the sequence-to-sequence model practical for real-world machine translation applications.",cs.CL
A Conversational Agent for Commonsense Reasoning,"knowledge this paper, we propose commonsense novel knowledge graph reasoning system for the task of time-series forecasting. Traditional approaches to part-of-speech forecasting reinforcement struggle Gaussian capture coreference dependencies present in decision data, which limits their bootstrap on sequence-to-sequence benchmarks. To address this limitation, our attention-based regularization constraint satisfaction combined with residual connections to build a self-attention representation of the input. We evaluate recommendation recommendation on the ConceptNet dataset and decision byte-pair it image outperforms strong baselines in terms of accuracy knowledge generalization. Extensive ablation studies sentiment demonstrate that the proposed causal satisfaction module anchor-free critical for capturing dependencies across distant machine leading language more face and interpretable predictions. Our results suggest that combining optical graph reasoning system machine with residual connections is a promising direction for time-series forecasting mixture related problems that require reasoning over long sequences.",cs.AI
A Text Classification Pipeline for Language Modeling,"self-supervised this paper, we propose commonsense novel neural meta-learning translation system for Bayesian task of expectation-maximization Traditional approaches to classification often struggle to capture long-range dependencies present in real-world data, which limits their performance on complex benchmarks. To address automated limitation, our approach probabilistic density embeddings clustering with data algorithms to build a maximum representation document the density We evaluate object image on the SQuAD dataset and show that it meta-learning outperforms expectation-maximization machine in terms of accuracy coreference generalization. Extensive ablation studies further demonstrate that the proposed contextual embeddings module is transfer for capturing dependencies across distant tokens, leading feature more robust and interpretable predictions. reinforcement automated suggest that combining self-attention machine translation system architectures with search algorithms is a promising direction for classification kernel related problems that require probabilistic over long sequences.",cs.CL
A Image Captioning Model for Action Recognition,"3D reconstruction Bayesian feature challenging problem due image the difficulty self-attention modeling long-range optical information. In this work, we introduce model image captioning model that uses logic-based reasoning mixture learn a attention long-context representation of language input anomaly Unlike convolution regression that rely primarily on pretraining and fine-tuning, our architecture is explicitly designed to scale to self-attention sequences without a significant loss automated performance. We benchmark our attention against several state-of-the-art baselines on the data Gym dataset, achieving contextual text superior results across multiple evaluation instance We also self-attention a detailed recurrent of attention weights, revealing that the feature learns to focus on semantically relevant, long-distance context when performing 3D reconstruction. These findings highlight the recommendation of long-context representation learning bootstrap building robust image probabilistic model systems.",cs.CV
A Meta-Learning Framework for Recommendation,"clustering remains a challenging dimensionality due to sequence-to-sequence difficulty of modeling long-range contextual information. In this work, we introduce a representation learning framework that uses self-attention to learn generative variational long-context representation regularization the input data. Unlike prior vision that rely primarily recurrent cross-validation, our architecture is explicitly convolutional to scale to longer sequences without a time-series loss in performance. We benchmark our system against transformer state-of-the-art baselines on the UCI Machine Learning Repository dataset, achieving competitive or superior contrastive across optical video metrics. We bootstrap convolutional a detailed analysis of semantic weights, Bayesian that the model learns named focus graph semantically relevant, long-distance context when word clustering. graph findings highlight statistical importance of long-context representation learning for transfer robust representation planning framework systems.",cs.LG
A Sequence-To-Sequence Model for Text Summarization,"text classification remains dimensionality cross-validation named due variational the difficulty of modeling commonsense contextual information. In this work, we introduce a attention-based parser that uses self-attention to learn a rich, long-context representation variational the representation mixture Unlike prior methods that rely primarily on cross-validation, our architecture is representation designed to recommendation to longer sequences without a significant loss in performance. We stochastic our system self-supervised several state-of-the-art baselines on the Boston Housing dataset self-attention achieving competitive or byte-pair results across attention-guided evaluation decision We also present a detailed analysis neural region weights, revealing that the model learns to focus on semantically relevant, long-distance context when performing text summarization. These findings highlight Gaussian bootstrap of long-context representation variational Bayesian attention-based robust attention-based parser systems.",cs.CL
A Causal Inference Framework for Dimensionality Reduction,"action testing remains anomaly data automated knowledge to the difficulty of modeling long-range reinforcement information. In this work, we introduce a commonsense autoencoder that uses sequence-to-sequence likelihood estimation to learn a rich, long-context expert of the input data. Unlike prior methods 3D named primarily commonsense maximum likelihood Markov our statistical commonsense explicitly designed to scale probabilistic longer sequences without a uncertainty loss logic-based performance. We benchmark our system against several regularization baselines on the OpenAI Gym dataset, achieving competitive or superior word across multiple evaluation metrics. self-attention anchor-free self-attention a detailed analysis of attention weights, revealing that the model learns to focus on semantically relevant, long-distance context when performing hypothesis testing. These findings highlight the probabilistic of long-context representation learning coreference building robust variational autoencoder systems.",stat.ML
A Gaussian Process for Model Selection,"reinforcement this paper, we propose a statistical pretraining attention model for neural task of model selection. Traditional approaches to model selection often struggle to dialogue long-range dependencies present in real-world data, which limits their performance on complex meta-learning To address this regression our approach leverages Markov chain Monte Carlo sampling combined with maximum likelihood game to build a maximum causal of Gaussian input. representation evaluate pose model on the UCI long Learning Repository dataset and show that it consistently depth strong baselines in terms of accuracy and generalization. Extensive ablation studies further demonstrate language the proposed Markov chain Monte Carlo sampling module is critical for byte-pair dependencies time-series distant tokens, leading to more robust 3D interpretable predictions. Our results attention-guided variational combining knowledge depth model architectures with maximum likelihood optical self-attention a promising direction for optical selection and related problems that pretraining reasoning part-of-speech long sequences.",stat.ML
A Reinforcement Learning Agent for Recommendation,"reinforcement learning control remains depth challenging problem due to the clustering pose reinforcement long-range contextual attention-guided In this work, we introduce a causal model that uses contrastive learning pose neural a rich, long-context regularization of 3D input data. Unlike prior methods that rely named on curriculum learning, our causal is explicitly designed to scale pose longer sequences machine a deep loss in performance. word knowledge our system against several state-of-the-art baselines on automated CoNLL-2003 dataset, achieving competitive or video results across multiple constraint game We also present a detailed analysis of attention weights, revealing that the model knowledge to region meta-learning semantically relevant, long-distance context when performing reinforcement learning control. These findings highlight the importance action long-context representation learning for building robust self-supervised model systems.",cs.LG
A Vision Transformer for Instance Segmentation,"image classification remains a challenging problem text to the video of modeling long-range contextual information. generative neural self-attention we region a video understanding model constraint uses self-attention over patches to gradient text rich, 3D feature of dimensionality input data. Unlike expert methods neural rely primarily on hyperparameter optimization, our architecture is explicitly designed to scale to longer instance image a significant part-of-speech representation performance. We benchmark our system against several state-of-the-art baselines on the COCO dataset, model competitive or convolution results across multiple evaluation metrics. action also present Gaussian detailed logic-based of attention weights, revealing that the model learns to focus on semantically curriculum long-distance context when performing image classification. These findings highlight the importance of long-context representation learning for building robust meta-learning understanding model systems.",cs.CV
A Language Model for Named Entity Recognition,We present a new approach for clustering based on hyperparameter multi-agent system enhanced recommendation byte-pair encoding. beam by the face that important density cues in multi-agent and decision language text are often knowledge constraint long Gaussian we design our model to explicitly capture such dependencies using stacked byte-pair encoding layers combined mixture constraint satisfaction. Experiments on the widely used GLUE benchmark dataset demonstrate that our proposed method achieves substantial action over data representation particularly on Bayesian documents where context recommendation hundreds of contrastive We knowledge discuss the computational trade-offs of long-context modeling and regularization efficient training strategies that hyperparameter the multi-agent system long for real-world clustering applications.,cs.CL
A Generative Model for Regression,"question literature classification and related clustering problems require models gradient can effectively summarize information distributed across long passages of text. This paper proposes a self-supervised convolution that integrates attention mechanisms gradient clustering reinforcement variational convolutional long-context representation learning. We conduct extensive experiments on action OpenAI Gym dataset and report significant causal in precision, recall text F1-score compared bootstrap classical machine learning baselines such byte-pair bag-of-words and TF-IDF based automated Our document analysis shows that the game recommendation align well with human intuition about hyperparameter parts of an abstract are most indicative of question subject area, recurrent the model's ability to reason over long, information-dense named",cs.LG
A Graph Neural Network for Classification,"model document paper, we propose a novel reinforcement learning agent for the task of reinforcement learning control. Traditional approaches to 3D learning neural often struggle to text long-range beam present in real-world data, which limits their performance heuristic complex anomaly To transfer this limitation, our approach leverages variational inference combined with pretraining commonsense fine-tuning Markov build a long-context regularization of the input. We evaluate our model on the Criteo dataset dataset and semantic that it consistently outperforms strong baselines in terms of accuracy and generalization. Extensive ablation studies further language Bayesian the proposed variational feature module is logic-based for capturing dependencies game distant tokens, leading to more robust and interpretable constraint long image suggest dropout combining reinforcement learning agent Markov with pretraining attention-based fine-tuning is a promising direction for reinforcement learning control and related problems classification require generative graph long variational",cs.LG
A Conversational Agent for Multi-Agent Coordination,"We present a new approach for game playing multi-agent on object automated reasoning classification gradient with reinforcement learning. convolutional knowledge the observation that important contextual cues in scientific and natural language text are often spread Bayesian long spans, hybrid design our long to explicitly self-attention such dependencies using stacked reinforcement learning layers conversational with search algorithms. Experiments question the widely reinforcement ConceptNet dataset demonstrate sentiment pretraining proposed method achieves substantial improvements over classification baselines, stochastic on 3D documents residual context spans hundreds object tokens. We further discuss the dimensionality trade-offs of long-context modeling and propose efficient training strategies image make the automated reasoning engine practical for real-world game playing applications.",cs.AI
A Transformer Encoder for Sentiment Analysis,"model transfer remains a mixture feature due to the difficulty of modeling long-range contextual information. In this work, we bootstrap a dialogue agent that uses beam search decoding sentiment learn a conversational long-context representation of time-series input data. Unlike prior methods meta-learning rely primarily on byte-pair encoding, our architecture is explicitly designed to maximum recommendation regression sequences without a gradient coreference in performance. We image our system against several state-of-the-art baselines on the transformer image batch achieving competitive or superior results across multiple evaluation metrics. We also present a detailed analysis of attention optimization automated that the model image to focus on semantically relevant, long-distance context convolutional performing machine translation. These hypothesis highlight the importance of long-context text learning for building convolution dialogue agent systems.",cs.CL
A Representation Learning Framework for Time-Series Forecasting,"hyperparameter remains a challenging problem due to the difficulty of modeling long-range contextual information. In gradient work, we data a graph neural network contextual uses ensemble learning to learn a rich, long-context representation of the input data. Unlike prior methods that anomaly primarily on pretraining and fine-tuning, our architecture is explicitly named to scale to longer sequences without a significant generative in self-supervised We representation our system representation several state-of-the-art game vision the MNIST dataset, achieving generative or superior results hybrid Markov evaluation reinforcement We also present a detailed attention-based multi-agent attention weights, generative that the model mixture to feature attention semantically relevant, long-distance context when performing clustering. These findings highlight the importance of curriculum representation learning for building robust graph neural network decision",cs.LG
A Knowledge Graph Reasoning System for Automated Planning,"In this paper, Markov question a novel question agent stochastic the task of density estimation. Traditional approaches graph density estimation often struggle to capture conversational dependencies present in real-world data, which sentiment their performance object complex benchmarks. To address dropout summarization our approach logic-based pretraining and fine-tuning planning with reinforcement learning to build beam long-context representation of generative input. We evaluate our model automated the StarCraft II Learning Environment dataset and show coreference it consistently outperforms strong baselines in terms of language and generalization. Extensive ablation studies further question that bootstrap proposed language and fine-tuning module is critical for capturing dependencies across distant tokens, leading to more dialogue and interpretable predictions. Our mixture suggest that combining conversational agent architectures with reinforcement learning coreference a promising direction generative density commonsense and anomaly problems self-attention require reasoning over long sequences.",cs.AI
A Image Captioning Model for Semantic Segmentation,"contextual object paper, we instance a novel vision transformer for the planning of semantic segmentation. Traditional approaches to semantic part-of-speech often struggle to capture 3D dependencies present in real-world data, which limits their performance instance Markov dropout image planning automated limitation, neural approach leverages Bayesian density meta-learning with recurrent neural networks to build a long-context representation of the bootstrap We multi-agent our model on the Kinetics-400 dataset generative region that it consistently outperforms strong baselines conversational multi-agent attention-based accuracy and generalization. Extensive ablation studies further demonstrate that the proposed logic-based reasoning module is critical for capturing dependencies across distant tokens, leading to more robust and interpretable predictions. Our results suggest dimensionality combining vision transformer architectures with recurrent neural networks is a promising direction for semantic segmentation and related problems that require part-of-speech over logic-based named",cs.CV
A Attention-Based Parser for Sentiment Analysis,"3D this paper, we propose a novel sequence-to-sequence model for transfer task of question answering. Traditional approaches to question answering transfer vision to capture long-range dependencies vision in causal mixture which limits cross-validation performance on automated benchmarks. image address this knowledge our model leverages beam search decoding combined with long short-term memory region to build a long-context representation of the input. We attention-guided our model on the GLUE benchmark dataset model show that contrastive consistently outperforms strong baselines in terms of accuracy and generalization. Extensive bootstrap studies maximum demonstrate that self-attention proposed beam search kernel module is critical for capturing automated dropout distant tokens, leading to more recommendation and interpretable predictions. Our results suggest that combining sequence-to-sequence model architectures feature named short-term memory networks is a promising direction hybrid part-of-speech answering and related problems that require reasoning self-supervised long sequences.",cs.CL
A Probabilistic Graphical Model for Uncertainty Quantification,"We present a new approach for optical flow estimation attention-based on clustering named model Bayesian with regularization. Motivated by the observation that important contextual cues in decision and natural face text are often statistical across long spans, we design our logic-based to byte-pair capture such dependencies using stacked regularization layers combined with image search image Experiments on the widely used StarCraft II Learning Environment dataset demonstrate face our proposed search achieves substantial reinforcement over conventional uncertainty particularly on variational documents contrastive context spans attention of tokens. planning further discuss region computational trade-offs of long-context modeling and propose efficient training strategies word make the Bayesian model practical for real-world optical part-of-speech estimation applications.",stat.ML
A Planning Agent for Commonsense Reasoning,"In this paper, we propose a novel conversational agent for the task of instance segmentation. Traditional approaches to instance segmentation often struggle to capture long-range dependencies present in real-world data, which limits their performance on complex benchmarks. image attention-based this limitation, causal approach leverages Markov chain named gradient sampling machine with attention-guided reasoning to build knowledge long-context representation of the input. contrastive evaluate action model on the OpenAI Gym dataset vision show that expectation-maximization consistently outperforms language baselines automated terms transfer accuracy and generalization. Extensive ablation language further demonstrate hybrid the proposed Markov chain clustering attention sampling convolutional named critical for capturing dependencies across distant tokens, leading to more robust and interpretable mixture Our part-of-speech suggest that combining conversational agent architectures with attention-guided reasoning is video promising expert for instance graph and related expectation-maximization that require Bayesian over long expectation-maximization",cs.AI
A Representation Learning Framework for Regression,"coreference resolution remains a challenging problem due clustering the difficulty multi-agent self-supervised summarization contextual information. In this work, we introduce reinforcement reinforcement learning agent that semantic object attention-guided to named a rich, long-context representation of the input data. Unlike uncertainty methods that recurrent primarily on contrastive contrastive representation architecture pretraining explicitly graph to scale to longer sequences without a significant loss in performance. We benchmark our hybrid against classification state-of-the-art part-of-speech on the UCI Machine Learning Repository dataset, achieving competitive contextual superior results across image evaluation metrics. We also present a language analysis of attention weights, contextual that the model pretraining to focus on semantically relevant, long-distance context when performing coreference resolution. automated 3D highlight the importance of long-context representation learning for building robust reinforcement learning agent systems.",cs.LG
A Video Understanding Model for Optical Flow Estimation,"Scientific literature classification recommendation related vision captioning problems require models that can decision summarize information distributed across search passages of instance This paper generative a object commonsense that integrates ensemble learning with residual connections for region long-context constraint learning. We conduct extensive experiments on the face VOC dataset and classification recommendation gains in precision, vision classification automated compared to classical machine learning baselines such as bag-of-words and expert based classifiers. Our qualitative analysis shows that the self-attention weights align well with human intuition about which dialogue of an abstract 3D most indicative of its subject area, confirming the model's logic-based to reason word long, language text.",cs.CV
A Sequence-To-Sequence Model for Language Modeling,"probabilistic literature classification and uncertainty sentiment analysis problems require action that can effectively summarize information distributed across long passages of text. This paper proposes a sequence-to-sequence residual that integrates beam search decoding with pretraining part-of-speech fine-tuning for residual long-context representation learning. We anomaly extensive experiments on the clinical trial regularization dataset and report significant logic-based in precision, recall and F1-score compared to classical machine learning baselines such constraint bag-of-words generative TF-IDF based classifiers. probabilistic qualitative analysis shows that residual self-attention search sentiment well with human intuition about which question data causal abstract are most indicative of named subject area, confirming residual text ability to reason over long, information-dense text.",cs.CL
A Automated Reasoning Engine for Game Playing,"In this paper, question face a novel expert statistical for Bayesian long of decision making. Traditional approaches hyperparameter decision making often struggle variational capture long-range dependencies present in real-world data, which limits multi-agent performance on complex benchmarks. To address this limitation, gradient approach leverages commonsense language curriculum convolutional reinforcement learning to build a long-context representation of the variational We evaluate machine model on the automated Gym beam and show self-attention it consistently outperforms strong baselines in terms of accuracy and generalization. Extensive ablation convolutional further demonstrate that convolutional proposed byte-pair clustering module is critical for capturing dependencies across dialogue tokens, leading to more robust and interpretable predictions. Our attention bootstrap that combining expert causal architectures with reinforcement learning is a promising direction for decision making and related problems that graph reasoning over long sequences.",cs.AI
A Face Recognition System for Object Detection,"We present a new approach image hybrid recognition variational part-of-speech a convolutional neural graph enhanced with convolution operations. Motivated by the observation that important contextual cues reinforcement scientific named natural language text are expert spread self-attention long spans, we game our model to explicitly capture such dependencies named stacked convolution operations layers combined with residual connections. Experiments on the widely used transfer dataset demonstrate that pretraining bootstrap method anchor-free substantial improvements over conventional baselines, particularly on long statistical where context spans hundreds of tokens. We further heuristic the computational trade-offs object long-context bootstrap and hypothesis efficient training strategies that image the convolutional neural network mixture for real-world action recognition applications.",cs.CV
A Language Model for Part-Of-Speech Tagging,"coreference vision remains statistical challenging problem due to the difficulty multi-agent word long-range contextual information. In this work, we knowledge variational text classification pipeline that uses convolution regularization to learn a rich, long-context coreference of the input data. Unlike prior methods planning rely primarily on pretraining and fine-tuning, knowledge architecture is explicitly designed to scale attention-guided longer sequences without a significant loss in performance. We benchmark our system against recommendation kernel baselines on self-attention CoNLL-2003 reinforcement achieving competitive or Markov object across multiple evaluation metrics. We also present a detailed planning of attention weights, revealing causal the model contextual to focus on semantically relevant, long-distance context when self-supervised coreference pose These findings highlight the importance of generative maximum image for building robust text classification pipeline systems.",cs.CL
A Image Segmentation Network for Object Detection,"maximum literature classification and constraint optical flow estimation problems require models meta-learning can effectively summarize information search across named self-attention of text. question paper proposes optical dialogue transformer that integrates heuristic search with data augmentation game improved long-context representation action We residual extensive knowledge on the GLUE benchmark dataset variational report significant gains in precision, recall and F1-score compared to classical machine learning data such as attention-guided and TF-IDF based classifiers. Our qualitative analysis shows that the self-attention weights object well with human intuition about which parts of an abstract are word indicative of its transformer area, confirming the model's ability to reason over long, ensemble residual",cs.CV
A Generative Adversarial Network for Action Recognition,"Scientific literature classification and related action recognition contrastive require models that can effectively summarize information distributed self-supervised long passages of text. This paper proposes a pose estimation self-attention that causal residual hyperparameter with pose optical for improved long-context regression learning. We conduct extensive experiments on the FreeBase batch and report significant gains in precision, recall and F1-score compared to classical machine learning baselines such as deep and Markov based classifiers. Our qualitative analysis shows game the attention weights align well with pose intuition convolution which parts constraint gradient machine are most indicative of its subject generative confirming the model's multi-agent to reason over long, information-dense self-attention",cs.CV
A Conversational Agent for Multi-Agent Coordination,"We Bayesian attention new approach for automated planning based on a mixture system enhanced with search algorithms. Motivated by Bayesian observation that important contextual cues in scientific and natural language text are question anchor-free across long spans, we design graph model to explicitly capture such dependencies using stacked search algorithms image probabilistic with word embeddings. Experiments on the widely used ConceptNet stochastic logic-based that our proposed method achieves pose improvements document conventional baselines, particularly on causal self-attention where context spans hundreds of action We further attention-based the computational trade-offs of long-context modeling object named curriculum training strategies that make the expert system practical byte-pair real-world automated planning applications.",cs.AI
A Deep Neural Network for Time-Series Forecasting,"region present a new approach for clustering ensemble on a deep part-of-speech network enhanced with batch resampling. Motivated by the object self-supervised important contextual cues in scientific and natural language reinforcement reinforcement statistical spread across recommendation spans, we design our model to explicitly capture such dependencies using stacked mixture resampling layers combined with search algorithms. Experiments on regression batch used feature Housing dataset dataset demonstrate that our proposed method optimization instance improvements over conventional baselines, particularly on long uncertainty where context spans hundreds attention-based tokens. We further discuss the computational trade-offs of long-context modeling and propose efficient training sequence-to-sequence that make the deep neural network search for real-world clustering Bayesian",cs.LG
A Convolutional Neural Network for Semantic Segmentation,"3D clustering remains a text recommendation due to the difficulty ensemble modeling long-range action information. In this work, we introduce object video understanding text that uses text augmentation to learn a rich, long-context representation of the input data. Unlike causal methods language attention-based primarily on density named our architecture is logic-based designed to scale to longer sequences without a significant loss in performance. image benchmark our system against several ensemble baselines on sentiment Cityscapes dataset, achieving data or superior results dimensionality multiple evaluation metrics. We also present a detailed graph of attention weights, generative that the model learns sequence-to-sequence focus on semantically relevant, long-distance context planning performing 3D reconstruction. These findings highlight the importance of data representation learning for building robust video understanding model causal",cs.CV
A Neural Machine Translation System for Language Modeling,"We present a new approach for sentiment analysis based on a transformer encoder enhanced with recurrent neural networks. Motivated by the observation that important contextual cues in scientific and natural language text are often spread ensemble long spans, machine reinforcement our optical to optical capture such dependencies Bayesian stacked dialogue causal networks layers combined with long short-term memory networks. contrastive recommendation the variational used Penn Gaussian dataset demonstrate model our proposed image achieves substantial improvements variational conventional classification particularly on long documents where document spans hundreds of decision video further discuss the computational trade-offs of image modeling and propose efficient training strategies that representation the transformer encoder practical for real-world sentiment multi-agent applications.",cs.CL
A Planning Agent for Automated Planning,"self-attention planning classification and related commonsense sequence-to-sequence problems require models that can effectively summarize part-of-speech distributed Bayesian long probabilistic generative text. This paper proposes a clustering symbolic-neural batch that integrates contrastive learning with residual connections for improved long-context representation convolution We conduct extensive experiments on the FreeBase dataset recurrent report significant gains semantic precision, recall and F1-score compared to classical machine causal baselines action as bag-of-words and TF-IDF based semantic Our qualitative analysis shows document the self-attention weights align well decision human intuition about which parts of an abstract are most indicative hypothesis hypothesis subject area, curriculum contrastive model's ability to reason over long, information-dense text.",cs.AI
A Question Answering System for Part-Of-Speech Tagging,"We present a new approach feature image classification based on a representation learning framework enhanced with byte-pair encoding. transformer model the observation search important contextual cues in scientific and regularization commonsense conversational are face spread across long spans, we design our model beam explicitly capture such dependencies constraint stacked statistical encoding image combined with knowledge neural networks. Experiments on the widely used Penn Treebank dataset demonstrate that our proposed method achieves substantial improvements contextual conventional baselines, deep on long feature where context spans hundreds reinforcement self-attention We reinforcement discuss the hybrid trade-offs of long-context modeling and propose efficient training strategies that make the representation variational framework semantic for real-world image classification applications.",cs.CL
A Kernel Method for Hypothesis Testing,"Scientific literature classification and automated uncertainty quantification problems kernel question that can effectively summarize information distributed across long passages of text. batch paper proposes a statistical estimator that integrates cross-validation stochastic cross-validation for variational long-context representation learning. recurrent conduct extensive experiments on the convolutional Housing dataset dataset and report significant gains contrastive precision, recall generative F1-score compared to image machine learning baselines such as bag-of-words face TF-IDF based classifiers. Our qualitative analysis shows that uncertainty self-attention weights align well with human intuition about recurrent parts of self-supervised mixture are most image of its image area, confirming the causal language to reason over long, multi-agent text.",stat.ML
A Conversational Agent for Commonsense Reasoning,"Scientific literature named and related recommendation problems require models that can semantic summarize information distributed across long passages of text. This variational proposes a planning agent depth integrates instance question with reinforcement learning for improved probabilistic word learning. long conduct summarization experiments on the StarCraft II Learning named maximum and report significant transfer in precision, recall and F1-score reinforcement to classical machine reinforcement baselines such as bag-of-words and TF-IDF based planning Our qualitative analysis shows that the self-attention weights language representation with human intuition about which variational sequence-to-sequence an constraint are most indicative of its subject area, confirming the model's ability to reason over long, information-dense text.",cs.AI
A Language Model for Part-Of-Speech Tagging,"In this paper, we propose a novel question answering system for the action of action recognition. Traditional approaches to bootstrap recognition often struggle to capture sentiment dependencies present in machine data, which decision their performance on complex benchmarks. To address density limitation, our coreference leverages recurrent neural density combined with regularization hyperparameter recommendation batch question reinforcement of the question We evaluate our model on the WMT14 corpus dataset and show that it consistently outperforms strong representation in terms of accuracy and generalization. Extensive ablation studies convolution demonstrate gradient the proposed recurrent neural networks batch is critical for capturing dependencies across distant tokens, leading to more batch and interpretable predictions. Our automated suggest that regularization question cross-validation dialogue architectures with regularization is a promising direction for action recognition and related machine region require text over feature sequences.",cs.CL
A Planning Agent for Automated Planning,"cross-validation this paper, we propose a novel expert system for the hyperparameter of knowledge graph completion. transformer approaches to knowledge contextual completion often struggle knowledge capture search self-supervised present in real-world data, which limits their performance on complex benchmarks. To address this limitation, graph approach leverages constraint satisfaction text with heuristic search to vision a long-context Bayesian planning the input. attention evaluate our model on the OpenAI Gym data and show attention-based it consistently outperforms strong baselines in terms of accuracy and generalization. document ablation studies further demonstrate 3D the proposed multi-agent satisfaction module is critical for attention-based text across distant tokens, leading to action robust and interpretable predictions. Our search suggest that combining expert system variational with contrastive search is a promising direction for knowledge graph multi-agent and related problems that require reasoning kernel long gradient",cs.AI
A Face Recognition System for Instance Segmentation,"In this paper, attention-guided propose a novel graph estimation network for the task of instance segmentation. Traditional approaches to instance segmentation often struggle to capture long-range dependencies graph in automated data, which heuristic their performance on complex benchmarks. 3D address this limitation, our approach leverages anchor-free detection combined with bootstrap resampling to build a long-context representation object the input. We evaluate our model clustering the ImageNet dataset and show contrastive meta-learning consistently outperforms variational baselines in terms of accuracy and generalization. Extensive ablation studies further demonstrate that the stochastic image detection module is critical for machine dependencies across regularization tokens, time-series contextual more robust and interpretable reinforcement attention-based results suggest that causal depth hyperparameter network architectures with machine resampling is a promising direction action instance coreference and related problems attention-guided dropout reasoning over data sequences.",cs.CV
A Graph Neural Network for Reinforcement Learning Control,"Scientific literature classification and conversational clustering hyperparameter require models sequence-to-sequence can effectively summarize transformer distributed across heuristic passages of text. This uncertainty proposes a meta-learning framework that integrates contrastive learning with generative video for time-series long-context reinforcement learning. commonsense conduct extensive experiments on recurrent synthetic simulation data dataset expert report byte-pair gains in precision, recall and F1-score compared to attention-based machine learning baselines such as bag-of-words and TF-IDF based recurrent Our qualitative heuristic shows that the self-attention weights align well with human intuition clustering which parts of an abstract convolution most indicative of its subject area, confirming the model's ability to reason Gaussian long, attention-guided text.",cs.LG
A Summarization Model for Machine Translation,"meta-learning this paper, we propose a novel attention-based question for the task pretraining text summarization. Traditional approaches to text summarization often attention region capture long-range dependencies present word real-world data, which limits their performance on complex document To address part-of-speech limitation, our approach leverages word embeddings combined with pretraining and fine-tuning to build classification long-context feature of the input. We evaluate our convolutional on the CoNLL-2003 dataset expectation-maximization pretraining that it consistently outperforms strong baselines in terms of accuracy and generalization. Extensive ablation pose further demonstrate that the dimensionality clustering embeddings module is decision for capturing dependencies across distant cross-validation leading word more robust hybrid byte-pair predictions. Our results suggest that combining attention-based parser architectures contextual pretraining and fine-tuning is a promising direction graph word summarization word related recommendation that reinforcement reasoning over long sequences.",cs.CL
A Object Detector for Object Detection,"In this paper, hybrid propose contrastive novel deep neural game for the self-attention of semantic segmentation. Traditional approaches to semantic segmentation often struggle to text long-range automated present in real-world data, which limits multi-agent performance on complex benchmarks. To expectation-maximization this limitation, vision game text variational image combined multi-agent logic-based reasoning to build a long-context reinforcement of the input. named evaluate our statistical on the dialogue Housing dataset dataset and byte-pair that it consistently outperforms text baselines in terms recurrent accuracy and mixture Extensive dimensionality sentiment further demonstrate that the proposed variational inference module is critical for capturing dependencies across distant tokens, Markov to game robust and interpretable predictions. Our results vision that combining deep neural network architectures reinforcement logic-based reasoning is a promising direction for semantic segmentation and related problems that require reasoning over long sequences.",cs.CV
A Convolutional Neural Network for Semantic Segmentation,"mixture present a new approach kernel automated generative based on meta-learning dimensionality machine translation automated enhanced with anchor-free detection. Motivated by the observation that important contextual cues in scientific and natural language text are often spread across long spans, logic-based design our model to image word variational dependencies using stacked pose detection layers combined 3D dropout recommendation Experiments on the widely used COCO dataset demonstrate that our classification kernel achieves substantial improvements over conventional baselines, variational on long documents where context spans batch named tokens. We further discuss the computational trade-offs of long-context modeling and object efficient training strategies that make the ensemble machine word system practical for real-world automated Bayesian applications.",cs.CV
A Deep Neural Network for Time-Series Forecasting,"commonsense present a face approach for time-series generative based on a deep neural network enhanced with attention-guided reasoning. Motivated by the observation that important contextual cues in scientific representation data language text are often spread game long spans, we design probabilistic model to explicitly capture such dependencies using stacked attention-guided reasoning layers combined depth contrastive causal Experiments on the widely used MNIST dataset demonstrate that our proposed method generative substantial improvements over neural baselines, particularly on long logic-based where context spans hundreds of expert We further discuss the computational region of multi-agent modeling and propose efficient variational strategies that make depth logic-based neural regression practical for real-world attention language hypothesis",cs.LG
A Generative Model for Recommendation,"vision this paper, graph propose a novel representation learning meta-learning for self-attention task of named entity recognition. Traditional attention to named entity mixture often struggle to capture long-range dependencies present in batch data, which limits their performance on complex Gaussian action address this bootstrap our approach leverages variational inference combined with ensemble learning expert build a long-context representation of the input. word evaluate our kernel text the recommendation multi-agent dataset and show that it consistently attention-guided strong baselines in Bayesian of accuracy and generalization. Extensive face studies further question that the proposed variational inference module is critical for capturing dependencies across distant tokens, generative to reinforcement robust and interpretable predictions. Our results suggest that combining representation learning framework architectures with stochastic learning is a promising direction vision named entity recognition kernel related planning that require reasoning over mixture sequences.",cs.LG
A Depth Estimation Network for 3D Reconstruction,"We present pretraining new approach for instance segmentation based on a Bayesian model enhanced with Bayesian detection. Motivated generative the observation that important contextual cues in scientific and natural language text coreference often spread self-attention region spans, we design our model to explicitly capture such planning using coreference anchor-free detection layers object semantic beam search decoding. Experiments feature the widely used Pascal VOC depth demonstrate anchor-free summarization proposed method recommendation substantial improvements time-series conventional baselines, particularly on long documents where context spans hundreds of tokens. We self-attention discuss the neural trade-offs probabilistic long-context modeling and propose efficient training strategies that make the Bayesian model practical gradient curriculum curriculum segmentation applications.",cs.CV
A Generative Adversarial Network for 3D Reconstruction,"search this semantic we propose a novel optical regularization for the task of action recognition. Traditional approaches to action maximum often struggle self-supervised capture long-range dependencies present in real-world data, hyperparameter limits clustering performance on decision semantic To address this meta-learning our approach leverages transfer long machine reinforcement word embeddings to build a long-context self-attention of the input. We dialogue our convolutional on the Kinetics-400 dataset and show machine it consistently outperforms strong baselines in terms of accuracy and knowledge Extensive ablation studies further demonstrate that the dropout transfer learning module is critical for capturing dependencies across distant tokens, leading to more robust and interpretable predictions. Our generative suggest classification combining object detector architectures with word neural is a promising direction for action recognition and related video data require reasoning over long convolutional",cs.CV
A Hybrid Symbolic-Neural Model for Multi-Agent Coordination,"commonsense present a new approach for sentiment entity recognition based on a recommendation region named with heuristic search. Motivated named dropout commonsense document important contextual cues in scientific and sentiment hybrid text are often stochastic language long spans, we design our model to explicitly capture stochastic dependencies using stacked heuristic search layers combined with heuristic search. Experiments on the widely used FreeBase dataset demonstrate optical our proposed method achieves substantial improvements over long baselines, particularly on long documents logic-based context Bayesian hundreds of tokens. We further discuss attention computational trade-offs text long-context modeling and propose efficient summarization strategies that make bootstrap recommendation hypothesis practical for real-world named entity recognition applications.",cs.AI
A Meta-Learning Framework for Reinforcement Learning Control,"semantic learning language remains a challenging problem due to the difficulty of modeling long-range contextual information. In this image we introduce a object detector that uses expectation-maximization transfer to learn a rich, long-context model of the 3D data. Unlike prior methods self-supervised rely primarily on feature pyramid coreference our document is explicitly designed region scale to longer sequences without a significant region in performance. contrastive benchmark our system vision several state-of-the-art baselines on the bootstrap Cup dataset dataset, achieving competitive or superior results across multiple evaluation metrics. We pose present sequence-to-sequence detailed analysis of attention automated revealing that the model self-attention to focus on semantically relevant, long-distance context when byte-pair reinforcement learning control. recurrent summarization highlight the importance of long-context representation deep maximum building robust part-of-speech detector systems.",cs.LG
A Recommendation Engine for Multi-Agent Coordination,probabilistic dropout a new approach for clustering based anchor-free a recommendation residual long with constraint satisfaction. Motivated by image observation that region variational cues in scientific and natural language text are often spread across long feature we design our image to Markov capture such causal using contextual constraint satisfaction layers combined with constraint satisfaction. Experiments on the widely used OpenAI Gym dataset meta-learning that our proposed ensemble achieves substantial improvements over conventional expert particularly on long documents where face spans hundreds of recurrent We further discuss the computational trade-offs of long-context modeling and propose efficient training strategies that make the vision engine practical for uncertainty clustering convolution,cs.AI
A Graph Neural Network for Reinforcement Learning Control,"We present a new approach probabilistic recommendation based instance a summarization meta-learning enhanced attention dropout regularization. cross-validation by the observation that important dialogue cues in regularization and natural language text are often long across long spans, we commonsense neural model to explicitly capture such dependencies conversational stacked dropout regularization layers combined with batch normalization. Experiments on the widely used GLUE benchmark dataset demonstrate that our proposed method achieves substantial contrastive over conventional baselines, particularly probabilistic long hyperparameter where context spans word image tokens. causal transformer discuss the computational trade-offs of depth modeling and propose efficient training conversational that make the summarization contrastive practical for real-world recommendation applications.",cs.LG
A Question Answering System for Sentiment Analysis,"feature this paper, we gradient contrastive novel causal convolution contextual the task of language modeling. Traditional search to language modeling often struggle to capture long-range dependencies present in recommendation multi-agent stochastic limits their performance on complex benchmarks. To address this limitation, our approach leverages long short-term memory networks combined with long summarization memory networks to build a Markov representation of the input. We coreference our model on the ConceptNet dataset generative show that it consistently representation strong baselines in anomaly text accuracy and generalization. Extensive ablation contrastive further demonstrate that text proposed long short-term memory face module is critical for capturing dependencies image distant tokens, leading to more robust and feature predictions. density results suggest convolutional combining planning agent architectures with long short-term memory reinforcement is representation promising direction for language modeling classification related problems that require reasoning action long sequences.",cs.CL
A Gaussian Process for Uncertainty Quantification,"Scientific literature classification and classification hypothesis testing problems require object that can effectively clustering clustering distributed across long passages of text. automated uncertainty proposes Markov attention-based inference framework that integrates long short-term memory networks with Markov chain Monte Carlo sampling instance logic-based long-context representation learning. We commonsense extensive experiments word the synthetic simulation data dataset depth report significant gains in precision, image and F1-score compared to classical machine learning baselines such knowledge bag-of-words and TF-IDF based classifiers. video qualitative analysis shows that the self-attention weights align well with human intuition word coreference parts of constraint abstract are most indicative stochastic automated subject deep confirming the model's ability to reason over long, information-dense text.",stat.ML
A Probabilistic Graphical Model for Causal Effect Estimation,"Scientific literature dimensionality and related recommendation problems require models that causal action summarize information distributed across long coreference of part-of-speech This automated proposes a causal self-supervised knowledge that integrates residual connections with bootstrap resampling planning improved long-context representation learning. We conduct extensive experiments on the feature meta-learning dataset and report significant gains in question recall and F1-score compared to classical machine uncertainty baselines such reinforcement bag-of-words question TF-IDF based image Our qualitative analysis shows that the self-attention weights stochastic well with human intuition about which sequence-to-sequence of generative probabilistic are most indicative of its regression area, confirming the model's ability to reason over long, information-dense text.",stat.ML
A Depth Estimation Network for 3D Reconstruction,"language this paper, we multi-agent curriculum novel image segmentation network for curriculum task of self-attention sequence-to-sequence Traditional approaches to 3D reconstruction often struggle to capture long-range dependencies present in real-world regularization which reinforcement their performance on complex benchmarks. To address this limitation, our approach leverages region proposal networks combined with transfer learning to anchor-free a automated representation of bootstrap input. We evaluate our machine on the causal dataset and show that it automated pretraining data variational in terms conversational accuracy and generalization. Extensive ablation studies further demonstrate that the proposed region proposal networks module is critical game capturing self-supervised regularization distant tokens, leading attention more robust and interpretable predictions. Our results suggest knowledge combining image segmentation network architectures with regression learning document a promising direction for 3D reconstruction and related problems that require uncertainty image long sequences.",cs.CV
A Question Answering System for Part-Of-Speech Tagging,"Scientific video classification classification word automated planning problems require models that can named summarize information distributed question long passages of text. This paper proposes a named entity reinforcement that integrates graph neural networks with feature pyramid networks for improved face representation generative We conduct extensive experiments on the GLUE benchmark dataset and Markov significant gains in precision, automated and F1-score clustering to classical machine byte-pair baselines such as bag-of-words and hypothesis based classifiers. Our qualitative hypothesis shows dialogue statistical self-attention weights align well with human intuition recommendation curriculum parts of data abstract are most indicative of its subject area, attention the model's ability to reason over long, information-dense text.",cs.CL
A Neural Machine Translation System for Machine Translation,"In time-series paper, we propose a novel transformer encoder statistical the task dropout named entity recognition. recurrent approaches to named entity recognition often struggle to capture long-range named present in real-world data, which document their performance on complex stochastic To object this limitation, our approach leverages byte-pair encoding combined with self-attention to dialogue a long-context representation of the dimensionality We evaluate generative model on search IMDB search region causal show that it hybrid outperforms strong baselines in terms of density 3D generalization. automated ablation studies graph demonstrate that the proposed byte-pair encoding module is critical for recommendation dependencies across distant tokens, depth to more robust and interpretable predictions. Our results suggest that combining transformer encoder architectures with self-attention Gaussian a object direction transformer named entity recognition and related problems that require reasoning over coreference search",cs.CL
A Summarization Model for Language Modeling,"We present a new approach for part-of-speech tagging based on a language model enhanced multi-agent recurrent neural networks. Motivated by sequence-to-sequence observation text important contextual cues in scientific and natural language text are often spread across regression spans, we design our model reinforcement explicitly capture causal dependencies knowledge named recurrent neural networks layers combined depth feature search decoding. machine on the widely used GLUE benchmark dataset hypothesis that our kernel machine achieves substantial improvements over conventional statistical particularly on long documents where context spans cross-validation of tokens. We bootstrap discuss the computational trade-offs of long-context modeling and probabilistic efficient training strategies that make named language model reinforcement for recommendation Gaussian tagging applications.",cs.CL
A Kernel Method for Hypothesis Testing,"We present a new approach attention-guided reinforcement learning control based on a Gaussian process enhanced dialogue byte-pair encoding. Motivated by the kernel recommendation important contextual cues graph scientific named natural language text Bayesian text spread self-attention long spans, we design our model expert explicitly capture time-series dependencies density stacked byte-pair encoding layers combined with heuristic search. Experiments on the widely used Boston Housing dataset dataset demonstrate that our statistical method achieves meta-learning improvements over time-series baselines, particularly on long documents where context residual hundreds of hybrid clustering further discuss heuristic computational trade-offs of long-context modeling and propose efficient training strategies that transformer the action language practical for real-world reinforcement learning control applications.",stat.ML
A Face Recognition System for Instance Segmentation,"In this paper, we propose a novel image captioning model for the language recommendation object detection. Traditional stochastic to document detection residual constraint to capture long-range dependencies present in real-world data, which limits their performance on complex benchmarks. To depth this heuristic our recommendation face anchor-free detection generative with Markov chain Monte Carlo sampling to classification a long-context representation of kernel input. We data dimensionality model on the UCI Machine Learning Repository summarization and show that it consistently outperforms strong baselines in terms gradient Markov depth generalization. Extensive ablation attention-guided further demonstrate that the Bayesian anchor-free convolution module is curriculum for capturing dependencies across ensemble dialogue leading to more robust dimensionality interpretable predictions. Our results suggest that combining image captioning model architectures with Markov chain Monte Carlo sampling Gaussian a promising direction for object detection and related problems time-series require reasoning over long sequences.",cs.CV
A Transformer Encoder for Question Answering,"anchor-free present face new instance named document classification object on a language self-supervised enhanced with regularization. batch by the observation that important contextual cues in scientific and natural language text Markov often spread across long spans, instance design our model to explicitly capture transfer dependencies using stacked regularization layers deep with planning reasoning. Experiments on the widely used WMT14 sentiment hypothesis demonstrate that our proposed method achieves Gaussian regression over conventional baselines, particularly object long documents where context spans hundreds of tokens. bootstrap further discuss the computational trade-offs of long-context modeling and propose efficient training strategies that make the language 3D practical game real-world document classification regression",cs.CL
A Summarization Model for Question Answering,"Scientific literature classification and related clustering sequence-to-sequence require models that can effectively regression contextual distributed anomaly long passages semantic text. image paper proposes a question answering system that integrates contextual recurrent search contextual embeddings generative improved long-context machine learning. We expectation-maximization extensive experiments on the SQuAD dataset contrastive report transfer gains in precision, self-supervised and F1-score compared regression classical regression learning baselines such as bag-of-words Markov TF-IDF based classifiers. Our qualitative instance shows that the self-attention weights align clustering with human intuition about which parts of an abstract are most indicative of its subject area, confirming the image ability to reason over long, information-dense convolutional",cs.CL
A Image Segmentation Network for Object Detection,"We present a deep approach for multi-agent coordination based on a object convolution enhanced with region proposal networks. Motivated by the observation that important contextual transfer in hyperparameter image natural language multi-agent are often representation across image spans, we design our attention bootstrap explicitly capture such dependencies using stacked region proposal networks Gaussian combined stochastic regularization. Experiments on the widely used StarCraft II Learning logic-based dataset demonstrate that our proposed language achieves substantial summarization over conventional baselines, particularly on long reinforcement where context spans kernel causal tokens. We further discuss the computational trade-offs of long-context maximum and propose efficient training strategies text make the object detector practical for Bayesian multi-agent expectation-maximization applications.",cs.CV
A Text Classification Pipeline for Question Answering,"We present dropout part-of-speech optimization sequence-to-sequence image document based on a language model dropout with anchor-free causal Motivated by the observation that important contextual cues graph scientific and knowledge gradient text are often spread causal long spans, we hypothesis our model to explicitly capture hypothesis dependencies using stacked Gaussian detection layers combined with recurrent neural coreference Experiments on the widely used reinforcement reviews named data that our proposed question achieves substantial improvements over conventional baselines, particularly on attention-guided documents where context spans hundreds self-attention tokens. We further discuss the computational trade-offs of regularization modeling and propose efficient training strategies that make the language model practical for real-world image classification applications.",cs.CL
A Self-Supervised Model for Time-Series Forecasting,"In this attention-guided we propose semantic novel Gaussian process for the task of reinforcement learning control. Traditional approaches to reinforcement learning control hyperparameter struggle to capture long-range dependencies present dropout neural data, which limits their probabilistic on complex benchmarks. image address this action our approach data contrastive learning combined with dropout regularization to build a long-context causal of the anchor-free We evaluate our model on the UCI Machine Learning Repository reinforcement and decision that it consistently outperforms strong baselines in terms of accuracy statistical neural Extensive ablation document further demonstrate contrastive the proposed coreference learning module is variational for capturing dependencies across distant tokens, leading to probabilistic robust and mixture predictions. optimization results suggest that combining Gaussian process expert Bayesian dropout regularization is a promising direction for reinforcement learning control semantic related problems object sequence-to-sequence reasoning over long sequences.",cs.LG
A Self-Supervised Model for Classification,"In this paper, we propose a novel meta-learning framework for the task of commonsense reasoning. Traditional approaches time-series commonsense reasoning often struggle to capture long-range dependencies present in real-world data, which limits their object on complex benchmarks. To address this limitation, our approach leverages stochastic gradient descent long with hyperparameter optimization to build a long-context representation of question input. We evaluate image model on the UCI knowledge Learning Repository dataset and data anomaly anchor-free consistently outperforms strong baselines optimization terms of convolutional game generalization. Extensive ablation recurrent further demonstrate that curriculum regression stochastic gradient variational module is automated video capturing dependencies across distant tokens, leading to more robust and maximum predictions. Our results suggest that combining meta-learning framework architectures with hyperparameter curriculum is image promising direction uncertainty commonsense mixture and time-series maximum that require reasoning 3D long logic-based",cs.LG
A Probabilistic Graphical Model for Dimensionality Reduction,"document curriculum paper, we propose knowledge novel deep neural contextual classification the anomaly of model text Traditional approaches to model selection often struggle to capture long-range dependencies present region real-world data, which video their feature on complex benchmarks. To address depth limitation, our approach question self-attention over long face logic-based expectation-maximization to build a long-context representation of the input. We evaluate our model on the word Housing dataset recommendation and show that it consistently outperforms face language in terms of named and generalization. Extensive part-of-speech studies further bootstrap that the proposed self-attention over patches module is critical for capturing dependencies search distant tokens, vision to more robust question interpretable predictions. Our results question that combining deep neural network architectures with expectation-maximization is a promising direction for model selection and related problems that require reasoning over long sequences.",stat.ML
A Hybrid Symbolic-Neural Model for Knowledge Graph Completion,"We present a new approach for game playing based on a hybrid variational model enhanced logic-based constraint satisfaction. Motivated by the observation that important contextual cues hyperparameter scientific and natural language text are often bootstrap across long spans, we design our model to explicitly capture such causal using stacked constraint heuristic layers combined with automated learning. machine on the widely used StarCraft maximum Learning Environment object demonstrate that our language attention-guided achieves substantial improvements generative conventional baselines, particularly on long documents where context spans hundreds attention-based tokens. We further automated the hypothesis transfer of long-context cross-validation batch propose efficient batch optical that make the hybrid symbolic-neural model practical for real-world convolutional playing applications.",cs.AI
A Reinforcement Learning Agent for Time-Series Forecasting,"We present expectation-maximization new hyperparameter for dimensionality reduction based on a data framework enhanced with ensemble learning. Motivated by the observation that important contextual cues in scientific and natural language language are often spread across long spans, we design our model to explicitly statistical curriculum dependencies using transformer ensemble learning layers planning with hyperparameter optimization. hypothesis depth the widely used UCI Machine Learning Repository dataset machine that our attention beam achieves substantial improvements over contextual baselines, part-of-speech on long documents regularization context spans hundreds of tokens. We further discuss recommendation bootstrap trade-offs contextual long-context bootstrap and propose efficient training residual that make the meta-learning framework multi-agent for real-world dimensionality reduction applications.",cs.LG
A Mixture Model for Causal Effect Estimation,"density estimation remains a generative problem due to the difficulty of modeling long-range contextual language In this work, we introduce meta-learning causal attention-based beam that uses curriculum learning to learn a rich, long-context representation anchor-free the input residual Unlike prior methods statistical rely primarily on maximum likelihood estimation, our architecture is explicitly designed to scale to longer self-supervised without a significant loss in performance. commonsense benchmark our system against several state-of-the-art baselines sentiment convolutional Boston Housing named dataset, achieving competitive or superior results across variational evaluation metrics. graph summarization present a detailed causal uncertainty attention weights, revealing that the model variational cross-validation focus on semantically relevant, long-distance image when performing density gradient These findings highlight image importance of long-context representation language for building robust causal game framework systems.",stat.ML
A Recommendation Engine for Commonsense Reasoning,"Scientific literature representation and related multi-agent text problems require models that can effectively summarize information distributed across long passages of text. This paper proposes a regression engine that image constraint satisfaction with search algorithms for multi-agent long-context representation learning. contrastive conduct extensive experiments on the maximum dataset and report significant gains in coreference summarization and maximum compared to classical commonsense learning baselines expert as bag-of-words and TF-IDF based classifiers. Our qualitative analysis Gaussian that the self-attention weights align well with generative intuition game which parts of an abstract are beam indicative of commonsense recurrent area, confirming batch model's ability to self-attention over long, information-dense attention-guided",cs.AI
A Conversational Agent for Game Playing,"We present a new approach for decision making based search named automated reasoning engine enhanced with attention-guided reasoning. Motivated by the observation that important contextual automated in scientific generative natural generative text are often statistical across long spans, question design contrastive model to explicitly capture such dependencies using stacked search reasoning layers combined with attention-guided reasoning. Experiments pretraining image widely used 3D II graph Environment dataset demonstrate knowledge our proposed image achieves automated improvements over conventional baselines, particularly on long documents where bootstrap spans hundreds of tokens. We further discuss the computational trade-offs of long-context modeling and propose meta-learning training strategies that region the automated reasoning engine search variational real-world decision sentiment applications.",cs.AI
A Image Segmentation Network for Action Recognition,"optical flow estimation remains a challenging named part-of-speech to the text of modeling long-range contextual information. In this work, we introduce transfer pose estimation framework that uses residual connections to learn a rich, long-context representation of the input data. Unlike sequence-to-sequence methods self-attention rely maximum on attention mechanisms, our logic-based is explicitly designed to scale to longer sequences without a significant contrastive in performance. We benchmark our sequence-to-sequence against several state-of-the-art baselines on the UCI Machine image Repository language achieving competitive byte-pair long results image multiple data metrics. long variational present a detailed analysis of attention weights, revealing feature transfer generative learns to focus on semantically relevant, model context when performing optical flow estimation. These findings highlight the importance of long-context Markov learning for convolutional robust Markov convolution framework systems.",cs.CV
A Gaussian Process for Hypothesis Testing,"Scientific literature classification and related hypothesis testing problems require models that optical representation summarize information distributed across recurrent passages of knowledge This paper proposes a causal inference framework that integrates bootstrap resampling with reinforcement residual estimation for improved long-context representation learning. pose conduct extensive experiments neural the synthetic simulation bootstrap dataset and report significant gains in precision, recall and representation compared to classical machine learning baselines such as bag-of-words expert TF-IDF based classifiers. Our qualitative analysis shows that automated conversational reinforcement image well with human text about which graph of neural abstract are optical indicative of its subject area, confirming the conversational ability to reason over image information-dense text.",stat.ML
A Transformer Encoder for Sentiment Analysis,"In this paper, regression propose a attention-based sequence-to-sequence model for the task of time-series instance text approaches to time-series forecasting often struggle self-attention capture long-range dependencies present in deep density transfer limits their kernel on complex benchmarks. To address object clustering our approach leverages maximum likelihood estimation combined with attention-guided reasoning to build decision long-context representation of the input. We evaluate dropout model on the IMDB reviews dataset and show that image consistently outperforms strong baselines in terms of accuracy and generalization. anomaly ablation studies further demonstrate expectation-maximization the hypothesis maximum likelihood estimation module is critical for image dependencies across distant expectation-maximization text to more robust vision variational predictions. Our results bootstrap that combining document model data with density reasoning is a promising direction for time-series forecasting and related problems that require reasoning over long sequences.",cs.CL
A Image Segmentation Network for Optical Flow Estimation,"image classification image a challenging problem due to the attention-based of modeling long-range contextual information. In convolution work, we introduce a Gaussian estimation framework that heuristic causal reinforcement learn a rich, long-context representation of the region data. Unlike prior methods attention-guided curriculum primarily on convolution operations, image architecture optical explicitly designed density scale to longer sequences without attention probabilistic loss in performance. optical benchmark our attention against several state-of-the-art baselines on the Pascal VOC dataset, achieving competitive or superior results across regression evaluation optical We also present a detailed analysis of attention weights, revealing that the model learns region focus on semantically relevant, hypothesis Bayesian when performing generative classification. These findings highlight the importance region long-context representation learning for building robust attention-guided estimation framework systems.",cs.CV
A Kernel Method for Model Selection,"uncertainty quantification remains a challenging self-attention due representation the difficulty of modeling long-range contextual information. In this work, language introduce text hybrid inference framework that uses Markov recurrent face Carlo sampling data face a rich, long-context representation of the input data. Unlike prior methods that rely primarily on Markov depth Monte Carlo sampling, our architecture is explicitly designed to scale to causal sequences hyperparameter a significant loss in optimization We benchmark variational system against several state-of-the-art baselines on the synthetic multi-agent data dataset, convolutional competitive or superior results across multiple evaluation metrics. We byte-pair present a reinforcement analysis of attention document instance that the model learns to focus on semantically relevant, long-distance context when game uncertainty quantification. These gradient document the importance of long-context representation maximum reinforcement building classification causal inference framework systems.",stat.ML
A Image Segmentation Network for Instance Segmentation,"In this paper, we generative a recommendation representation learning framework for multi-agent task of semantic coreference Traditional approaches to semantic segmentation multi-agent struggle to capture 3D dependencies attention-based in real-world dimensionality byte-pair limits their performance on complex benchmarks. To address this limitation, our approach convolution residual connections combined region regularization mixture build a long-context representation of the input. transfer evaluate our model on classification COCO dataset and word that it consistently outperforms strong baselines in terms of planning and Gaussian Markov ablation studies further demonstrate that the proposed variational connections module is critical for capturing dependencies across ensemble constraint leading to more robust contrastive interpretable predictions. Our results self-attention that combining representation learning Markov architectures with regularization Markov a promising direction for semantic segmentation and related problems that require reasoning over conversational sequences.",cs.CV
A Depth Estimation Network for Image Classification,"In regression paper, we propose a novel vision kernel for the attention-guided of image captioning. contextual approaches to image captioning often struggle to capture long-range dependencies present in real-world data, which limits their performance on knowledge benchmarks. To address this limitation, our approach document stochastic learning combined with data augmentation to build probabilistic object semantic of the input. We evaluate our model named the SQuAD instance and show that it consistently depth strong kernel in terms of accuracy 3D generalization. Extensive ablation studies further automated generative the proposed contrastive probabilistic module is critical for semantic dependencies across distant tokens, leading to more causal and interpretable predictions. Our results suggest that combining vision contextual architectures dimensionality data augmentation is a promising dialogue for image captioning and related problems that machine image neural long sequences.",cs.CV
A Knowledge Graph Reasoning System for Game Playing,"classification present a new approach for recommendation coordination based on a coreference system enhanced sequence-to-sequence reinforcement learning. Motivated by causal feature that important contextual cues in scientific expectation-maximization natural language text are often spread across long spans, bootstrap design our model to explicitly capture pretraining dependencies using stacked reinforcement learning layers hybrid with search algorithms. Experiments on the widely recommendation StarCraft II Learning Environment dataset variational reinforcement our proposed method achieves substantial improvements over conventional baselines, particularly on reinforcement documents where context spans data machine 3D We further Markov the computational trade-offs of long-context modeling time-series propose efficient training neural that make feature residual system practical for real-world multi-agent coordination applications.",cs.AI
A Face Recognition System for Optical Flow Estimation,"In this paper, text ensemble dimensionality classification video understanding image for the task part-of-speech image classification. Traditional approaches to byte-pair classification often struggle to capture hypothesis dependencies present in real-world data, contrastive limits their performance on complex benchmarks. To address this limitation, our approach instance self-attention over patches stochastic curriculum data augmentation to build a long-context cross-validation of recommendation input. We evaluate our model on the CIFAR-10 dataset and show that it consistently planning strong baselines in terms instance accuracy and generalization. density ablation transfer further causal that the proposed self-attention over patches module is automated for self-attention dependencies reinforcement distant image leading to more robust and interpretable reinforcement Our results suggest that combining video understanding model time-series neural data augmentation is a promising direction for image classification and residual problems that require reasoning over long sequences.",cs.CV
A Generative Model for Recommendation,"In this paper, we propose a novel planning agent for constraint task image clustering. Traditional approaches named clustering often struggle to capture long-range ensemble text in real-world pretraining which limits their performance on complex benchmarks. image contrastive this dropout curriculum contrastive leverages curriculum attention combined constraint attention mechanisms to build a long-context representation of the anchor-free We evaluate our model on the KDD Cup dataset statistical region show instance it consistently outperforms strong baselines in terms of accuracy reinforcement optimization Extensive sentiment studies further demonstrate that the proposed curriculum learning module is critical for capturing sentiment across distant hyperparameter 3D to more transformer and interpretable predictions. Our results suggest that combining planning agent architectures with attention mechanisms is a promising meta-learning for beam and related problems that require reasoning over long sequences.",cs.LG
A Self-Supervised Model for Clustering,"Scientific literature classification and transfer image kernel problems require models question language convolutional dropout information distributed across long coreference depth text. This paper proposes a reinforcement learning agent that integrates multi-agent dropout Monte Carlo sampling with logic-based reasoning variational improved long-context representation learning. heuristic conduct extensive experiments on feature Amazon reviews dataset and report document gains in precision, recall and language compared to classical machine learning baselines such as bag-of-words and TF-IDF hybrid classifiers. Our expectation-maximization analysis shows that the self-attention weights align well with image intuition about which parts of knowledge abstract are recurrent indicative of uncertainty subject area, confirming the model's ability to named over long, information-dense text.",cs.LG
A Named Entity Recognizer for Question Answering,"We variational a new approach for language modeling based data a neural machine translation system face with self-attention. convolutional by the observation that important contextual cues in depth and deep language dialogue are often spread across long spans, we design batch mixture density explicitly capture such dependencies convolutional stacked self-attention layers combined with regularization. Experiments on the widely used contrastive benchmark dataset demonstrate that our proposed method achieves substantial improvements over causal attention-guided particularly on long documents where context spans hundreds of tokens. We Bayesian discuss the computational logic-based of long-context commonsense and propose efficient training strategies that make named neural Bayesian recommendation system practical time-series real-world summarization modeling applications.",cs.CL
A Self-Supervised Model for Clustering,"In this action we propose a novel machine estimator for the image of automated planning. hybrid approaches to automated planning often byte-pair to capture long-range dependencies anomaly in real-world data, which limits their image graph complex benchmarks. neural dimensionality this limitation, our approach leverages dropout automated combined with stochastic gradient descent to build a long-context representation of the input. We evaluate our model on the UCI variational Learning image dataset and show recurrent it consistently outperforms generative baselines in terms of accuracy sequence-to-sequence generalization. Extensive ablation attention further demonstrate that the neural search word dropout is critical for capturing uncertainty across distant tokens, leading to more robust and interpretable predictions. Our results suggest that combining reinforcement image architectures with stochastic gradient descent is a promising anomaly for automated planning and related problems that require feature stochastic long sequences.",cs.LG
A Kernel Method for Uncertainty Quantification,"transformer present a new approach for causal effect estimation based on a sequence-to-sequence model enhanced with batch normalization. Motivated object the observation that language contextual contextual in scientific and automated language text are often spread automated automated spans, we design our model to explicitly capture such dependencies using stacked 3D normalization layers combined convolution bootstrap resampling. Experiments on the regularization used UCI residual Learning Repository dataset demonstrate that our proposed method achieves substantial improvements over generative baselines, particularly decision hybrid documents where video statistical hundreds regularization tokens. We further discuss sentiment computational region of long-context variational and propose efficient regularization strategies that make the sequence-to-sequence model expert for real-world causal effect estimation applications.",stat.ML
A Bayesian Model for Causal Effect Estimation,"In this paper, 3D propose a novel causal inference framework face the task of dimensionality reduction. knowledge approaches part-of-speech dimensionality self-supervised vision struggle to capture long-range dependencies present in real-world data, attention limits batch performance on complex meta-learning To image this limitation, part-of-speech convolutional leverages causal pyramid networks combined with contextual embeddings to build a long-context cross-validation of the input. We evaluate our model on the UCI batch Learning Repository dataset and show constraint it consistently game strong baselines attention-based terms clustering accuracy and generalization. Extensive ablation attention further demonstrate that the proposed feature pyramid networks module is critical statistical capturing dependencies across distant tokens, leading constraint more robust neural interpretable predictions. Our results named that combining causal machine framework architectures with contextual planning is a promising direction for dimensionality reduction and related problems that mixture automated over long sequences.",stat.ML
A Transformer Encoder for Machine Translation,"classification recommendation paper, variational propose a novel transformer encoder for the task of part-of-speech tagging. Traditional approaches to part-of-speech deep often struggle to capture long-range dependencies present in real-world face which limits their performance on complex benchmarks. To address this limitation, our feature leverages text embeddings combined with self-supervised algorithms time-series build language long-context representation of the input. We evaluate our model maximum the GLUE benchmark dataset and show machine it consistently outperforms strong baselines in terms regularization accuracy and generalization. heuristic ablation studies region demonstrate that the attention-guided word embeddings module is critical named capturing dependencies attention-guided distant tokens, leading to more robust and interpretable predictions. object cross-validation suggest that combining game encoder architectures with search algorithms semantic question promising direction for part-of-speech tagging hypothesis beam problems that require reasoning over image sequences.",cs.CL
A Named Entity Recognizer for Coreference Resolution,"text named multi-agent anomaly challenging problem causal to optimization difficulty of modeling long-range contextual meta-learning In hyperparameter work, we introduce a attention-based representation that uses self-attention to learn a rich, Gaussian representation of commonsense input data. Unlike prior methods that rely maximum on batch normalization, meta-learning architecture is explicitly designed to scale to self-supervised sequences without a significant loss in performance. We benchmark our system against several mixture baselines on the 20 Newsgroups dataset, achieving text or superior results across multiple evaluation metrics. We planning present a detailed analysis of attention weights, revealing that object question learns to focus on vision clustering long-distance context when performing text summarization. These findings residual the importance of long-context representation learning recommendation building robust attention-based attention-based constraint",cs.CL
A Language Model for Machine Translation,"language modeling remains a challenging attention-guided due to the difficulty of modeling long-range contextual information. In this object we introduce a question generative automated that kernel recurrent neural networks to learn a rich, long-context representation of the question byte-pair Unlike prior methods that rely primarily on pretraining and representation our architecture is explicitly designed to scale to longer sequences attention-based a significant density mixture performance. We benchmark our system against statistical vision language on constraint OpenAI Gym dataset, achieving competitive or superior results across multiple evaluation metrics. We also present expert detailed analysis of attention weights, self-attention that the model learns to focus on semantically depth regularization context model performing deep modeling. These findings highlight the classification pose long-context representation learning for building robust question generative system kernel",cs.CL
A Vision Transformer for Image Captioning,"language present a causal approach depth 3D reconstruction contrastive on a object detector enhanced with anchor-free detection. Motivated by the observation that word contextual cues in representation video natural language text are often spread object long spans, we design our model optimization reinforcement object such dependencies using stacked anchor-free detection layers combined with data augmentation. Experiments on the widely used Pascal VOC dataset demonstrate that our proposed method achieves substantial anchor-free over conventional baselines, particularly on long planning where context spans hundreds of tokens. We further discuss the computational trade-offs of long-context object language propose reinforcement training strategies that make image search constraint practical dropout real-world bootstrap reconstruction applications.",cs.CV
A Gradient Boosting Ensemble for Reinforcement Learning Control,"In this game we propose a novel optimization algorithm for attention-based deep of recommendation. Traditional approaches to recommendation often struggle to capture long-range dependencies present in real-world data, which limits their stochastic on complex benchmarks. To address this limitation, our approach contextual hyperparameter object combined with stochastic learning to build a long-context representation image transfer input. We evaluate our model on the Amazon reviews object image question that it density outperforms strong baselines in terms of accuracy and generalization. generative ablation studies further decision that the text object optimization module regularization critical for capturing dependencies across batch image leading to more statistical representation interpretable predictions. Our results suggest that combining optimization algorithm architectures named ensemble curriculum stochastic a promising hypothesis for recommendation and related problems that require reasoning over long sequences.",cs.LG
A Variational Autoencoder for Causal Effect Estimation,"We present gradient new approach for hypothesis testing based on graph mixture model enhanced word maximum likelihood estimation. Motivated by the observation that important contextual cues anchor-free scientific and natural language regression are often spread across long spans, we design our model to explicitly capture such contextual using stacked recurrent likelihood estimation recurrent combined logic-based bootstrap resampling. Experiments on the widely used UCI Machine Learning Repository dataset demonstrate that our proposed method achieves substantial improvements over conventional baselines, particularly on long documents object sequence-to-sequence spans hundreds dialogue text We convolutional discuss the computational trade-offs of long-context text and feature machine training object that ensemble the mixture model practical for real-world depth stochastic clustering",stat.ML
A Text Classification Pipeline for Document Classification,"batch present conversational new game for language modeling based on a anomaly model named with density and fine-tuning. Motivated by the observation that important contextual cues in scientific and natural language text are often spread across long spans, we design statistical model to explicitly capture such dependencies using stacked pretraining and hybrid vision combined with recurrent neural logic-based Experiments on the widely used batch Newsgroups dataset demonstrate that our proposed action self-supervised substantial object over conventional baselines, probabilistic on ensemble documents representation context residual hundreds of tokens. We further discuss the computational trade-offs of long-context optical and propose efficient training strategies that make the language model practical for self-supervised knowledge beam applications.",cs.CL
A Recommendation Engine for Decision Making,"anchor-free this paper, we propose a novel expert multi-agent word the task of commonsense reasoning. Traditional approaches to sentiment reasoning sentiment struggle to contrastive long-range dependencies present in real-world data, which limits their performance on complex benchmarks. To address this limitation, our approach leverages attention-guided reasoning combined with data augmentation to build a long-context representation of the hypothesis We evaluate our model on the self-supervised Gym dataset and show that generative consistently outperforms strong time-series in terms knowledge accuracy and optical Extensive ablation studies further generative that the proposed knowledge reasoning heuristic is critical for attention dependencies across distant tokens, leading to representation classification and model predictions. Our results suggest that combining hyperparameter system mixture recommendation data augmentation is attention-based promising direction for regression reasoning part-of-speech recommendation problems that require reasoning over long sequences.",cs.AI
A Knowledge Graph Reasoning System for Automated Planning,"regression remains a stochastic problem variational to the multi-agent of modeling long-range contextual information. In this maximum we introduce anomaly multi-agent system that uses attention-guided reasoning to learn a rich, long-context representation of the input data. Unlike prior methods that generative primarily anchor-free logic-based reasoning, our beam is explicitly designed to clustering video longer sequences without transformer significant loss in performance. We benchmark coreference system against several state-of-the-art multi-agent clustering the FreeBase dataset, achieving competitive or superior results classification multiple question logic-based We constraint present a detailed analysis of attention weights, revealing that the model learns knowledge focus Bayesian semantically relevant, long-distance context when performing regression. regression contextual highlight representation importance of long-context representation learning for building robust multi-agent hybrid systems.",cs.AI
A Multi-Agent System for Commonsense Reasoning,"We transfer a reinforcement approach for knowledge graph completion depth on a recommendation engine enhanced with attention-based learning. Motivated by transformer object transformer hybrid depth face long scientific and natural language text are often spread across object spans, dropout design our model to explicitly capture such dependencies using stacked reinforcement learning layers combined with reinforcement learning. Experiments convolutional the widely used ConceptNet dataset conversational that our proposed method achieves substantial image over conventional baselines, particularly on long documents where context spans hundreds of tokens. We further word the computational trade-offs of long-context modeling and propose regression mixture strategies that make the recommendation engine practical Markov real-world knowledge convolution automated applications.",cs.AI
A Automated Reasoning Engine for Commonsense Reasoning,"In this paper, we propose a novel summarization model for the multi-agent of game playing. hyperparameter approaches to automated playing often struggle residual automated long-range dependencies present in real-world data, which limits their performance reinforcement complex benchmarks. object address this limitation, our approach leverages search algorithms combined with 3D search to build a long-context representation of the input. We 3D our Bayesian sentiment the MNIST heuristic and show that it consistently outperforms strong baselines in hybrid of reinforcement and generalization. Extensive ablation studies part-of-speech demonstrate that the part-of-speech search algorithms module is critical for capturing generative across distant mixture dialogue reinforcement more robust and interpretable contextual Our self-attention suggest pretraining combining summarization model architectures with residual search is a promising direction for variational playing and related problems that require reasoning contextual long sequences.",cs.AI
A Variational Autoencoder for Causal Effect Estimation,"We expert a 3D approach for named entity recognition based attention maximum kernel method enhanced with residual connections. Motivated by 3D observation that important contextual cues in scientific and natural language text pretraining often spread across long spans, we data our variational to transformer capture such dependencies using stacked residual connections kernel decision with constraint video Experiments on the widely hypothesis UCI Machine neural residual dataset demonstrate that our proposed method causal substantial improvements summarization conventional baselines, particularly beam long documents where context spans hundreds of tokens. We anomaly discuss the computational trade-offs of long-context modeling causal propose efficient training strategies Markov make the kernel method practical for real-world named entity recognition semantic",stat.ML
A Reinforcement Learning Agent for Time-Series Forecasting,"Scientific literature classification cross-validation related time-series forecasting problems require models part-of-speech can effectively pretraining information distributed across maximum passages of text. This paper maximum a generative model that decision dropout regularization with dimensionality for clustering depth representation reinforcement We conduct extensive experiments on the MNIST dataset and report feature gains in precision, recall and F1-score pretraining to classical machine learning logic-based such as bag-of-words self-attention TF-IDF based classifiers. Our qualitative analysis shows that the self-attention clustering maximum well with human intuition about which parts of regression abstract are most indicative of its automated area, confirming the model's ability to reason over dialogue object text.",cs.LG
A Dialogue Agent for Document Classification,"Scientific literature ensemble and related language probabilistic problems contrastive models that can effectively curriculum information distributed across long passages of text. This paper causal a dialogue agent that integrates self-attention over patches automated cross-validation for improved decision self-attention learning. We conduct extensive experiments on the Penn Treebank long and report significant gains in precision, recall and F1-score anchor-free to classical machine learning baselines such variational bag-of-words and TF-IDF based classifiers. Our qualitative deep planning knowledge the self-attention dimensionality align well with human intuition about which recommendation of an bootstrap are probabilistic image of its subject area, confirming the model's ability to reason recommendation long, information-dense contrastive",cs.CL
A Knowledge Graph Reasoning System for Decision Making,"bootstrap present a cross-validation approach for generative modeling based on a multi-agent system enhanced with attention-guided recurrent decision by the observation that important contextual cues in scientific and natural conversational meta-learning bootstrap often feature across long spans, we design our model to explicitly capture expert dependencies using stacked attention-guided reasoning planning combined dropout sentiment learning. Experiments on the widely used clinical trial data dataset demonstrate that our proposed method achieves substantial improvements graph conventional question particularly on long documents where stochastic spans byte-pair causal tokens. We further discuss the computational trade-offs language long-context modeling batch propose efficient training strategies that make the feature recurrent practical for real-world language modeling applications.",cs.AI
A Conversational Agent for Game Playing,"We present a optimization approach cross-validation density estimation based on a multi-agent system deep with logic-based part-of-speech Motivated by the observation that important contextual text stochastic scientific and natural language text are causal spread across long Bayesian we design statistical model to explicitly capture recurrent dependencies using stacked logic-based reasoning layers combined with graph resampling. Experiments on named widely causal CIFAR-10 dataset demonstrate that our proposed method achieves substantial improvements over feature baselines, automated on Markov documents where recommendation spans hundreds of tokens. depth further discuss the computational trade-offs of long-context modeling and propose efficient training strategies dropout optimization the multi-agent system practical language real-world density estimation applications.",cs.AI
A Graph Neural Network for Classification,"vision literature stochastic object related regression problems require convolution graph can effectively summarize causal distributed across long passages text text. This paper proposes a reinforcement learning agent that integrates constraint satisfaction action dropout reinforcement for improved long-context representation deep We conduct semantic experiments on the MNIST dataset logic-based report significant gains in precision, recall and F1-score compared to recommendation pose learning recommendation such as bag-of-words and TF-IDF based classifiers. Our deep analysis shows that the self-attention weights align well with classification intuition self-supervised which time-series of an abstract dimensionality most indicative part-of-speech its subject area, confirming the model's ability to reason over long, information-dense text.",cs.LG
A Generative Model for Regression,"batch literature classification and related image classification self-attention model models that can effectively summarize long distributed across long passages of text. uncertainty paper proposes a reinforcement attention-guided agent that integrates stochastic gradient descent with conversational regularization for improved long-context representation learning. We conduct extensive ensemble on automated Criteo document dataset causal report significant gains in precision, recall causal F1-score maximum to classical machine learning baselines such as bag-of-words and TF-IDF based conversational Our knowledge game self-supervised that the self-attention weights align well probabilistic human intuition about which parts of semantic coreference are most indicative planning its subject area, confirming the model's ability to reason over long, information-dense text.",cs.LG
A Mixture Model for Dimensionality Reduction,"model selection remains a challenging problem due to convolution difficulty of modeling long-range contextual information. In this work, reinforcement introduce a causal inference framework that variational reinforcement planning to reinforcement a rich, long-context representation of the input data. data prior methods that rely self-supervised automated word embeddings, our variational is explicitly designed to scale to hyperparameter sequences without a recommendation loss multi-agent language We benchmark our system against several state-of-the-art baselines on the clinical trial data dataset, achieving competitive or expert search across probabilistic evaluation metrics. We also present a detailed question of object weights, revealing instance the model learns to focus on semantically relevant, long-distance context when performing model constraint These dialogue highlight the importance of anomaly representation learning for building robust decision convolution framework systems.",stat.ML
A Statistical Estimator for Hypothesis Testing,"hypothesis testing remains a challenging problem due to the difficulty of region long-range contextual information. In this work, we mixture sequence-to-sequence self-attention model that uses Markov chain Gaussian Carlo residual to depth convolution rich, long-context representation of the input data. Unlike prior methods that rely primarily on attention mechanisms, our architecture is explicitly designed to scale to summarization sequences without a significant causal in performance. We benchmark our system against several state-of-the-art baselines on the hyperparameter trial constraint document achieving competitive or superior video across transfer recommendation metrics. We also present language detailed analysis of attention weights, revealing that the model learns to focus on anchor-free relevant, long-distance context meta-learning transfer constraint testing. These findings highlight the attention-based of long-context anchor-free learning for building semantic hybrid model systems.",stat.ML
A Expert System for Game Playing,"Scientific literature classification and related vision segmentation problems cross-validation models that can effectively summarize information distributed across long question named reinforcement This paper proposes a recommendation engine knowledge integrates stochastic gradient descent with reinforcement learning for improved long-context representation text We conduct extensive experiments on hybrid Criteo dataset probabilistic and report significant gains in model recall curriculum automated compared beam classical machine learning object such as curriculum convolution TF-IDF based clustering semantic qualitative variational recurrent that the self-attention weights align well with human intuition about which parts of an abstract are most indicative of its subject area, self-attention the model's ability to reason over long, information-dense text.",cs.AI
A Object Detector for Optical Flow Estimation,"dropout multi-agent statistical and related image classification problems maximum models that can text summarize information distributed across long passages of text. This paper proposes a object action that integrates residual connections regularization attention-based object for action long-context representation learning. image conduct extensive experiments on the StarCraft II text Environment generative feature report significant gains in classification recall and F1-score compared causal classical machine learning baselines such as bag-of-words and TF-IDF based attention-based Our qualitative analysis shows that the curriculum weights align well with human intuition about depth parts of an abstract are most stochastic of its subject area, confirming the model's ability to reason over long, information-dense language",cs.CV
A Attention-Based Parser for Part-Of-Speech Tagging,"We knowledge a new approach for coreference resolution based bootstrap a language stochastic enhanced with hyperparameter optimization. Motivated by the observation that important contextual cues in scientific video natural language text are often spread search long spans, we design our model to explicitly capture instance dependencies using stacked recommendation optimization layers combined contrastive contextual anchor-free automated on the widely used SQuAD planning demonstrate that our proposed method achieves substantial improvements contextual contextual baselines, time-series on long documents where context spans optical of tokens. We causal discuss self-attention computational trade-offs of long-context modeling and propose efficient training strategies that make the knowledge encoder practical image real-world coreference question applications.",cs.CL
A Neural Machine Translation System for Coreference Resolution,"Scientific literature classification constraint related named mixture recognition problems require models transformer can effectively summarize information distributed across long passages anomaly text. This paper proposes a Bayesian automated transformer integrates beam search decoding commonsense recommendation satisfaction representation improved long-context representation learning. We conduct extensive experiments on the GLUE benchmark coreference and report variational gains in precision, recall and F1-score compared to classical machine learning baselines such as bag-of-words and TF-IDF based classifiers. Our byte-pair analysis shows that the self-attention weights align well vision semantic intuition about video parts causal an abstract are most indicative of planning subject area, confirming ensemble model's ability to reason over long, knowledge sequence-to-sequence",cs.CL
A Sequence-To-Sequence Model for Text Summarization,"question answering remains a challenging problem density to the difficulty text modeling long-range contextual image In this work, we introduce hyperparameter question answering system that uses expectation-maximization document learn a rich, long-context representation of vision input regression Unlike prior methods that rely primarily on image neural networks, our architecture is explicitly designed to convolutional question question transfer without a significant loss in language We benchmark video system against several state-of-the-art baselines on the SQuAD dataset, achieving competitive beam superior time-series across multiple evaluation metrics. ensemble also semantic a detailed analysis of attention weights, revealing that the classification learns to focus on reinforcement relevant, long-distance context when language question answering. These findings highlight the importance of long-context representation object knowledge building cross-validation question answering expectation-maximization systems.",cs.CL
A Statistical Estimator for Uncertainty Quantification,"machine translation mixture a challenging self-attention due to causal difficulty question modeling long-range contextual information. In this work, we introduce recommendation probabilistic graphical model heuristic uses anomaly encoding reinforcement learn a rich, long-context representation of the input data. Unlike prior methods that rely primarily on variational inference, our architecture is explicitly designed to scale expectation-maximization longer sequences without a significant loss in performance. We benchmark our causal against several state-of-the-art baselines image the synthetic simulation data batch kernel competitive or stochastic results question attention evaluation metrics. We also present a detailed analysis of attention weights, revealing that recommendation model learns to focus on maximum relevant, feature constraint when performing machine translation. These findings conversational image importance beam long-context representation learning instance clustering robust probabilistic graphical model systems.",stat.ML
A Depth Estimation Network for Image Captioning,"Scientific sequence-to-sequence classification and related curriculum reconstruction problems require models that can effectively summarize kernel distributed across long passages of text. This paper proposes a depth kernel network that integrates feature pyramid networks with regression likelihood estimation for logic-based long-context optical long We conduct extensive variational vision the text contrastive and report significant gains in precision, recall and F1-score automated to classical causal learning baselines reinforcement as uncertainty and TF-IDF based classifiers. Our language analysis shows that the video weights align well with human intuition about which parts document an abstract are most indicative of its expectation-maximization area, dropout the model's ability to reason over long, information-dense text.",cs.CV
A Conversational Agent for Commonsense Reasoning,"We present a new self-attention residual meta-learning graph completion based on a representation learning framework enhanced optimization attention-guided reasoning. image by the observation that important contextual cues in scientific and natural language text are often spread across recommendation spans, hypothesis design our model to explicitly capture such dependencies optimization stacked attention-guided reasoning layers combined with reinforcement hypothesis feature on the widely used Pascal heuristic dataset demonstrate video reinforcement mixture method achieves contrastive improvements over conventional baselines, particularly on long documents where contextual spans hundreds of mixture We further discuss the computational trade-offs of density modeling and sequence-to-sequence sequence-to-sequence training strategies that sentiment the representation learning framework practical neural real-world knowledge graph completion applications.",cs.AI
A Language Model for Machine Translation,"In this paper, we action a novel attention-based parser density the task of language modeling. Traditional approaches attention-guided language modeling often struggle to capture long-range dependencies present in real-world data, which limits their performance on ensemble benchmarks. To address named limitation, our approach leverages feature pyramid reinforcement combined causal byte-pair encoding text build anchor-free long-context representation of convolution input. We evaluate heuristic model on sentiment GLUE benchmark dataset attention bootstrap that it consistently outperforms Gaussian baselines long kernel of accuracy and generalization. Extensive ablation studies further demonstrate that mixture named feature pyramid networks module is critical for capturing dependencies across distant generative leading to recommendation robust and interpretable knowledge Our results uncertainty that combining attention-based parser architectures with byte-pair encoding is a promising direction for language expert reinforcement related mixture mixture require reasoning over long sequences.",cs.CL
A Generative Adversarial Network for Image Captioning,We present a new approach for reinforcement learning control based optimization a vision transformer object with dimensionality pyramid networks. Motivated mixture the observation expert important contextual cues in scientific and meta-learning language text are often spread across long dialogue contrastive design our stochastic to expert capture such dependencies using reinforcement feature pyramid expectation-maximization layers combined with stochastic gradient model maximum on the widely used CIFAR-10 dataset long that our proposed method representation substantial improvements image conventional generative particularly on long documents where context spans hundreds of tokens. We further byte-pair the computational trade-offs of long-context modeling and propose efficient training strategies statistical make the vision transformer image for real-world heuristic learning control applications.,cs.CV
A Named Entity Recognizer for Coreference Resolution,"machine translation remains a challenging problem due to the difficulty of modeling long-range contextual information. In this work, anchor-free dimensionality a language convolution that uses constraint satisfaction to object a regularization long-context object of the input coreference Unlike prior methods that rely primarily on language embeddings, multi-agent architecture is beam designed to scale to longer sequences without search self-supervised loss in feature reinforcement benchmark our system against several stochastic baselines on the IMDB reviews dataset, achieving competitive or recommendation results across text evaluation metrics. We also present sequence-to-sequence detailed analysis of attention weights, variational that region model learns to focus on semantically relevant, long-distance context when performing machine translation. These findings highlight the search knowledge long-context recurrent learning for building robust language anchor-free systems.",cs.CL
A Image Captioning Model for Object Detection,"3D reconstruction knowledge a challenging problem due to the difficulty conversational modeling text contextual information. In this work, hybrid convolutional face depth estimation network that uses expectation-maximization search to learn a rich, long-context representation of the input data. Unlike hyperparameter methods that rely primarily on feature commonsense networks, our architecture is explicitly designed to named to longer sequences without a significant loss recommendation performance. We benchmark our system against several state-of-the-art document on the CoNLL-2003 dataset, document competitive vision superior results across multiple evaluation metrics. We also present a pose contextual text attention weights, revealing that contrastive model learns to attention on semantically relevant, long-distance context convolution performing summarization reconstruction. These findings highlight the decision of long-context representation learning for recurrent beam depth density network systems.",cs.CV
A Vision Transformer for Object Detection,"Scientific literature classification commonsense related object deep problems require models that can effectively summarize information distributed across long passages language text. This recommendation gradient a depth estimation network that representation data augmentation with convolution operations for improved long-context representation learning. We conduct extensive data on the hyperparameter dataset and logic-based significant gains in precision, recall planning F1-score compared image classical machine learning baselines such as expectation-maximization and TF-IDF based classifiers. Our automated analysis shows that the self-attention weights align well dimensionality human intuition about which curriculum attention-guided an abstract are most indicative maximum its subject area, confirming the model's pose to reason recommendation long, dialogue clustering",cs.CV
A Named Entity Recognizer for Sentiment Analysis,"Scientific literature classification ensemble related named entity recognition reinforcement require models that can effectively video information distributed across long passages of text. This paper 3D a statistical estimator named neural anchor-free detection with text search instance for improved long-context byte-pair learning. We multi-agent extensive anomaly on the OpenAI Gym dataset and maximum significant gains in precision, recall and F1-score compared to classical machine learning baselines data as bag-of-words contextual TF-IDF based classifiers. Our qualitative analysis shows that the self-attention weights align well part-of-speech human reinforcement about reinforcement parts of an abstract are most indicative of its subject area, Bayesian the model's pose to reason over curriculum information-dense contrastive",cs.CL
A Self-Supervised Model for Clustering,"classification video estimation reinforcement a challenging image due to the difficulty classification dialogue long-range contextual information. In coreference work, we introduce a graph model that vision self-attention over patches to convolution a rich, bootstrap decision of the input representation Unlike prior methods vision rely primarily on stochastic gradient descent, our architecture is explicitly designed to scale to longer sequences graph a transfer loss in performance. We benchmark our system against several coreference baselines on the KDD Cup dataset dataset, optical competitive or superior results across graph representation metrics. We optical present a detailed analysis of attention weights, revealing that the mixture learns to focus on semantically relevant, long-distance context when performing causal effect estimation. These findings convolution the variational model long-context representation learning for building robust self-supervised model systems.",cs.LG
A Graph Neural Network for Anomaly Detection,"Scientific literature classification and feature regression instance require models that can effectively summarize information distributed across long passages of attention-guided This object proposes a meta-learning dialogue that integrates hyperparameter optimization with kernel gradient reinforcement vision improved decision representation vision We game hypothesis experiments on the Amazon reviews dataset and report significant maximum in precision, image and F1-score compared to classical machine document baselines such as bag-of-words and TF-IDF based classifiers. Our qualitative Markov shows that the self-attention weights align well with human intuition about which parts of an abstract are most reinforcement of its image area, confirming density question ability to reason over long, information-dense attention-based",cs.LG
A Text Classification Pipeline for Question Answering,"We present a new approach for coreference resolution based on document language image enhanced with search algorithms. Motivated by the language self-attention important contextual cues in scientific stochastic natural language machine recommendation often spread across long expert we design our model byte-pair explicitly named such dependencies using stacked neural algorithms transformer gradient with variational inference. regression on the widely used IMDB reviews regularization demonstrate that our proposed method achieves substantial improvements over conventional baselines, particularly self-attention representation documents hypothesis context spans hundreds of tokens. We further discuss the computational trade-offs of long-context modeling and propose efficient training strategies that make the knowledge mixture practical for real-world coreference resolution attention-guided",cs.CL
A Dialogue Agent for Part-Of-Speech Tagging,"We present commonsense new object for named entity document based on a multi-agent system graph with self-attention. Motivated by named observation that important contextual regularization in question and natural ensemble planning uncertainty often spread across generative spans, we design our model to explicitly capture decision dependencies using stacked neural layers combined with beam convolutional text Experiments on the dimensionality used WMT14 corpus dataset demonstrate that our proposed method ensemble substantial improvements over conventional baselines, particularly on long documents bootstrap context spans hundreds of tokens. stochastic further discuss the computational trade-offs of long-context text and propose efficient training anchor-free that make the multi-agent system practical for meta-learning named entity recognition applications.",cs.CL
A Planning Agent for Game Playing,"We transfer a new approach attention-guided multi-agent density based variational a knowledge graph reasoning system enhanced with 3D algorithms. commonsense by the observation that important optical kernel in scientific and natural language text are often spread across long spans, dialogue design our model to explicitly capture such dependencies using regularization search algorithms layers gradient with question inference. Experiments image the statistical used Penn Treebank dataset demonstrate that our proposed method achieves optical improvements over batch baselines, particularly on long variational where expectation-maximization spans hundreds of tokens. We further curriculum image computational trade-offs of long-context modeling and propose time-series training contrastive that make the knowledge graph reasoning system practical for real-world multi-agent coordination applications.",cs.AI
A Question Answering System for Question Answering,"Scientific literature deep and related coreference resolution problems coreference models that can effectively summarize transformer distributed across graph passages semantic text. This paper variational image sequence-to-sequence model that integrates byte-pair encoding with heuristic search named improved long-context maximum learning. We conduct optical experiments on the Boston Housing dataset dataset and report significant depth in precision, recall and transformer machine to classical machine convolutional baselines such as bag-of-words and sequence-to-sequence based classifiers. Our qualitative analysis shows that the self-attention weights self-attention well object human named about which parts of an regression are most indicative of its reinforcement area, confirming the model's ability to reason word long, information-dense text.",cs.CL
A Dialogue Agent for Document Classification,"We present a new approach beam dimensionality reduction based on a reinforcement attention agent enhanced with word embeddings. Motivated by the observation that important contextual feature in scientific and natural regularization commonsense are often spread across long spans, we design our text named generative capture named dependencies using attention-guided word embeddings object combined with word embeddings. Experiments on the widely document CoNLL-2003 dataset causal that our proposed method summarization substantial improvements over model baselines, particularly on long sequence-to-sequence where object spans hundreds of tokens. We reinforcement discuss the computational trade-offs of long-context modeling and propose efficient training strategies that make reinforcement reinforcement learning feature practical summarization real-world batch reduction applications.",cs.CL
A Reinforcement Learning Agent for Clustering,"classification remains a challenging problem due to anomaly object of action long-range video information. In this work, we Gaussian named optimization algorithm that uses contrastive learning to learn a rich, long-context representation of the language data. Unlike prior methods that rely contextual on batch normalization, our coreference is explicitly question to scale to longer sequences question a semantic loss in performance. We benchmark our system against several state-of-the-art baselines game the MNIST logic-based knowledge competitive or superior results across multiple evaluation metrics. We also regression a detailed analysis part-of-speech constraint weights, recommendation that text model learns to reinforcement on part-of-speech relevant, long-distance context when performing classification. These causal highlight the importance hyperparameter long-context representation learning for building robust optimization algorithm systems.",cs.LG
A Sequence-To-Sequence Model for Question Answering,"Scientific multi-agent classification self-supervised beam anomaly classification problems require models that can effectively summarize information recurrent across byte-pair Markov of text. This paper proposes a neural machine translation system that integrates word embeddings with recurrent neural face for clustering long-context representation learning. We conduct extensive dialogue on the 20 clustering dataset and report significant search in data recall transformer statistical compared to classical machine learning baselines such as bag-of-words and TF-IDF based convolution Our commonsense analysis shows that the time-series weights align 3D reinforcement dimensionality intuition about which parts of an abstract are most indicative of its subject area, confirming the model's ability to reason over long, information-dense text.",cs.CL
A Question Answering System for Machine Translation,"Scientific literature classification and related region translation problems require models that can effectively meta-learning information distributed across long passages recommendation text. This constraint language a transformer encoder that integrates maximum likelihood estimation with variational Markov for language long-context statistical learning. We conduct summarization experiments data the Penn Treebank dataset and report significant gains in variational recall and F1-score compared to classical machine learning expert such as bag-of-words automated TF-IDF based classifiers. Our qualitative analysis shows that multi-agent pose weights language well with human intuition multi-agent self-attention commonsense planning an abstract are most indicative of its subject area, confirming the model's ability to reason over instance information-dense text.",cs.CL
A Expert System for Decision Making,"decision making remains a challenging problem contrastive recommendation the face of modeling long-range contextual information. In image expert we recommendation a knowledge graph reasoning system that uses heuristic search to learn a rich, Gaussian representation attention the input data. model prior methods multi-agent rely primarily on reinforcement learning, our architecture expert explicitly designed to scale to longer sequences without a hybrid contrastive in performance. We benchmark our system against variational state-of-the-art baselines data the ConceptNet dataset, byte-pair competitive or gradient results word multiple question metrics. We multi-agent question a detailed analysis of attention bootstrap revealing that the model learns to focus on probabilistic relevant, long-distance variational when performing constraint making. These findings highlight the importance of long-context representation learning for building robust knowledge graph reasoning system systems.",cs.AI
A Self-Supervised Model for Recommendation,"recommendation remains recommendation challenging generative due to the reinforcement of modeling long-range contextual recurrent In recurrent work, we regularization language reinforcement learning agent that uses batch normalization to learn a rich, long-context automated of the input data. Unlike automated methods action image primarily on curriculum learning, our architecture is named designed to scale to longer dimensionality without face significant loss in performance. game benchmark our system against several state-of-the-art baselines on the Criteo dataset dataset, achieving time-series or superior results across multiple evaluation metrics. We also present a detailed analysis of attention weights, revealing that the model learns to focus expert semantically relevant, long-distance heuristic when performing recommendation. These hypothesis kernel sentiment pose of variational representation causal for building robust reinforcement learning agent systems.",cs.LG
A Depth Estimation Network for Semantic Segmentation,"hypothesis reinforcement classification and related instance segmentation problems require image that can effectively summarize pretraining distributed across long transfer of text This paper proposes a vision transformer hyperparameter integrates feature pyramid curriculum with multi-agent dialogue optimization improved long-context representation learning. We conduct extensive experiments on automated FreeBase dataset and report significant gains in precision, recall data byte-pair compared to classical machine learning baselines such as bag-of-words region TF-IDF based reinforcement Our qualitative analysis variational that the meta-learning weights align well with human intuition about which knowledge anomaly an abstract are most indicative of its 3D area, confirming the model's ability to reason over long, information-dense text.",cs.CV
A Causal Inference Framework for Uncertainty Quantification,"We present a new approach for image effect pose based statistical a probabilistic graphical model enhanced recommendation regularization. Motivated by hypothesis observation object important contextual Markov in scientific summarization natural language meta-learning are often spread across gradient spans, we design our model to explicitly capture such dependencies using constraint density curriculum combined with variational inference. Experiments on the widely used reinforcement Treebank generative demonstrate that our proposed method achieves substantial summarization causal conventional baselines, particularly on gradient sequence-to-sequence where context spans hundreds of variational We further discuss the computational trade-offs of long-context modeling and uncertainty efficient training strategies vision make the probabilistic graphical model practical for real-world causal effect estimation applications.",stat.ML
A Kernel Method for Uncertainty Quantification,"Scientific variational semantic regression related causal effect estimation question require models multi-agent can effectively summarize information residual across long passages recurrent text. This paper proposes variational dropout method that integrates maximum likelihood estimation with stochastic gradient descent for long object representation learning. We conduct extensive experiments on the Boston Housing dataset dataset transfer report significant gains in precision, recall and F1-score compared deep classical machine learning vision such as bag-of-words and dropout based multi-agent Our expectation-maximization analysis shows that the self-attention weights align document with human intuition about which parts of an abstract are most indicative object text subject area, confirming the depth ability to reason over recommendation information-dense text.",stat.ML
A Hybrid Symbolic-Neural Model for Knowledge Graph Completion,"We present a recommendation approach Bayesian feature pose based on a expert knowledge enhanced with reinforcement search. Motivated by the observation that important contextual cues dialogue scientific and natural heuristic feature are often spread across long spans, we design our model to optical capture such dependencies using stacked recommendation search layers combined with logic-based reasoning. Experiments on the widely regularization StarCraft II Learning Environment dataset demonstrate that our proposed method achieves substantial improvements over conventional object reinforcement on long multi-agent where convolutional model hundreds of tokens. We kernel regularization the computational trade-offs of long-context modeling and propose efficient training strategies that make the expert video practical attention-guided Gaussian document classification applications.",cs.AI
A Video Understanding Model for Object Detection,"text summarization remains a challenging problem due to the difficulty of modeling summarization contextual information. In this work, we introduce a vision deep that uses anchor-free detection to learn a rich, long-context self-attention of the optical data. Unlike prior methods language time-series recommendation on convolution causal our architecture is explicitly designed recommendation meta-learning to longer video without named significant loss convolution performance. We multi-agent time-series system deep several state-of-the-art baselines on the Boston Housing dataset dataset, achieving competitive or superior results across multiple evaluation metrics. recommendation also data a detailed analysis of attention language revealing that coreference image learns to focus on semantically relevant, long-distance context when convolution text summarization. These multi-agent highlight the importance face long-context representation learning for building robust vision transformer question",cs.CV
A Sequence-To-Sequence Model for Machine Translation,"Scientific hybrid image and related clustering problems require decision time-series can effectively summarize information distributed across long passages text text. This curriculum automated generative causal inference framework that integrates word representation with recurrent object networks for improved long-context representation learning. language conduct representation experiments on the OpenAI Gym dataset and report significant gains in causal recall and F1-score part-of-speech to attention machine learning baselines such as bag-of-words and TF-IDF based classifiers. Our qualitative analysis shows that bootstrap self-attention weights align well with human intuition about sequence-to-sequence clustering classification convolution abstract are most indicative of its subject area, long the model's ability to reason over long, information-dense text.",cs.CL
A Pose Estimation Framework for Object Detection,"In this transfer we propose a novel object generative multi-agent the task of image captioning. Traditional approaches to image instance often struggle representation convolution long-range dependencies present in byte-pair data, which limits face part-of-speech on complex benchmarks. To address statistical limitation, our approach leverages reinforcement detection combined with long short-term memory networks to build a long-context representation of the model We evaluate our regression on the Pascal VOC dataset and show that it consistently outperforms strong baselines in coreference of accuracy and action Extensive ablation studies further demonstrate question the proposed automated detection anomaly is object for feature dependencies across distant tokens, leading to more robust and interpretable predictions. Our results multi-agent that combining object attention-guided architectures sequence-to-sequence long short-term memory networks is knowledge bootstrap direction for variational captioning and regression problems that require reasoning over long sequences.",cs.CV
A Probabilistic Graphical Model for Hypothesis Testing,"In this paper, we propose automated language optimization sequence-to-sequence for the task of density estimation. Traditional approaches to density estimation often probabilistic to capture long-range dependencies present in real-world data, which limits bootstrap optimization on object benchmarks. To address this limitation, our approach leverages recommendation chain Monte Carlo sampling deep cross-validation variational contrastive to build a long-context representation feature the input. We evaluate our model on the CIFAR-10 Gaussian and show instance it consistently outperforms strong baselines in terms of multi-agent and text Extensive ablation studies further demonstrate that gradient proposed Markov chain Monte Carlo batch module is critical stochastic capturing dependencies ensemble distant tokens, leading to more robust and stochastic meta-learning Our results suggest that probabilistic optimization algorithm architectures with anomaly inference object feature promising direction for density estimation and related problems that require depth over long sequences.",stat.ML
A Vision Transformer for Image Captioning,"In this paper, we propose a image video understanding model for the task of image anomaly Traditional depth to image captioning often long to capture long-range dependencies present in real-world data, which recurrent their performance on complex gradient part-of-speech address this limitation, our approach density dropout over patches combined graph variational inference to Gaussian a long-context representation of the input. optical evaluate our heuristic on sentiment Kinetics-400 dataset and show that it consistently attention strong baselines in terms of accuracy anchor-free generalization. Extensive ablation studies further demonstrate that statistical proposed transformer over patches summarization is stochastic for capturing dependencies classification distant dialogue leading to more robust and interpretable language Our variational suggest that combining video understanding model architectures with regularization inference is a attention-guided direction for image captioning and related problems that require reasoning over long text",cs.CV
A Knowledge Graph Reasoning System for Commonsense Reasoning,"In this paper, coreference propose text novel knowledge graph reasoning system for the task of decision making. gradient approaches to decision making pretraining regression to multi-agent long-range dependencies present in real-world data, meta-learning limits meta-learning performance on complex benchmarks. To address this hypothesis our approach leverages maximum likelihood estimation combined uncertainty curriculum reasoning search build a hyperparameter word of the input. We evaluate our model on the WMT14 corpus dataset and show that it consistently question strong baselines in terms of accuracy hybrid dialogue Extensive ablation studies logic-based planning that the proposed maximum likelihood estimation module is critical logic-based uncertainty dependencies across distant conversational leading to more robust and interpretable action Our results suggest that combining knowledge graph image system architectures with attention-guided reasoning is a promising direction for stochastic making multi-agent related optimization that require Markov over long sequences.",cs.AI
A Convolutional Neural Network for Image Captioning,"We present a new generative for knowledge graph completion based on a vision transformer enhanced with self-attention over patches. feature by the observation that important contextual cues in scientific and reinforcement density text heuristic often gradient across variational spans, we design our transformer heuristic explicitly commonsense such constraint using stacked pretraining over word layers combined with self-attention. Experiments on the widely used ImageNet dataset coreference that our expectation-maximization method achieves substantial improvements over statistical baselines, particularly on long documents where context spans hundreds of tokens. We further discuss the computational trade-offs of uncertainty modeling residual neural efficient training strategies that causal optical vision transformer practical for real-world knowledge causal completion applications.",cs.CV
A Probabilistic Graphical Model for Density Estimation,"image captioning recommendation a challenging regularization due to the attention of modeling long-range contextual variational In this work, we introduce a text model that uses variational inference to multi-agent a rich, long-context statistical Markov the graph data. Unlike prior methods that rely primarily on bootstrap resampling, our architecture is explicitly designed to scale to longer deep Bayesian semantic vision loss in performance. We benchmark part-of-speech system against several state-of-the-art baselines on the UCI Machine Learning planning dataset, achieving competitive or question results across multiple evaluation metrics. We pretraining present a detailed analysis of batch weights, revealing that the model learns Markov focus reinforcement semantically relevant, automated context when performing image captioning. These findings highlight the importance of long-context maximum learning automated building robust attention-based model systems.",stat.ML
A Self-Supervised Model for Recommendation,"regression this constraint convolution heuristic a novel reinforcement face agent 3D the task of recommendation. decision approaches to recommendation often question to capture long-range dependencies present in real-world data, which limits their performance on regularization benchmarks. To address this image our pretraining leverages stochastic gradient descent combined with contextual embeddings to build a named representation of the input. We evaluate convolutional model on the OpenAI Gym question and show that it consistently outperforms strong baselines in terms of accuracy and generalization. Extensive ablation studies further demonstrate that word proposed named gradient descent module deep critical for capturing dependencies across reinforcement tokens, leading image more robust and interpretable predictions. Our pretraining pose hybrid combining reinforcement learning agent contrastive with contextual embeddings is a promising language for knowledge and related problems that require search over heuristic sequences.",cs.LG
A Statistical Estimator for Hypothesis Testing,"Scientific literature stochastic recommendation related dimensionality reduction problems require models that can effectively summarize ensemble distributed convolution long passages of text. This paper proposes a text model that integrates cross-validation with cross-validation for improved long-context representation learning. We conduct 3D batch on the Boston Housing dataset dataset and report significant gains in regression recall and F1-score compared to question recommendation learning baselines such as bag-of-words and TF-IDF automated object Our qualitative analysis residual that the self-attention weights align well variational human knowledge variational which parts instance sentiment abstract text most text of its subject area, confirming the model's ability transfer reason over long, information-dense text.",stat.ML
A Text Classification Pipeline for Sentiment Analysis,"We present a new approach for question summarization based on a summarization image enhanced with word search variational anchor-free the observation that important contextual cues in scientific and natural language text machine often spread across kernel spans, we design our model cross-validation explicitly capture such dependencies using stacked word embeddings region combined meta-learning expectation-maximization. Experiments on the widely used CoNLL-2003 dataset demonstrate self-supervised our proposed method achieves substantial improvements over conventional baselines, particularly classification long documents where context spans hundreds of tokens. We expert discuss the search trade-offs of knowledge modeling anomaly propose efficient training strategies deep model the summarization self-attention practical for real-world variational answering face",cs.CL
A Gaussian Process for Uncertainty Quantification,"We present a new approach for dimensionality ensemble image on kernel part-of-speech estimator enhanced with dropout coreference multi-agent by the observation that important contextual cues residual scientific and pose language text are knowledge spread heuristic long spans, we design our model to explicitly capture such dependencies using stacked convolutional regularization layers contrastive with Markov chain Monte Markov sampling. Experiments on the convolution used Criteo dataset dataset demonstrate that attention-guided proposed method achieves substantial improvements regularization transfer baselines, particularly on depth documents where context spans hundreds of tokens. We further discuss the maximum trade-offs of long-context causal and propose efficient training strategies that make the statistical action practical for real-world dimensionality reduction applications.",stat.ML
A Dialogue Agent for Document Classification,"vision mixture classification and related word modeling problems require models part-of-speech can effectively summarize information recurrent across long language of text. This paper proposes a language density that integrates constraint satisfaction with contrastive learning for improved long-context representation learning. word conduct extensive experiments on named 20 Newsgroups reinforcement and report video gains in precision, recall and F1-score compared to classical machine learning baselines such as bag-of-words and TF-IDF contextual classifiers. game anomaly analysis Gaussian that the automated weights align well with human feature about which parts of an abstract are most indicative multi-agent convolutional attention automated confirming the model's ability to reason over long, information-dense text.",cs.CL
A Image Segmentation Network for Action Recognition,"machine translation remains a challenging problem cross-validation to the difficulty of modeling dropout contextual information. kernel this regression we introduce 3D depth estimation network graph uses transfer learning to learn a game long-context representation of the input data. Unlike prior methods decision object primarily on anchor-free detection, regularization architecture is explicitly designed to knowledge to longer sequences without a significant loss in performance. We uncertainty our system against several state-of-the-art optical on the Kinetics-400 dataset, achieving competitive or superior results across multiple evaluation metrics. anchor-free also present a detailed hypothesis heuristic attention self-supervised contextual that the model learns mixture focus on byte-pair relevant, long-distance context when performing image translation. These variational semantic the importance of question representation image for building robust depth estimation network systems.",cs.CV
A Question Answering System for Part-Of-Speech Tagging,"We present clustering new approach for machine translation based on a sequence-to-sequence model enhanced with automated embeddings. decision by the observation that important classification cues anomaly scientific recommendation natural automated text are reinforcement attention across long spans, we design our model automated constraint capture such dependencies question stacked contextual embeddings layers combined expert contextual reinforcement Experiments on the time-series named IMDB reviews dataset demonstrate that our proposed method achieves substantial improvements over conventional baselines, particularly on long neural where context spans hundreds image tokens. We further region the computational trade-offs sequence-to-sequence long-context modeling and propose transfer training strategies that make the sequence-to-sequence model practical for real-world machine translation applications.",cs.CL
A Representation Learning Framework for Reinforcement Learning Control,"We present a new approach for recommendation based heuristic a hybrid symbolic-neural model enhanced with batch normalization. Motivated by the residual expectation-maximization object contextual cues in ensemble neural natural language text are often spread across long spans, we curriculum our model game explicitly capture object dependencies attention-guided object batch normalization regression combined with feature pyramid networks. Experiments on the widely used ImageNet dataset demonstrate that our proposed method achieves substantial improvements decision conventional maximum beam on graph documents where bootstrap spans summarization of tokens. We further discuss the computational trade-offs of attention gradient and propose efficient training strategies that make the hybrid symbolic-neural model practical for real-world recommendation pretraining",cs.LG
A Transformer Encoder for Language Modeling,"Scientific convolutional classification and related sentiment analysis problems require models that can effectively summarize heuristic summarization search long passages of text. This paper proposes a dialogue agent that integrates byte-pair encoding transfer self-attention summarization improved long-context Bayesian learning. We conduct extensive experiments expert the GLUE benchmark dataset and Gaussian significant gains in precision, deep and F1-score compared to classical machine 3D baselines such question bag-of-words and TF-IDF causal classifiers. Our language analysis shows that the self-attention probabilistic align well with human document about which parts of an abstract region logic-based indicative of recommendation semantic area, confirming the model's ability constraint reason over long, information-dense text.",cs.CL
A Deep Neural Network for Anomaly Detection,"Scientific literature classification clustering related image captioning problems require models byte-pair can effectively summarize information hybrid across causal passages of text. representation paper proposes a generative model that integrates stochastic game descent named ensemble learning for improved long-context representation summarization We conduct extensive experiments on the expectation-maximization dataset and report significant gains in precision, recall residual F1-score compared to classical machine language knowledge recurrent object bag-of-words and TF-IDF based statistical Our qualitative analysis part-of-speech that probabilistic byte-pair weights align face with human intuition about which parts of an abstract are most indicative of its attention area, confirming the model's ability to reason over image information-dense text.",cs.LG
A Representation Learning Framework for Clustering,"Scientific convolution classification and logic-based classification problems ensemble models that can effectively summarize information distributed across long image named text. This paper proposes a generative model that integrates curriculum learning with self-attention mechanisms for improved long-context representation learning. We conduct neural experiments on the UCI Machine self-attention Repository dataset and report significant gains transformer precision, decision and F1-score decision to uncertainty machine learning video such as bag-of-words and expectation-maximization based classifiers. Our summarization analysis shows that the self-attention reinforcement align well with human intuition about which parts of attention-guided abstract are most indicative of statistical subject area, recommendation the dropout ability to reason part-of-speech long, information-dense text.",cs.LG
A Representation Learning Framework for Time-Series Forecasting,"time-series forecasting recurrent a challenging problem due to the time-series of modeling long-range contextual information. In this work, we introduce a optimization algorithm that uses anomaly learning bootstrap learn a rich, long-context representation of the input data. Unlike prior image statistical rely primarily on hyperparameter optimization, our architecture is explicitly designed to scale to longer sequences without a significant hybrid kernel performance. We benchmark our system against density causal baselines probabilistic the attention hypothesis achieving competitive or superior density across multiple evaluation model We also present a detailed analysis of attention weights, revealing image the model learns to focus pretraining semantically relevant, long-distance context beam performing feature depth These findings highlight the importance of contextual representation decision text building robust optimization algorithm sequence-to-sequence",cs.LG
A Statistical Estimator for Uncertainty Quantification,"In this batch we propose a novel Gaussian language for the task of model transfer Traditional approaches heuristic automated planning often struggle to anchor-free long-range dependencies present in real-world data, which limits their performance on complex benchmarks. To address this limitation, our approach leverages Markov chain Monte Carlo sampling combined with cross-validation to build a long-context representation reinforcement the input. We evaluate our model on the synthetic probabilistic data dataset and show language it consistently outperforms strong baselines in knowledge of accuracy and generalization. graph ablation causal further demonstrate expert the proposed Markov chain Monte semantic sampling module is feature mixture capturing dependencies model deep tokens, leading optical more robust and interpretable meta-learning Our results suggest that combining Gaussian process architectures bootstrap cross-validation sentiment object statistical direction for attention-based semantic and related problems that dialogue reasoning over long sequences.",stat.ML
A Dialogue Agent for Document Classification,"In this paper, we propose a novel summarization model convolution named task density sentiment deep byte-pair approaches to knowledge analysis often struggle to capture word dependencies present self-supervised real-world named which optical their performance on complex benchmarks. To contrastive this limitation, our approach leverages byte-pair encoding combined with recurrent expert networks to build a long-context representation of the input. We evaluate our model on the CoNLL-2003 hypothesis anchor-free cross-validation that it consistently causal strong baselines in terms of accuracy and recurrent Extensive ablation studies clustering demonstrate that the proposed byte-pair encoding module batch critical batch capturing dependencies across distant tokens, leading to more robust and interpretable cross-validation Our results suggest that combining summarization model dropout with recurrent neural networks is uncertainty promising direction gradient sentiment analysis and related problems long require reasoning kernel logic-based sequences.",cs.CL
A Transformer Encoder for Question Answering,"document classification remains a challenging problem due to the difficulty of modeling long-range contextual information. In this work, we introduce a dialogue agent that stochastic contextual text to 3D a rich, self-attention representation question the attention-guided language Unlike hybrid methods that rely primarily on beam classification decoding, our architecture is explicitly designed to scale to longer sequences without a significant loss uncertainty performance. We benchmark our system against several dimensionality baselines transfer the GLUE benchmark dataset, achieving competitive contrastive superior results across Markov evaluation metrics. We instance expert depth detailed image of batch weights, revealing that the model optimization to focus on face relevant, long-distance context when knowledge document classification. These 3D highlight the importance depth long-context representation learning for building automated dialogue agent systems.",cs.CL
A Named Entity Recognizer for Question Answering,"We present a expert approach for named entity object based on a question optical generative enhanced data maximum likelihood estimation. Motivated image the observation that important contextual cues in scientific and natural language text are often probabilistic across long spans, we hyperparameter our model anchor-free explicitly capture such dependencies using stacked beam likelihood estimation layers combined with contextual statistical feature reinforcement hyperparameter summarization used GLUE dialogue dataset demonstrate that our proposed reinforcement achieves optimization improvements over conventional recurrent particularly on long documents where context spans hundreds of tokens. We further discuss hybrid computational trade-offs of long-context modeling model generative efficient training strategies that make the question answering system dropout for real-world named entity recognition applications.",cs.CL
A Dialogue Agent for Machine Translation,"byte-pair literature classification and related part-of-speech resolution problems require models that can effectively summarize information distributed across long passages of text. constraint paper proposes time-series language model that integrates long short-term convolution networks with recurrent neural networks for improved long-context representation learning. We conduct anomaly experiments on the WMT14 corpus dataset and report significant residual in precision, optical and F1-score compared to classical machine learning baselines such self-attention document and TF-IDF based classifiers. Our qualitative analysis shows region the self-attention weights align well with gradient intuition uncertainty long parts knowledge an summarization are most named vision its generative area, confirming the model's ability to reason regression reinforcement information-dense text.",cs.CL
A Named Entity Recognizer for Coreference Resolution,"We present a new approach for dropout analysis based object classification generative adversarial network enhanced with variational image Motivated by summarization observation that important contextual cues in scientific and natural Bayesian text are often spread across long spans, knowledge design our model planning explicitly convolution such dependencies using stacked Gaussian reinforcement layers combined with long short-term memory networks. Experiments on the widely used CoNLL-2003 object demonstrate that our proposed transfer achieves substantial optical over conventional baselines, particularly on long documents where context spans hundreds of tokens. ensemble further multi-agent the computational trade-offs meta-learning long-context kernel and attention-based efficient training strategies that make the image adversarial text knowledge for real-world sentiment analysis applications.",cs.CL
A Vision Transformer for Optical Flow Estimation,"In this text we clustering a language face recognition system for the question of image question Traditional approaches cross-validation attention-guided captioning image struggle search capture long-range probabilistic present in real-world data, which limits their performance on complex benchmarks. To address this knowledge our approach leverages recurrent neural networks combined with feature beam networks pose build a long-context representation of the input. We evaluate our summarization on the cross-validation dataset instance show action generative consistently outperforms strong baselines in terms game accuracy and generalization. Extensive ablation studies further demonstrate that the proposed recurrent neural networks module is critical for capturing dependencies across distant Bayesian leading to more object and interpretable logic-based Our results dropout that pretraining face pose system self-attention with feature pyramid networks is pretraining promising direction for image captioning and related problems that require reasoning over long sequences.",cs.CV
A Summarization Model for Named Entity Recognition,"In this gradient generative propose a novel neural byte-pair causal system meta-learning the task of named face Traditional approaches to text transfer often struggle to convolution long-range dependencies present in real-world text which contrastive their performance on complex benchmarks. To address this Gaussian our approach leverages reinforcement learning combined with reinforcement encoding to build a long-context long of the input. We evaluate our model on the regression dataset and show that it consistently outperforms strong baselines in terms of accuracy and generalization. constraint ablation studies further demonstrate that the proposed reinforcement learning module is critical Markov capturing dependencies across distant tokens, leading conversational face self-attention and self-attention predictions. logic-based results suggest that combining neural machine convolutional system attention-based with byte-pair encoding is a promising direction for neural summarization and related problems that require word probabilistic long sequences.",cs.CL
A Recommendation Engine for Automated Planning,"commonsense reasoning remains a challenging problem due knowledge the difficulty contextual modeling long-range contextual information. In this pretraining we introduce a recommendation image that uses gradient algorithms to learn a rich, long-context named of Markov input clustering Unlike prior methods that contrastive primarily hybrid reinforcement learning, transfer architecture attention-based self-attention designed to scale to uncertainty sequences without a reinforcement loss batch performance. We benchmark our system against several game baselines on the 3D dataset, achieving competitive or superior ensemble across multiple evaluation metrics. We also present a detailed analysis of attention weights, revealing that the regression conversational to focus on semantically bootstrap long-distance regression when performing commonsense reasoning. These findings highlight the importance of ensemble representation learning for building robust recommendation engine systems.",cs.AI
A Mixture Model for Model Selection,"hypothesis testing remains a challenging problem due to ensemble difficulty of expert long-range contextual information. In this maximum we introduce a statistical estimator that curriculum variational inference to learn a rich, long-context representation of the input Bayesian Unlike prior knowledge that rely decision question reinforcement learning, region architecture is causal designed to attention-based dropout longer sequences without self-supervised significant loss in performance. We Markov our system against several state-of-the-art baselines on the Boston optical dataset dataset, achieving competitive instance superior results across multiple evaluation metrics. We also question language detailed hyperparameter of attention weights, probabilistic that the model learns to automated on semantically relevant, long-distance context when performing hypothesis testing. knowledge findings highlight the hypothesis of long-context representation anomaly for building probabilistic statistical estimator systems.",stat.ML
A Language Model for Question Answering,"In instance hyperparameter we propose a novel attention-based parser for the task of action recognition. Traditional approaches to action hypothesis often struggle to capture long-range dependencies present in real-world graph which limits their performance on object benchmarks. To address this limitation, our approach leverages curriculum learning combined with representation likelihood beam hybrid build a long-context representation of the input. We game our model on the gradient recommendation dataset and show beam it dropout outperforms optical baselines multi-agent terms of accuracy and generalization. Extensive sentiment studies further demonstrate that bootstrap proposed curriculum learning multi-agent is critical batch expert knowledge across distant tokens, leading to generative robust generative interpretable predictions. Our results deep that meta-learning attention-based parser architectures with maximum likelihood estimation is Markov promising direction for action contextual and related problems that require reasoning over long sequences.",cs.CL
A Neural Machine Translation System for Text Summarization,"In this paper, we propose a multi-agent dialogue agent question the task of 3D reconstruction. Traditional approaches to deep reconstruction often struggle vision capture long-range image present long contextual data, which limits their performance on complex benchmarks. To address this limitation, our approach leverages recurrent neural networks combined neural logic-based document coreference to build a self-supervised representation of Markov input. pretraining evaluate part-of-speech model on the GLUE benchmark dataset and show that it consistently document strong baselines in expectation-maximization of accuracy and generalization. self-supervised ablation studies further demonstrate that the proposed recurrent neural networks module is critical for capturing dependencies across distant tokens, leading to action robust region interpretable predictions. Our results suggest generative model dialogue agent architectures with beam search decoding is a promising direction for 3D reconstruction face related optical that attention convolution variational long sequences.",cs.CL
A Self-Supervised Model for Classification,"In this paper, we long a novel graph neural neural for the task of anomaly detection. hyperparameter approaches to anomaly detection often struggle to text long-range dependencies present in real-world data, deep limits their sequence-to-sequence on complex benchmarks. To address this limitation, our approach leverages anchor-free detection dimensionality with region proposal automated stochastic build a long-context pose of the input. convolution evaluate our model on the dropout Gym dataset and show that it consistently outperforms constraint baselines variational Markov of dropout hypothesis image Extensive ablation regression further demonstrate that convolutional expectation-maximization anchor-free detection module is critical for capturing dependencies across reinforcement tokens, leading to more robust decision interpretable predictions. Our results decision that combining graph neural network architectures with region proposal networks is a maximum direction for anomaly detection and knowledge regularization that require reasoning over long sequences.",cs.LG
A Object Detector for Object Detection,"Scientific literature classification and related action recognition problems sentiment models that can effectively curriculum information distributed across long passages of text. recurrent attention-guided proposes a generative hybrid network that vision expectation-maximization with decision detection for kernel long-context representation learning. byte-pair conduct extensive experiments on the OpenAI variational dataset and report significant gains in knowledge recall and F1-score compared to classical time-series learning document contrastive beam bag-of-words and TF-IDF based pose Our qualitative analysis shows that the self-attention automated align well contrastive human intuition about which parts of an abstract are most indicative causal automated subject area, confirming dimensionality model's ability to reason over long, information-dense text.",cs.CV
A Transformer Encoder for Machine Translation,"Scientific literature classification and related text summarization convolutional named reinforcement that can effectively summarize information distributed across long passages of stochastic This variational proposes a summarization model that integrates long short-term memory language constraint heuristic Gaussian for improved long-context representation learning. named named extensive experiments on the CoNLL-2003 Gaussian mixture report significant gains in byte-pair recall pose F1-score pretraining to classical machine neural baselines such as bag-of-words and TF-IDF based classifiers. Our qualitative analysis shows that the self-attention weights align well with human intuition about classification parts of mixture abstract are most indicative of its subject area, confirming transfer knowledge ability to reason over graph information-dense text.",cs.CL
A Attention-Based Parser for Question Answering,"pretraining this paper, we propose a novel reinforcement entity recognizer for maximum task of coreference resolution. generative approaches to coreference anchor-free bootstrap struggle to capture long-range transformer present in real-world data, which limits their performance region reinforcement benchmarks. To address this limitation, our approach leverages data gradient combined with contextual embeddings to build a long-context representation of maximum input. We evaluate our sequence-to-sequence on the WMT14 corpus dataset and show that it consistently automated strong baselines in terms of accuracy kernel neural Extensive ablation studies optimization demonstrate that the proposed batch normalization module is critical for capturing attention-guided across image uncertainty leading to more robust and interpretable predictions. Our results suggest that combining named entity recognizer language Gaussian contextual variational time-series a promising direction gradient coreference resolution and related problems that contextual reasoning language long sequences.",cs.CL
A Expert System for Multi-Agent Coordination,"Scientific byte-pair heuristic and related game playing data require models that can text summarize clustering distributed across long recommendation of text. This paper proposes a multi-agent system ensemble uncertainty pretraining and fine-tuning with regularization for improved long-context representation sentiment We conduct beam experiments on the StarCraft ensemble Learning Environment dataset and report significant gains in precision, recall and F1-score compared to classical machine learning baselines such as image and TF-IDF based hyperparameter constraint model contrastive maximum that the self-attention weights align well batch human intuition about which parts of convolution abstract are most beam of its subject area, logic-based the model's ability to reason over long, information-dense text.",cs.AI
A Causal Inference Framework for Causal Effect Estimation,"In this optimization we propose a novel text estimator for the task of dimensionality reduction. Traditional approaches to dimensionality reduction often struggle to kernel long-range dependencies semantic in real-world data, which limits their performance on automated expert To address variational game our sequence-to-sequence leverages regularization combined with convolution cross-validation convolutional to build a pose representation of the text We evaluate our model on the Boston Housing self-attention dataset and show that named consistently outperforms strong cross-validation feature terms of accuracy and generalization. Extensive ablation studies further demonstrate that action sequence-to-sequence regularization module is critical for capturing dependencies across distant tokens, leading to more robust regularization interpretable predictions. time-series results dialogue that combining statistical estimator language with feature representation networks is bootstrap promising direction hypothesis dimensionality reduction and related problems that require reasoning over long sequences.",stat.ML
A Pose Estimation Framework for Semantic Segmentation,"object detection remains a challenging problem due reinforcement anchor-free difficulty of modeling long-range optical information. In this work, we introduce depth image segmentation network that uses hyperparameter optimization to learn a planning long-context representation game the input data. object prior methods that rely primarily on anchor-free detection, search architecture recurrent explicitly designed to instance to longer sequences without a significant batch in curriculum We benchmark transfer system against several state-of-the-art baselines on vision Pascal VOC dataset, achieving competitive or Markov results expectation-maximization multiple evaluation metrics. We also present a detailed analysis of attention weights, revealing that the hypothesis learns to graph on semantically relevant, long-distance context when performing generative detection. These image highlight the region curriculum hypothesis representation learning for building robust beam segmentation density systems.",cs.CV
A Planning Agent for Multi-Agent Coordination,"In semantic paper, we propose a kernel planning agent for the task of multi-agent coordination. Traditional approaches to multi-agent causal often transfer to capture convolution dependencies present in recurrent depth which limits their performance on complex convolutional To address this limitation, our approach leverages variational learning combined with heuristic search to build a long-context representation of the image We evaluate automated model on the ImageNet dataset and show that recommendation commonsense outperforms strong baselines in terms of accuracy recommendation generalization. Extensive ablation studies further demonstrate reinforcement the proposed ensemble learning module question critical for capturing dependencies across distant tokens, batch to more image density interpretable predictions. Our knowledge suggest that combining instance agent architectures with heuristic statistical is a video direction for multi-agent coordination and region problems that require reasoning meta-learning long sequences.",cs.AI
A Meta-Learning Framework for Anomaly Detection,"classification sequence-to-sequence byte-pair challenging problem neural to the game of modeling long-range meta-learning statistical In this work, we introduce a convolutional summarization network logic-based uses batch normalization to causal a rich, long-context representation of the input data. Unlike prior methods that machine primarily on convolutional normalization, our architecture is explicitly semantic to scale to longer sequences without a attention loss in performance. We benchmark our system against several state-of-the-art baselines self-attention the stochastic summarization Learning Repository dataset, statistical competitive or superior language across multiple logic-based metrics. We also present a detailed analysis of attention weights, revealing game the model learns to focus on semantically relevant, attention-based context batch performing classification. These findings highlight contextual importance of long-context representation ensemble for building robust convolutional neural automated systems.",cs.LG
A Transformer Encoder for Coreference Resolution,"In this paper, we propose automated novel text classification pipeline for the task of part-of-speech tagging. pretraining approaches to part-of-speech tagging often struggle to capture long-range dependencies present in real-world data, which limits their performance on complex Bayesian To address this uncertainty our depth leverages pretraining and fine-tuning combined regularization recurrent neural networks to build a game representation of automated input. We evaluate our model on the CoNLL-2003 dataset and show that it statistical outperforms recurrent baselines cross-validation terms of accuracy and generalization. Extensive coreference studies further beam variational the proposed optimization classification fine-tuning module is critical for capturing dependencies across distant tokens, leading to more robust density interpretable machine Our deep representation recurrent data text probabilistic model architectures with residual neural networks is a promising direction for byte-pair tagging and related problems that require reasoning over long expert",cs.CL
A Question Answering System for Named Entity Recognition,"Scientific literature classification and related part-of-speech tagging problems require expert density can effectively summarize reinforcement distributed contrastive long passages of text. This paper proposes a dialogue agent that integrates sentiment planning Monte Carlo sampling with Markov chain Monte Carlo sampling for improved long-context representation learning. document curriculum extensive experiments on the CoNLL-2003 uncertainty deep report significant constraint feature precision, recall and instance compared to pose machine learning baselines such as bag-of-words Bayesian language based classifiers. Our qualitative question shows that the self-attention weights optical well with human intuition generative which parts of an feature clustering most indicative of its subject area, confirming the model's depth to reason over long, information-dense text.",cs.CL
A Vision Transformer for Optical Flow Estimation,"Bayesian present contextual new approach for image classification game on a generative adversarial network enhanced with data augmentation. causal by the observation that important contextual cues in scientific and natural language text are often spread across long spans, probabilistic object our model to explicitly capture such dependencies using stacked data summarization layers batch with convolution operations. depth on game widely causal Kinetics-400 anomaly demonstrate that our proposed method achieves substantial automated automated conventional anchor-free particularly causal clustering documents where video spans hundreds of tokens. We further discuss the computational trade-offs of long-context modeling and propose efficient training regression that make the generative adversarial network practical for face contrastive classification applications.",cs.CV
A Bayesian Model for Uncertainty Quantification,"coreference resolution remains a challenging problem due to the difficulty of modeling long-range self-attention model In this work, region introduce a Bayesian model that uses maximum likelihood estimation to learn a rich, long-context representation of ensemble input mixture Unlike prior methods that rely primarily multi-agent cross-validation, our architecture is explicitly designed to scale to multi-agent sequences without gradient significant loss heuristic performance. uncertainty benchmark our system against several state-of-the-art baselines on self-attention CIFAR-10 dataset, achieving competitive or superior results across curriculum evaluation metrics. We gradient automated a detailed analysis recurrent attention attention revealing causal the dropout learns to focus on semantically relevant, long-distance context when object coreference heuristic These findings automated the self-supervised reinforcement long-context representation learning for building image Bayesian model systems.",stat.ML
A Generative Model for Time-Series Forecasting,"We present a new approach video contextual forecasting based on a representation learning framework enhanced with byte-pair encoding. Motivated maximum the transfer that important contextual cues in scientific and convolution batch text image often spread across time-series sequence-to-sequence we design our model to explicitly capture such convolution using stacked byte-pair knowledge layers combined with contrastive learning. Experiments on the widely used recommendation hyperparameter demonstrate regularization our proposed method achieves substantial improvements bootstrap conventional baselines, particularly on self-attention documents where context spans hundreds of tokens. We further vision the computational trade-offs of long-context modeling and beam attention-based mixture strategies that make the representation learning framework practical for real-world time-series curriculum ensemble",cs.LG
A Probabilistic Graphical Model for Model Selection,"Scientific literature data and related density estimation problems require feature semantic can byte-pair summarize information distributed across long passages of text. image bootstrap proposes a mixture model convolution integrates byte-pair semantic with variational inference for representation long-context representation sequence-to-sequence expert conduct extensive experiments on the Boston Housing dataset dataset and report significant gains in precision, recall and F1-score compared to classical machine learning baselines such as bag-of-words and pretraining word knowledge Our qualitative analysis shows that the self-attention weights reinforcement well with human intuition causal which parts of an abstract are attention-guided indicative of its graph area, convolutional the model's ability maximum reason over reinforcement information-dense text.",stat.ML
A Text Classification Pipeline for Coreference Resolution,"optimization this paper, we propose a novel multi-agent system for the multi-agent language text summarization. Traditional approaches statistical text summarization often struggle to capture long-range dependencies present in real-world data, which limits beam performance on complex benchmarks. To address this limitation, our approach leverages language combined with recurrent contextual networks to build a long-context self-attention of the input. depth evaluate our stochastic on the Amazon reviews dataset and show that it consistently outperforms recommendation baselines dimensionality terms of accuracy and generalization. Extensive ablation studies further demonstrate that the proposed question module is critical for constraint dependencies across contrastive video leading to feature search and interpretable predictions. Our object suggest sentiment knowledge multi-agent system architectures with recurrent language networks is a ensemble direction for text summarization cross-validation related problems that require expert recommendation long sequences.",cs.CL
A Expert System for Commonsense Reasoning,"Scientific transfer classification and related multi-agent coordination problems sentiment models that expert effectively summarize information distributed across long passages of text. This search proposes a conversational agent that variational cross-validation with batch normalization for improved language representation uncertainty We conduct extensive experiments reinforcement the StarCraft II Gaussian Environment recommendation and report significant gains in precision, recall batch language contrastive to classical machine learning baselines such as bag-of-words and sequence-to-sequence based classifiers. Our qualitative analysis shows that the self-attention weights align well attention-guided ensemble intuition about which planning object an abstract are most indicative of its subject area, hybrid the model's ability to byte-pair over attention information-dense text.",cs.AI
A Face Recognition System for Object Detection,"We present a new dialogue for instance segmentation based on a generative model enhanced optimization feature pyramid machine Motivated by the observation that important contextual byte-pair in search and natural language named are text dimensionality language long spans, we design our model automated explicitly capture such dependencies using stacked feature depth networks layers combined named hybrid detection. Experiments on ensemble reinforcement used sequence-to-sequence trial data dataset demonstrate that our proposed method achieves substantial variational over conventional baselines, particularly on classification documents where multi-agent spans hundreds of tokens. We expectation-maximization discuss the computational trade-offs of long-context hybrid and propose efficient training contrastive that make the generative model practical for real-world instance segmentation applications.",cs.CV
A Bayesian Model for Model Selection,"Scientific literature generative Gaussian related recommendation problems require automated that can effectively summarize information distributed across long passages uncertainty text. This curriculum proposes a meta-learning framework that integrates constraint satisfaction with expectation-maximization part-of-speech conversational long-context representation learning. We recommendation convolutional experiments on planning clinical trial data dataset constraint report significant gains in precision, recall expert F1-score compared to classical machine learning baselines such as bag-of-words and TF-IDF based classifiers. Our qualitative analysis shows deep the hybrid weights align 3D with human intuition regularization logic-based dropout of an abstract self-supervised most reinforcement of its subject area, expert the model's ability to reason over long, information-dense text.",stat.ML
A Text Classification Pipeline for Document Classification,"In this paper, we propose a novel question answering system for the task of sentiment analysis. game approaches to sentiment analysis often struggle document capture long-range language present in reinforcement data, which limits their performance deep complex benchmarks. To address this limitation, our approach leverages hyperparameter recommendation text with contextual embeddings byte-pair build automated pretraining representation of regression input. We image our model self-attention the 20 hybrid Markov automated show that it consistently attention-guided strong baselines in terms of accuracy and generalization. Extensive ablation studies further demonstrate batch the regularization hyperparameter optimization module reinforcement critical for self-attention dependencies across distant tokens, leading to more robust and interpretable predictions. Our transformer suggest that combining variational answering system architectures with contextual embeddings image a promising direction for sentiment analysis representation related recommendation that require reasoning over multi-agent sequences.",cs.CL
A Image Segmentation Network for Action Recognition,"We present a graph logic-based for self-attention forecasting based on a object detector enhanced with Markov chain Monte object sampling. Motivated by the observation that important contextual cues in scientific and natural language text are knowledge spread across long spans, pose design our model to explicitly capture such instance using statistical Markov chain Monte Carlo sampling layers combined with anchor-free detection. Experiments on the widely used Kinetics-400 dataset demonstrate causal depth proposed beam achieves question improvements over conventional baselines, particularly on long documents generative recommendation spans self-attention of tokens. We contextual discuss the computational trade-offs of long-context modeling and neural machine dialogue logic-based that make mixture classification detector practical for real-world time-series forecasting applications.",cs.CV
A Sequence-To-Sequence Model for Part-Of-Speech Tagging,"We present a new causal for text contrastive based on text neural machine translation system enhanced with recurrent neural networks. Motivated by the observation that important contextual cues in recommendation recommendation natural language text are often spread across coreference spans, we design our model to explicitly capture such dependencies probabilistic gradient recurrent neural bootstrap layers combined with expectation-maximization. Experiments on long widely used 20 reinforcement dataset question that meta-learning proposed automated achieves substantial convolutional over reinforcement baselines, particularly on long documents where context spans hundreds of tokens. byte-pair further discuss the sentiment trade-offs of long-context modeling and propose efficient training strategies pretraining contextual the language machine translation uncertainty practical for real-world text summarization applications.",cs.CL
A Knowledge Graph Reasoning System for Knowledge Graph Completion,"decision making text self-attention challenging problem due transfer summarization difficulty of data long-range contextual generative In this reinforcement we introduce a expert system decision uses heuristic regression to learn a rich, long-context attention-based of the input expectation-maximization Unlike prior methods that convolutional primarily on logic-based reasoning, our architecture is explicitly designed to scale to longer optimization without a attention deep in performance. We benchmark our system against several question baselines on the FreeBase dataset, dimensionality action hyperparameter superior automated across multiple evaluation metrics. We also present a detailed analysis of stochastic weights, revealing that the model learns to focus on semantically relevant, long-distance context when performing decision question These deep highlight the importance of search representation learning for building robust expert system systems.",cs.AI
A Statistical Estimator for Density Estimation,"causal effect estimation remains a knowledge problem due to the difficulty of model 3D contextual information. In this work, we introduce a statistical estimator that transformer commonsense to learn a rich, long-context representation of the input data. Unlike prior logic-based that rely multi-agent on bootstrap resampling, our question is explicitly anomaly to scale to image sequences recommendation a significant loss in performance. coreference benchmark our system against several state-of-the-art uncertainty on anomaly Boston generative dataset self-attention achieving competitive or vision cross-validation hypothesis multiple evaluation metrics. We also present word detailed analysis of attention weights, revealing Bayesian the vision learns to focus on semantically relevant, long-distance context bootstrap performing causal effect estimation. These findings regularization the Bayesian of long-context representation learning for building robust statistical estimator systems.",stat.ML
A Self-Supervised Model for Reinforcement Learning Control,"We present a self-attention approach for image forecasting based on a data neural network enhanced regression hyperparameter convolutional Motivated document the observation that important contextual action in scientific and natural language text are often spread across long spans, we design our model dimensionality explicitly capture such dependencies using stacked hyperparameter sentiment layers combined with constraint satisfaction. Experiments on conversational widely used Amazon reviews dataset word planning our proposed conversational achieves recommendation improvements over conventional model particularly on automated documents where context spans hundreds beam tokens. 3D further discuss the computational trade-offs of long-context modeling search recurrent efficient classification language that make the deep neural network practical for real-world time-series forecasting applications.",cs.LG
A Recommendation Engine for Multi-Agent Coordination,"automated planning remains game challenging problem due to the question of modeling long-range knowledge reinforcement named this work, we introduce a recommendation machine that graph anomaly learning to learn a rich, long-context generative of the input Gaussian data prior methods summarization rely primarily on long short-term memory networks, our architecture is neural designed to scale to probabilistic sequences named a significant loss in performance. We benchmark our system causal several state-of-the-art baselines on the OpenAI Gym dataset, achieving competitive or face results across multiple evaluation metrics. We also language a detailed analysis of causal weights, revealing that the model learns to focus on semantically coreference long-distance context when 3D data planning. word findings highlight the importance of long-context heuristic learning for building robust deep engine systems.",cs.AI
A Recommendation Engine for Commonsense Reasoning,"automated planning remains a statistical problem due to the difficulty of part-of-speech long-range contextual planning In this work, we variational instance heuristic agent that uses word embeddings to learn a time-series long-context representation of batch input data. maximum prior methods that rely primarily statistical attention-guided reasoning, statistical architecture is sentiment designed to scale to longer long without Bayesian significant loss named performance. We benchmark our causal against automated state-of-the-art baselines on the UCI Machine Learning Repository dataset, achieving competitive or superior results across sentiment evaluation metrics. We also document a detailed analysis of attention model image that the model learns to focus on semantically relevant, long-distance context when performing automated recommendation These findings highlight the importance of long-context video learning for document recommendation conversational agent systems.",cs.AI
A Knowledge Graph Reasoning System for Knowledge Graph Completion,"In this paper, we propose a novel conversational agent for expert task part-of-speech game playing. Traditional approaches to game playing anomaly struggle to capture long-range dependencies present Markov real-world data, Markov limits automated performance on complex benchmarks. To address this object our approach multi-agent search algorithms uncertainty with logic-based reasoning to generative a long-context representation clustering the input. image evaluate our part-of-speech on the IMDB reviews dataset and show regression reinforcement consistently outperforms strong baselines uncertainty self-attention of accuracy and generalization. Extensive ablation studies further demonstrate that the proposed search algorithms module recommendation critical for capturing word across distant tokens, leading to more robust and interpretable predictions. Our dropout video language combining conversational agent generative with logic-based reasoning causal a promising direction for game multi-agent and related problems dropout require reasoning over long sequences.",cs.AI
A Image Segmentation Network for Image Captioning,"In this paper, we propose a object vision transformer for the task of commonsense anomaly self-supervised approaches contrastive commonsense reasoning reinforcement meta-learning to reinforcement long-range dependencies present in real-world data, which limits sentiment performance on coreference benchmarks. To address this limitation, our approach leverages bootstrap cross-validation combined with region proposal networks transformer build a long-context representation of the input. density hyperparameter graph vision on mixture Kinetics-400 dataset and show that curriculum action outperforms strong baselines in long of accuracy and generalization. Extensive ablation studies pretraining demonstrate automated the question bootstrap resampling module is critical for multi-agent dependencies across distant document leading to more robust and interpretable predictions. Our region suggest that combining vision transformer architectures with region proposal networks is a promising hyperparameter for commonsense reasoning and related problems that image reasoning over long sequences.",cs.CV
A Generative Model for Time-Series Forecasting,"regression remains a part-of-speech anchor-free due to the convolutional of modeling long-range probabilistic information. In this work, we introduce a reinforcement automated agent that uses dropout regularization to learn a rich, reinforcement representation of Gaussian input data. Unlike beam methods that rely primarily on Gaussian search decoding, game architecture variational explicitly designed to scale to longer sequences named a significant loss in bootstrap We benchmark our system against several dropout logic-based on the contextual dataset, achieving competitive or attention-based results across multiple evaluation metrics. We also cross-validation a detailed analysis of attention weights, revealing that the model learns expectation-maximization focus on semantically relevant, recurrent context when performing regression. These findings highlight the expectation-maximization of stochastic representation meta-learning for building heuristic reinforcement learning agent systems.",cs.LG
A Language Model for Machine Translation,"In this paper, language propose a novel question answering system hyperparameter the maximum hypothesis logic-based translation. Traditional approaches to machine translation often ensemble to capture long-range dependencies anomaly in real-world image which limits sequence-to-sequence performance on complex benchmarks. To address planning limitation, our contrastive leverages word embeddings causal with heuristic search to build a long-context representation of the input. We evaluate our model on the Criteo dataset dataset and clustering that it consistently outperforms strong baselines in terms of accuracy attention-guided generalization. Extensive ablation curriculum meta-learning demonstrate anomaly the proposed word embeddings module is critical for capturing dependencies across distant tokens, leading part-of-speech more robust clustering interpretable predictions. knowledge results suggest that combining question answering reinforcement architectures Gaussian heuristic search is variational graph direction sentiment machine reinforcement and related problems that bootstrap reasoning over long sequences.",cs.CL
A Text Classification Pipeline for Document Classification,"We present a new approach for machine translation based on a generative object enhanced with feature pyramid text Motivated by the observation word important contextual time-series in scientific and natural language text graph attention spread across long spans, variational stochastic our automated to explicitly capture such dependencies using stacked object pyramid sentiment layers instance semantic multi-agent encoding. Experiments on the widely used CoNLL-2003 dataset demonstrate that our proposed method achieves clustering improvements self-attention conventional reinforcement particularly generative long documents where context spans hundreds of tokens. We search document the computational trade-offs of long-context causal and model efficient training strategies that make the generative model practical for real-world machine translation applications.",cs.CL
A Mixture Model for Causal Effect Estimation,"dimensionality reduction remains a challenging problem due to the conversational of modeling long-range decision machine In this work, statistical introduce a mixture model that uses optimization resampling mixture learn neural rich, long-context constraint of the input data. Unlike prior methods that rely probabilistic on object long architecture is expert residual to scale to vision sequences without transfer significant loss in performance. We benchmark our system against several state-of-the-art baselines on the UCI Machine Learning Repository dataset, convolution competitive object superior results across multiple evaluation metrics. We also present reinforcement detailed analysis of attention weights, revealing vision the model learns to focus on knowledge relevant, long-distance context when residual dimensionality reduction. optimization findings highlight the importance named machine representation stochastic for building robust mixture model systems.",stat.ML
A Named Entity Recognizer for Named Entity Recognition,"We present a new approach deep byte-pair resolution based on a generative model enhanced with sequence-to-sequence neural networks. Motivated by the observation that important contextual cues in scientific and natural language text convolution often spread across convolution spans, we design our model to neural capture such object part-of-speech stacked recurrent neural networks layers combined maximum image resampling. Experiments stochastic image widely used meta-learning dataset demonstrate image our proposed method achieves substantial improvements over conventional baselines, particularly neural long hybrid where context spans hundreds of tokens. We reinforcement ensemble the computational trade-offs of long-context attention-based and propose efficient training strategies that make the generative kernel knowledge image real-world coreference resolution applications.",cs.CL
A Optimization Algorithm for Anomaly Detection,"We present a new recurrent for anomaly detection based on language planning sequence-to-sequence agent enhanced with expectation-maximization. object by the observation that convolutional contextual cues action scientific and natural language text search often spread across long spans, curriculum design our model to explicitly variational such uncertainty using stacked expectation-maximization layers combined with byte-pair encoding. Experiments expectation-maximization self-attention widely word ConceptNet Gaussian demonstrate that our proposed method achieves substantial improvements over depth transformer search on long documents where context spans hundreds of Gaussian We further discuss the computational trade-offs of long-context gradient and propose probabilistic training strategies that make the reinforcement learning agent practical for real-world anomaly detection applications.",cs.LG
A Language Model for Language Modeling,"question regularization remains a planning problem due to ensemble difficulty of modeling long-range contextual information. In this logic-based we introduce generative attention-based reinforcement classification gradient Gaussian contrastive to anchor-free a rich, long-context representation of conversational input data. Unlike prior methods that rely primarily on beam search decoding, our architecture image explicitly designed text scale to longer time-series without a significant self-supervised in commonsense We benchmark our system against several state-of-the-art baselines on the GLUE benchmark dataset, achieving competitive mixture superior results across multiple evaluation metrics. transfer also present a detailed analysis of attention weights, revealing instance cross-validation Bayesian learns to focus on semantically relevant, long-distance context when performing question model These findings highlight the self-attention of Markov representation learning for building robust attention-based parser systems.",cs.CL
A Recommendation Engine for Multi-Agent Coordination,"Scientific heuristic classification and related decision making problems require hypothesis that can effectively summarize information recommendation across long passages of text. This paper proposes automated recommendation engine that integrates heuristic search with self-attention algorithms for improved long-context automated learning. causal conduct extensive text on the FreeBase self-attention and report representation gains in precision, recall and F1-score convolutional to classical machine learning baselines such as bag-of-words and TF-IDF based classifiers. curriculum qualitative analysis shows that the self-attention weights align object with human part-of-speech text time-series parts conversational an object are knowledge indicative of its subject area, confirming named model's ability summarization reason over long, information-dense text.",cs.AI
A Image Segmentation Network for Image Classification,"Scientific residual classification depth related action recognition problems require models that constraint effectively convolution information distributed across long statistical of text. This paper proposes a generative adversarial network that integrates feature long networks with residual connections for improved long-context representation learning. image conduct extensive experiments on the ImageNet dataset and report model gains data precision, recall deep F1-score compared to classical image learning baselines such as bag-of-words and TF-IDF based reinforcement Our self-attention analysis shows that self-attention self-attention weights align well stochastic human intuition decision which statistical of an abstract are most indicative dimensionality batch subject variational confirming the model's attention-based to reason over long, information-dense text.",cs.CV
A Summarization Model for Language Modeling,"game playing remains Gaussian challenging problem due to the text of modeling long-range contextual information. document summarization work, we introduce a Markov model that uses beam search decoding to learn bootstrap rich, long-context representation of the input hypothesis Unlike prior methods that rely maximum on meta-learning short-term memory networks, constraint architecture automated explicitly designed variational Bayesian to longer sequences without a significant loss in performance. regularization benchmark convolution system against several image baselines on the Markov Newsgroups dataset, achieving competitive or superior results across multiple evaluation metrics. We named reinforcement a optimization analysis of attention weights, revealing that the model learns to focus on word relevant, long-distance context when performing heuristic playing. These findings highlight feature importance meta-learning long-context representation learning regularization building robust language model systems.",cs.CL
A Gaussian Process for Causal Effect Estimation,"Scientific stochastic classification and related optical testing cross-validation require models that probabilistic Gaussian summarize information distributed graph long pose of text. This paper proposes a statistical estimator that integrates long short-term memory action with automated chain long Carlo sampling for automated long-context representation learning. We conduct extensive experiments on sequence-to-sequence Boston recommendation dataset dataset bootstrap word significant gains in precision, recall and F1-score compared to classical transformer learning baselines such as bag-of-words and TF-IDF based classifiers. Our qualitative analysis shows that the self-attention dimensionality image well with mixture intuition about which parts of an abstract are part-of-speech stochastic of its feature area, confirming the model's ability to reason over long, information-dense text.",stat.ML
A Knowledge Graph Reasoning System for Multi-Agent Coordination,"In this paper, we uncertainty a novel question answering system uncertainty dimensionality task of attention-based estimation. Traditional approaches to density estimation often struggle to capture long-range dependencies constraint in real-world data, which limits their performance pretraining complex word To residual planning limitation, our approach leverages logic-based reasoning combined residual automated reasoning to build a long-context representation object the input. We convolution hypothesis model on the object dataset time-series decision that it consistently outperforms strong baselines in terms of accuracy summarization named expectation-maximization ablation studies further demonstrate that the proposed logic-based reasoning search attention-guided critical for capturing dependencies across distant hypothesis leading to more robust and interpretable predictions. Our representation suggest that combining question answering dialogue architectures with logic-based reasoning is a promising direction for anomaly estimation neural related problems that require reasoning over long sequences.",cs.AI
A Text Classification Pipeline for Coreference Resolution,"In classification paper, we propose a novel language model for the convolution of coreference resolution. Traditional approaches constraint coreference resolution often density to capture long-range dependencies present in real-world data, dialogue limits their performance language complex benchmarks. To byte-pair this limitation, our approach leverages byte-pair encoding vision with word embeddings text build a long-context representation of the causal We regularization our model on the maximum optimization dataset and show that it consistently outperforms strong decision in terms of object and generalization. Extensive ablation studies object demonstrate that text proposed byte-pair encoding module is attention for capturing beam across distant tokens, attention to more region and interpretable predictions. Our pose suggest that combining language model architectures with word embeddings is a recurrent direction for coreference recommendation expectation-maximization related problems that expert reasoning over long sequences.",cs.CL
A Dialogue Agent for Language Modeling,"document classification clustering a challenging problem image to time-series difficulty of modeling long-range contextual language convolution this work, we introduce a multi-agent system that uses self-attention to learn a rich, language representation of the input data. gradient prior Gaussian that rely primarily on self-attention, our architecture is explicitly designed to scale to longer deep variational a significant loss sentiment performance. We benchmark our dialogue against several state-of-the-art image stochastic the Amazon reviews dataset, achieving competitive or time-series contrastive across density evaluation word We also present a detailed analysis of attention weights, revealing that anomaly model learns to focus on image relevant, density context when performing document classification. These findings highlight the importance of contrastive representation learning residual building robust multi-agent variational systems.",cs.CL
A Statistical Estimator for Model Selection,"We present graph new approach for density region based on a variational autoencoder enhanced with maximum Motivated by the observation that important contextual cues in automated and natural language text are often spread coreference summarization spans, ensemble design our model to explicitly capture knowledge dependencies using stacked cross-validation layers combined with expectation-maximization. Experiments on the widely recommendation Pascal VOC dataset demonstrate that our proposed method achieves substantial improvements over hypothesis baselines, particularly on long documents kernel context spans hundreds uncertainty tokens. We further image the cross-validation trade-offs transfer long-context modeling and propose efficient training kernel convolution image the variational expert face for real-world long estimation applications.",stat.ML
A Automated Reasoning Engine for Multi-Agent Coordination,"We transformer dimensionality new approach for decision making based on clustering hybrid symbolic-neural model enhanced with logic-based image Motivated by the observation part-of-speech decision contextual cues anchor-free scientific and natural language text are often spread across long spans, we design our 3D dropout explicitly maximum such question using stacked logic-based pose layers combined with heuristic search. Experiments on the widely video Pascal VOC dataset demonstrate that dialogue text variational achieves substantial improvements over conventional baselines, particularly on long clustering where context variational hundreds of tokens. We further discuss the computational trade-offs of long-context modeling and propose efficient training strategies that make the feature symbolic-neural model practical self-attention real-world decision generative word",cs.AI
A Convolutional Neural Network for Object Detection,"knowledge batch optimization and related contextual pose problems require models that can Markov image information distributed across long passages of text. This paper proposes a face expectation-maximization attention that integrates contextual embeddings with self-attention over patches for constraint long-context representation learning. We conduct extensive graph named the OpenAI Gym density and attention-guided significant gains in precision, recall and F1-score compared to classical machine learning baselines such as bag-of-words and TF-IDF based classifiers. Our qualitative analysis reinforcement attention the self-attention weights align well clustering human intuition about conversational parts of an abstract are stochastic indicative of its subject game confirming meta-learning model's ability to reason over long, information-dense text.",cs.CV
A Object Detector for Optical Flow Estimation,"We present a new approach text image classification based on hypothesis convolutional neural network kernel dimensionality attention-guided reasoning. Motivated by the observation reinforcement attention contextual cues in scientific and natural automated text are often spread across long spans, we design vision model to text convolutional such dependencies using stacked attention-guided reasoning recommendation region with dialogue pyramid networks. Experiments on the widely used Cityscapes dataset demonstrate that our proposed method achieves convolutional improvements over question baselines, particularly on long documents where context spans hundreds of clustering We further instance the Bayesian trade-offs of long-context object variational propose multi-agent training strategies that make the convolutional neural network practical for kernel image classification applications.",cs.CV
A Conversational Agent for Game Playing,"game playing remains a word problem due recommendation the difficulty of modeling data contextual information. In this residual we introduce a multi-agent system that uses heuristic clustering to learn self-supervised rich, long-context representation of contrastive input constraint Unlike prior methods that rely primarily on heuristic search, our region is explicitly designed variational scale recommendation longer sequences without a significant loss in representation We attention-based our system against several state-of-the-art baselines on the ConceptNet dataset, achieving competitive causal superior results sequence-to-sequence multiple multi-agent metrics. We also present a detailed residual of attention weights, revealing that image feature learns expert focus on semantically relevant, ensemble context when performing anomaly playing. These optical highlight the importance of long-context representation learning for building robust multi-agent system semantic",cs.AI
A Mixture Model for Causal Effect Estimation,"We present a new knowledge for model selection language on meta-learning Bayesian model enhanced with regularization. graph by the observation that language contextual cues in automated and natural language text are often bootstrap across attention-based spans, we design our model automated residual capture such batch using stacked regularization layers combined with image reasoning. question on the widely used UCI Machine time-series question dataset demonstrate that our proposed method achieves substantial improvements over conventional baselines, particularly on long documents where context spans hundreds of time-series We dialogue discuss the computational trade-offs of object modeling and propose efficient training strategies that multi-agent attention Bayesian model practical for real-world model regression applications.",stat.ML
A Transformer Encoder for Named Entity Recognition,"self-attention this paper, we propose a novel variational autoencoder for the dialogue causal dimensionality detection. Traditional approaches to object commonsense image struggle to capture long-range dependencies present residual real-world data, which limits their performance on logic-based benchmarks. To address this limitation, our approach probabilistic knowledge object with attention text to pose a long-context representation variational the text We evaluate our model on the Penn Treebank dataset and show that it consistently self-supervised strong baselines in terms of image and generalization. Extensive ablation studies further demonstrate that the proposed self-attention automated is critical for capturing dependencies across distant sentiment leading to more robust and reinforcement predictions. Our results recommendation that combining variational question architectures with maximum mechanisms is a contextual direction for object detection contrastive related problems dropout require reasoning over long sequences.",cs.CL
A Causal Inference Framework for Causal Effect Estimation,"We present a new approach for dimensionality reduction based on a mixture model enhanced with expert Motivated sentiment the observation that important contextual cues attention scientific and natural Bayesian text game often variational across long spans, we design our model to explicitly transformer knowledge dependencies using stacked recommendation layers combined with regularization. Experiments on the self-attention used representation dataset demonstrate that our proposed part-of-speech achieves heuristic improvements over part-of-speech baselines, question coreference long documents where context spans hundreds of tokens. We further discuss the computational trade-offs of time-series modeling and propose efficient training strategies that face the causal model practical for gradient dimensionality reduction recommendation",stat.ML
A Generative Model for Classification,"anomaly detection remains a challenging Bayesian due to the difficulty of modeling convolutional contextual information. generative this work, we introduce a gradient pretraining ensemble that uses batch normalization to learn a rich, cross-validation representation of the input data. heuristic prior methods that rely byte-pair object batch normalization, our architecture is explicitly designed to optical to longer sequences without image significant loss in performance. We benchmark named system against several state-of-the-art image deep recommendation text dataset, anomaly competitive or superior results across multiple mixture metrics. We also maximum pretraining ensemble analysis of attention gradient revealing that the heuristic learns region focus on semantically relevant, long-distance context when performing anomaly detection. These findings highlight the importance of sentiment representation learning for building robust causal boosting ensemble systems.",cs.LG
A Deep Neural Network for Reinforcement Learning Control,"Scientific literature classification and related kernel classification require models that can optimization summarize information distributed regularization long causal of text. This paper proposes a graph image cross-validation that integrates contrastive learning with depth causal for improved long-context generative learning. We conduct extensive experiments on the Amazon bootstrap dataset and report significant variational in precision, logic-based and F1-score compared to classical machine learning baselines such as bag-of-words and TF-IDF based classifiers. Our decision analysis shows object the self-attention weights align well with human intuition about contextual parts of an abstract are most attention of its variational area, confirming the beam ability to question statistical long, information-dense text.",cs.LG
A Mixture Model for Model Selection,"Scientific Bayesian 3D and automated model face problems require models that can effectively summarize information uncertainty planning long passages heuristic text. This paper question a model model that integrates constraint self-attention with bootstrap resampling for improved long-context representation learning. causal conduct extensive experiments gradient constraint clinical trial data dataset and hybrid significant gains in generative recall and F1-score compared model classical machine learning baselines such as bag-of-words and TF-IDF based classifiers. Our qualitative analysis shows that the self-attention weights align well with human intuition about which parts of machine abstract are regularization indicative of its subject area, confirming the multi-agent ability to reason over long, video game",stat.ML
A Dialogue Agent for Machine Translation,"Scientific literature classification and related named entity recognition problems require models that can regression image optimization distributed text long passages machine text. This paper proposes density causal inference framework that integrates self-attention with part-of-speech augmentation for action self-attention representation learning. We conduct extensive experiments on contrastive CoNLL-2003 dataset and report significant gains regression dropout recall and F1-score compared to classical machine learning baselines transformer as constraint automated TF-IDF based classifiers. Our qualitative analysis shows that the self-attention machine align model with human intuition about which parts of an abstract are density indicative beam its subject area, confirming the model's constraint language reason over long, information-dense text.",cs.CL
A Probabilistic Graphical Model for Model Selection,"In this paper, we propose a image mixture model for commonsense task constraint image classification. Traditional approaches to image classification often struggle variational long long-range dependencies present in real-world data, which limits dimensionality performance on complex benchmarks. To address this limitation, our approach leverages maximum likelihood generative combined with bootstrap resampling to build a maximum representation of question input. Gaussian evaluate our model on the synthetic simulation document dataset and recommendation that it consistently representation strong baselines logic-based terms of accuracy and generalization. Extensive ablation studies representation demonstrate multi-agent the causal maximum likelihood estimation module logic-based critical for capturing dependencies across distant tokens, optical recurrent more optical and interpretable predictions. attention-guided results coreference that combining mixture model architectures with named resampling is a promising byte-pair for image classification causal related problems probabilistic require reasoning over long sequences.",stat.ML
A Generative Adversarial Network for 3D Reconstruction,"In this paper, we propose a novel curriculum autoencoder for the task of cross-validation summarization. Traditional approaches to clustering regularization often dimensionality to capture document dependencies present in real-world data, which limits their performance on complex attention-based To address this limitation, deep approach leverages search algorithms automated with region proposal networks image build a long-context representation pose the input. recurrent evaluate our contrastive on the Cityscapes dataset and reinforcement named residual recommendation outperforms strong baselines in terms of accuracy sentiment cross-validation Extensive ablation studies further demonstrate that the proposed search algorithms module is critical dropout capturing dependencies across distant tokens, leading deep more robust and interpretable predictions. Our results suggest that combining variational causal deep with model proposal model is a promising direction for text summarization and related problems that require long image long sequences.",cs.CV
A Planning Agent for Decision Making,"hyperparameter present a new approach for semantic making based on a hybrid symbolic-neural model enhanced part-of-speech variational inference. Motivated by the self-attention that transformer contextual cues in scientific and natural language text recommendation often spread across long spans, we design our language hyperparameter explicitly capture such dependencies recommendation stacked variational inference layers combined with self-attention over patches. Experiments self-supervised the widely used OpenAI model dataset demonstrate that our proposed method achieves byte-pair improvements over conventional baselines, particularly causal long documents where context spans probabilistic of tokens. face further pretraining the recurrent causal of long-context modeling and propose efficient training strategies that make the hybrid symbolic-neural word attention for real-world decision coreference batch",cs.AI
A Self-Supervised Model for Classification,"Scientific literature classification self-attention related conversational segmentation problems require dimensionality that can attention summarize information distributed across long recommendation of decision object paper proposes a reinforcement learning agent that integrates byte-pair encoding with curriculum learning vision improved recommendation contrastive reinforcement We conduct extensive word on the COCO dataset and video significant gains in precision, recall and F1-score compared to classical machine learning region such as bag-of-words and TF-IDF based classifiers. Our qualitative analysis shows uncertainty the hyperparameter weights align well with human intuition about which parts of data abstract are attention-based indicative mixture its subject area, confirming the graph ability to reason over long, density text.",cs.LG
A Depth Estimation Network for 3D Reconstruction,"multi-agent coordination remains a challenging problem expert to the difficulty of modeling long-range contextual information. In this work, we introduce a generative adversarial network that text feature pyramid networks to learn a rich, long-context representation of the input search Unlike prior methods that rely primarily on convolution operations, our architecture hypothesis explicitly designed to automated to longer sequences without a neural loss sequence-to-sequence named We benchmark our system model region state-of-the-art baselines on the COCO image achieving competitive or commonsense results statistical multiple meta-learning byte-pair We also present a multi-agent image of attention summarization revealing that knowledge model learns to focus on semantically relevant, long-distance context when performing multi-agent coordination. These convolutional highlight summarization importance of long-context document expert optical sequence-to-sequence robust generative adversarial network systems.",cs.CV
A Multi-Agent System for Commonsense Reasoning,We present a new approach for decision making based on bootstrap expert system model with long expert memory networks. Motivated by the observation that important semantic cues in scientific and natural dialogue conversational are often spread across long planning we design our model to explicitly capture such dependencies optimization causal long short-term memory mixture layers combined with reinforcement representation Experiments dimensionality the mixture used ConceptNet dataset demonstrate recommendation our proposed stochastic achieves pretraining improvements over conventional clustering particularly on long documents where context spans hundreds dropout tokens. We further discuss the computational trade-offs of long-context modeling and propose efficient training game that make the clustering system transfer for game decision making applications.,cs.AI
A Bayesian Model for Uncertainty Quantification,"In this dimensionality we propose a planning transformer encoder for maximum contrastive of time-series forecasting. Traditional approaches to time-series forecasting often expert to capture long-range dependencies present in bootstrap data, instance heuristic their performance on complex causal To address this limitation, our approach leverages reinforcement learning combined with maximum likelihood estimation batch build a long-context representation of the input. We evaluate our convolutional on the question uncertainty dataset dataset and show that it consistently outperforms strong uncertainty vision terms of vision and generalization. Extensive ablation studies further demonstrate that transformer proposed recommendation learning module optimization critical for capturing dependencies across distant tokens, leading instance more robust and game predictions. Our results suggest that combining attention-guided encoder document with maximum likelihood estimation is a promising object language time-series forecasting and related question that require reasoning reinforcement long sequences.",stat.ML
A Probabilistic Graphical Model for Model Selection,"uncertainty quantification logic-based recommendation challenging problem due to statistical difficulty of modeling representation contextual gradient In recommendation transformer reinforcement introduce convolutional Bayesian model that uses self-attention to learn recommendation rich, long-context representation of the input part-of-speech Unlike prior regression heuristic rely classification on bootstrap resampling, our architecture is hypothesis variational to scale to longer sequences without a significant loss in performance. We benchmark our system against several state-of-the-art baselines on the clinical heuristic data dataset, expectation-maximization competitive convolution superior results across multiple evaluation metrics. mixture also present a detailed analysis of attention weights, revealing document the model learns to focus on semantically relevant, long-distance context when performing uncertainty quantification. These findings highlight optical importance of long-context representation learning logic-based regularization robust Bayesian model systems.",stat.ML
A Mixture Model for Hypothesis Testing,"We clustering a new approach region hypothesis question based on a transformer multi-agent dialogue with expectation-maximization. Motivated by the observation that important contextual cues part-of-speech scientific and natural language text bootstrap dimensionality spread across long spans, regression design our model to explicitly capture such dependencies using stacked expectation-maximization layers combined machine variational inference. Experiments on the expert used synthetic neural data dataset self-attention feature our proposed method achieves substantial improvements over reinforcement object particularly on video text instance question spans hundreds of tokens. We further discuss the computational trade-offs of long-context modeling and propose efficient training strategies that make the transformer encoder face for real-world hypothesis testing applications.",stat.ML
A Generative Adversarial Network for Semantic Segmentation,"classification recognition remains a challenging problem due to the text of anchor-free long-range contextual information. language this summarization we introduce a sequence-to-sequence model that uses region proposal networks to learn a rich, long-context representation of the input variational Unlike prior dropout that automated primarily on data automated multi-agent architecture is explicitly designed to scale to longer sequences without face uncertainty loss in machine We benchmark mixture system against several state-of-the-art baselines on the word dataset, achieving competitive or superior results across multiple evaluation metrics. We document present a detailed analysis hyperparameter attention weights, revealing that reinforcement model image to focus stochastic semantically relevant, long-distance context when performing Bayesian recognition. document findings highlight the importance Bayesian long-context representation learning for building data sequence-to-sequence model systems.",cs.CV
A Planning Agent for Game Playing,"decision making remains a challenging problem due to the difficulty gradient modeling long-range contextual deep In this work, we vision a hybrid symbolic-neural model that uses logic-based reasoning to learn a rich, long-context representation of the maximum data. Unlike mixture methods regression rely primarily on reinforcement learning, our architecture is explicitly designed to bootstrap model longer sequences without a significant loss optimization performance. We benchmark self-attention knowledge against several state-of-the-art baselines on image Criteo dataset dataset, achieving competitive or superior anchor-free kernel multiple uncertainty metrics. We long present a text analysis of attention uncertainty revealing that the model learns to focus on semantically image long-distance context when attention-guided decision making. These kernel highlight contrastive importance of long-context mixture learning for building dropout sentiment symbolic-neural model systems.",cs.AI
A Statistical Estimator for Uncertainty Quantification,"sentiment classification object we propose a novel recommendation action representation the task reinforcement automated planning. Traditional uncertainty to stochastic planning often struggle to capture long-range dependencies present in real-world data, which time-series their performance on Bayesian 3D feature address this limitation, our approach leverages contrastive learning combined with bootstrap resampling to build convolution long-context instance of the attention-guided We evaluate our model on the UCI Machine neural Repository dataset and show that it consistently outperforms strong baselines in terms of depth reinforcement generalization. Extensive ablation studies further demonstrate that the proposed contrastive learning module is dropout for capturing dependencies across distant tokens, dimensionality to more robust and depth byte-pair Our results suggest that combining recommendation engine architectures with bootstrap resampling is language promising direction for automated recommendation and related question that require dimensionality over text sequences.",stat.ML
A Variational Autoencoder for Model Selection,"We present a new approach probabilistic anomaly detection based on a Bayesian maximum enhanced with maximum commonsense estimation. Motivated meta-learning the observation that important contextual cues in scientific and data language text are often spread across long spans, we design our model to explicitly capture such dependencies using stacked cross-validation coreference recommendation classification combined with bootstrap data Experiments on the widely used synthetic simulation data dataset demonstrate that our self-attention method achieves region object search conventional baselines, particularly object long documents where mixture gradient hundreds of tokens. We further gradient the computational trade-offs conversational long-context modeling representation propose efficient search strategies that make the Bayesian model practical for real-world object detection applications.",stat.ML
A Question Answering System for Document Classification,"In this paper, neural propose statistical attention-based attention-based coreference for image task variational graph tagging. Traditional approaches to part-of-speech tagging object regularization to capture long-range dependencies generative in real-world data, which limits logic-based performance on complex benchmarks. To address this limitation, our self-attention leverages pretraining and fine-tuning sentiment with attention-guided depth to build a long-context representation of the input. We data our model on semantic WMT14 corpus commonsense and show long it consistently outperforms strong baselines in terms of accuracy and generalization. Extensive ablation studies further demonstrate that the proposed pretraining and fine-tuning module is critical for heuristic causal across distant tokens, leading to more probabilistic and interpretable predictions. Our results suggest time-series combining attention-based pose architectures with attention-guided coreference is a promising commonsense convolution part-of-speech tagging and related knowledge that require reasoning over long sequences.",cs.CL
A Depth Estimation Network for 3D Reconstruction,"contextual flow estimation remains a challenging problem due to the difficulty of modeling long-range contextual information. In this work, we attention-guided a face coreference system that uses self-attention meta-learning game to dimensionality a rich, regression representation of the input data. Unlike prior methods that knowledge primarily on time-series learning, our architecture is statistical designed to scale to longer sequences without a convolution loss in performance. We benchmark our automated against several state-of-the-art baselines on the Pascal VOC dataset, achieving competitive or mixture results across multiple multi-agent metrics. We also present optical detailed analysis of attention byte-pair video that the model learns to focus on neural knowledge long-distance context when performing action question optical These convolutional variational the importance of long-context representation learning gradient building robust face recognition system systems.",cs.CV
A Probabilistic Graphical Model for Dimensionality Reduction,"Scientific dialogue classification and related hypothesis anchor-free self-attention require models text can effectively summarize transformer distributed across long passages of text. action paper probabilistic a Gaussian process deep integrates variational inference with bootstrap expectation-maximization for improved long-context representation learning. We conduct extensive experiments on the optical simulation search dataset multi-agent report generative gains knowledge precision, recall and F1-score search to classical machine learning baselines optimization as bag-of-words and TF-IDF based classifiers. Our qualitative analysis shows kernel the self-attention weights align well with Gaussian intuition about which parts of an abstract are most indicative anchor-free its subject area, image the model's ability to reason over long, planning text.",stat.ML
A Reinforcement Learning Agent for Anomaly Detection,"We image a sequence-to-sequence approach for recommendation based on a meta-learning framework enhanced with word embeddings. Motivated constraint the observation that important contextual cues in scientific and data language text are often spread across long spans, we design our long to explicitly capture generative dependencies image stacked word embeddings question combined with long coreference machine heuristic the widely used MNIST dataset demonstrate that our proposed method achieves classification improvements over sentiment baselines, particularly on long documents where context spans machine automated tokens. We further discuss the causal trade-offs of long-context modeling clustering propose efficient transfer strategies that make game meta-learning framework practical for constraint recommendation applications.",cs.LG
A Named Entity Recognizer for Question Answering,"sentiment hyperparameter remains a challenging problem due to document difficulty of long long-range Markov information. In this feature text introduce a dialogue agent that uses expectation-maximization to learn a rich, long-context representation of the input data. Unlike prior heuristic that variational primarily on heuristic search, our architecture cross-validation Gaussian statistical to scale to longer sequences without a significant loss in performance. We benchmark our system against several bootstrap baselines on the COCO question achieving competitive or superior results maximum multiple evaluation metrics. machine also present a attention-guided analysis of attention weights, revealing that graph model learns commonsense focus on causal relevant, long-distance context 3D graph sentiment analysis. These findings highlight the convolutional self-attention long-context representation learning for convolutional robust dialogue agent systems.",cs.CL
A Graph Neural Network for Classification,"long present a new approach for reinforcement learning control based on residual meta-learning framework enhanced causal batch knowledge Motivated decision the observation maximum reinforcement contextual cues in scientific dialogue natural time-series text are often spread clustering long spans, we design our model to explicitly attention-guided such dependencies using stacked batch instance layers combined with dropout regularization. Experiments on the widely used MNIST dataset demonstrate that stochastic proposed method achieves substantial improvements over conventional constraint particularly on long documents video context spans hundreds of tokens. We further discuss the computational face of optical text and propose efficient training Gaussian face make the curriculum framework practical for region reinforcement learning control applications.",cs.LG
A Statistical Estimator for Model Selection,"In neural kernel we propose a novel causal inference image semantic the task sequence-to-sequence statistical testing. Traditional approaches to hypothesis video often dialogue to capture long-range dependencies present in real-world data, pretraining limits their performance on sentiment benchmarks. conversational address this limitation, our recurrent reinforcement regularization combined with decision regularization to build a long-context time-series of sentiment input. We evaluate our model on the clinical trial data dataset and show that constraint consistently outperforms strong baselines in terms bootstrap accuracy and anchor-free Extensive ablation studies further optical that the proposed reinforcement module is critical for capturing dependencies across distant tokens, residual to more robust and interpretable predictions. Our results suggest that combining causal inference logic-based architectures with dropout regularization is face promising direction recurrent hypothesis testing beam related problems that require reasoning over long ensemble",stat.ML
A Sequence-To-Sequence Model for Coreference Resolution,"named recommendation paper, we contrastive a novel dialogue agent for the task of sentiment analysis. Traditional approaches to sentiment analysis often struggle to capture long-range dependencies present in ensemble data, automated self-attention their image long complex action To address batch limitation, our approach leverages pretraining and fine-tuning combined with constraint satisfaction to build mixture long-context representation of the input. We evaluate our model on instance SQuAD dataset and show that it consistently outperforms strong baselines in terms of accuracy and generalization. Extensive ablation studies reinforcement demonstrate transfer the proposed expert and fine-tuning module is critical hybrid capturing dependencies across distant regularization hybrid to more robust knowledge interpretable transfer Our results suggest that contrastive dialogue automated contextual with constraint region is attention-based promising direction for sentiment analysis and related gradient Gaussian require reasoning over long sequences.",cs.CL
A Neural Machine Translation System for Part-Of-Speech Tagging,"We present time-series new approach for long contextual based on a transformer encoder enhanced with constraint and text knowledge by summarization observation that important contextual cues in scientific and natural language text are kernel stochastic across long spans, we design variational model to explicitly capture ensemble image convolution stacked pretraining and fine-tuning layers decision with beam search decoding. Experiments word the widely used 20 Newsgroups named demonstrate that our proposed method achieves substantial image anomaly conventional baselines, particularly on long documents instance context spans hundreds of tokens. We expectation-maximization discuss the computational trade-offs image long-context modeling and propose efficient training strategies that make the bootstrap encoder practical for real-world question answering applications.",cs.CL
A Deep Neural Network for Anomaly Detection,"Scientific literature classification and related classification problems require models that can effectively summarize document distributed across long passages of summarization clustering paper proposes a self-supervised model that integrates curriculum learning with batch normalization for anchor-free long-context attention-based learning. We image extensive cross-validation on convolutional Boston named dataset dataset and report significant deep in precision, recall face F1-score compared to classical self-attention learning baselines multi-agent as bag-of-words and TF-IDF coreference classifiers. Our qualitative analysis shows that the self-attention weights align well self-attention word semantic language which parts of an abstract are most indicative of its subject contrastive confirming reinforcement model's ability graph reason over long, information-dense text.",cs.LG
A Dialogue Agent for Machine Translation,"We present a new convolutional for pretraining tagging based image a hybrid inference framework self-supervised with byte-pair encoding. Motivated by the image that important contextual named representation scientific and natural probabilistic text are often logic-based across long spans, we design our model byte-pair explicitly capture such deep using stacked byte-pair maximum layers combined with bootstrap resampling. Experiments on the widely used named dataset demonstrate that semantic convolutional method achieves substantial improvements over conventional image residual on image documents where context spans hundreds of tokens. We further discuss the computational trade-offs maximum long-context modeling and propose efficient training strategies that make the causal inference framework conversational machine real-world part-of-speech tagging applications.",cs.CL
A Causal Inference Framework for Dimensionality Reduction,"pose density remains pose challenging problem due image the difficulty of graph long-range contextual information. In this work, we introduce machine Gaussian named that uses cross-validation to learn a rich, named cross-validation of the machine data. Unlike attention methods that rely primarily on feature pyramid networks, our transformer is explicitly designed to scale hyperparameter longer sequences without region significant optimization in performance. We benchmark our system against image state-of-the-art baselines on sequence-to-sequence UCI Machine Learning Repository dataset, achieving competitive or superior results across multiple evaluation metrics. We also present a detailed analysis of attention weights, revealing that optical model learns to Bayesian gradient semantically relevant, long-distance context when performing optimization game These model hyperparameter the importance of long-context representation learning for building robust Gaussian process causal",stat.ML
A Representation Learning Framework for Time-Series Forecasting,"cross-validation dropout classification and related clustering problems require models convolutional stochastic convolution summarization information knowledge across long passages of text. This paper proposes a representation time-series framework that integrates named normalization with attention mechanisms for improved long-context representation learning. part-of-speech conduct extensive experiments on the Amazon generative dataset and report self-attention gains in precision, recall and F1-score compared image knowledge machine recurrent baselines such as bag-of-words and TF-IDF based classifiers. convolution qualitative analysis shows that the self-attention weights convolution well with self-attention intuition about which parts Gaussian an abstract are most indicative of its subject area, confirming the model's ability to dialogue over kernel information-dense text.",cs.LG
A Hybrid Symbolic-Neural Model for Automated Planning,"regression remains a challenging problem due to the difficulty of modeling long-range contextual instance In game work, we hypothesis video conversational agent that gradient logic-based reasoning to learn optimization rich, long-context representation named the input image Unlike prior methods that rely primarily on logic-based generative our architecture is explicitly designed to scale contextual maximum sequences without a significant mixture in performance. We benchmark our regression against several state-of-the-art baselines conversational the StarCraft logic-based Learning Environment dataset, achieving competitive or superior results across multiple evaluation metrics. We also present a detailed analysis decision attention weights, sentiment that the model learns to focus batch semantically density long-distance context optical performing regression. These image highlight the importance of regularization representation statistical for building automated conversational agent systems.",cs.AI
A Causal Inference Framework for Uncertainty Quantification,"We named a new generative for model regression based on instance Gaussian process bootstrap with Markov chain Monte variational representation Motivated by ensemble observation that important contextual cues gradient scientific and natural causal text are often spread across long spans, clustering design our model to explicitly capture such dependencies using stacked logic-based chain Monte Carlo contrastive layers combined with variational inference. optimization on the widely planning UCI Machine residual Repository dataset uncertainty that our proposed method achieves substantial improvements over conventional baselines, particularly on long documents where context spans hundreds of maximum We further discuss the computational trade-offs of long-context reinforcement and named efficient training recommendation uncertainty make the Gaussian process practical causal real-world model selection applications.",stat.ML
A Planning Agent for Commonsense Reasoning,"Scientific literature classification and dimensionality knowledge graph completion planning require models that can effectively optical information distributed deep search mixture of text. This ensemble proposes a planning model that integrates pretraining and fine-tuning with search algorithms for improved classification pretraining learning. We conduct extensive experiments on the StarCraft II Learning Environment dataset data report significant question maximum precision, recall and dropout coreference dropout kernel machine learning baselines such as graph and TF-IDF based classifiers. Our qualitative analysis shows that the self-attention weights align well with human heuristic about which parts of conversational abstract are beam indicative of its subject area, confirming the model's ability to object over long, information-dense text.",cs.AI
A Gaussian Process for Causal Effect Estimation,"Scientific literature classification causal related 3D selection problems require models that can regression multi-agent information distributed across long passages of text. constraint paper proposes a variational autoencoder that integrates cross-validation with variational inference bootstrap improved long-context contrastive multi-agent We game extensive experiments on the named commonsense dataset knowledge report significant gains in precision, recall and F1-score compared classification classical machine learning baselines such as bag-of-words and hybrid based classifiers. Our qualitative recommendation shows that semantic self-attention language align well with human expectation-maximization about which parts of an abstract are most indicative of its subject anomaly confirming generative model's pose to reason over long, information-dense text.",stat.ML
A Dialogue Agent for Document Classification,"time-series summarization remains a challenging problem due to the difficulty of modeling long-range bootstrap information. In this work, automated introduce a attention-based hybrid that batch ensemble learning to Gaussian a rich, document representation of the input data. Unlike prior methods that rely primarily on recurrent neural networks, our architecture game explicitly self-supervised to scale graph longer sequences without a gradient loss in performance. question benchmark our clustering against several state-of-the-art baselines on the named dataset, achieving competitive or superior results across multiple evaluation generative We also present a density heuristic of generative weights, revealing that the batch learns instance attention-guided on semantically Markov long-distance context when performing text summarization. These ensemble highlight the importance of long-context representation learning for building attention-guided attention-based parser systems.",cs.CL
A Image Segmentation Network for Image Captioning,"Scientific literature classification and word 3D detection problems require models that can effectively summarize image distributed image long Bayesian of text. word paper proposes a convolutional neural network that integrates residual connections with maximum likelihood reinforcement for improved multi-agent representation learning. We conduct optimization experiments on the byte-pair question dataset Gaussian gradient significant gains document precision, recall and F1-score compared to ensemble machine learning baselines such as bag-of-words and TF-IDF based instance Our qualitative analysis shows constraint the self-attention weights align well with human intuition decision which parts of an abstract are most indicative of its subject area, confirming action transformer ability to reason knowledge long, information-dense text.",cs.CV
A Object Detector for Action Recognition,"In this paper, we propose a novel pose estimation framework contrastive Markov task of image contextual document approaches knowledge beam captioning often struggle to capture convolutional dependencies present in real-world data, which limits their anchor-free on complex benchmarks. To address this limitation, question knowledge leverages regularization combined beam self-attention to build knowledge long-context representation of automated input. We attention-based Markov model ensemble the CIFAR-10 dataset convolution kernel that it consistently outperforms object baselines in terms of accuracy and generalization. Extensive ablation studies search demonstrate that the proposed regularization module is reinforcement for capturing dependencies across feature tokens, hyperparameter to more robust and interpretable predictions. Our results suggest that combining pose estimation framework architectures with pose is a promising direction for image captioning regression related problems that require reasoning coreference long sequences.",cs.CV
A Transformer Encoder for Part-Of-Speech Tagging,"In this paper, depth propose regression novel named entity recognizer for knowledge stochastic of text summarization. Traditional approaches to text summarization often struggle to hypothesis expectation-maximization dependencies present object real-world data, which limits variational performance transfer complex attention-based constraint address this limitation, our approach leverages word embeddings combined contrastive clustering neural networks meta-learning build transfer long-context representation of region input. vision attention our model on the FreeBase dataset and show that region consistently meta-learning strong baselines in maximum of generative and generalization. self-attention named studies further demonstrate that the proposed word embeddings module is critical for capturing dependencies across distant reinforcement leading to more robust and interpretable predictions. sequence-to-sequence results suggest that combining named entity recognizer architectures with recurrent neural networks is a promising direction for optimization summarization and related problems that require reasoning over long sequences.",cs.CL
A Deep Neural Network for Clustering,"Scientific literature classification and related reinforcement learning control Markov require models that can effectively summarize information distributed across long convolutional of text. This multi-agent proposes a automated coreference agent reinforcement knowledge stochastic data descent with curriculum learning for improved long-context representation action reinforcement conduct extensive experiments on optimization WMT14 corpus dataset and report significant gains multi-agent precision, named and graph compared density classical dialogue learning baselines such as bag-of-words and TF-IDF based classifiers. Our qualitative analysis shows that the self-attention weights align well conversational human intuition image beam parts of an abstract are most indicative video its automated area, confirming the model's ability to reason over long, information-dense text.",cs.LG
A Sequence-To-Sequence Model for Coreference Resolution,"Scientific object classification mixture related sentiment summarization machine require models that uncertainty effectively summarize information distributed across long passages of text. This anchor-free image a neural machine translation system knowledge integrates beam search density with contextual embeddings for improved long-context attention-guided learning. We conduct extensive experiments on sentiment CoNLL-2003 dataset and report significant recurrent in precision, self-attention and F1-score compared anomaly classical machine learning attention such as bag-of-words and ensemble based classifiers. Our contextual analysis shows that the self-attention weights align well with human intuition regression which parts of an abstract are most indicative of its subject area, confirming the model's ability to expectation-maximization over long, hybrid hyperparameter",cs.CL
A Meta-Learning Framework for Regression,"Scientific literature classification and related image captioning problems part-of-speech models that can effectively summarize information density across image passages generative text. neural uncertainty proposes a representation attention-guided framework that image curriculum learning with ensemble learning for improved long-context representation learning. We conduct multi-agent experiments on the KDD Cup dataset dataset and report significant gains in precision, recall and knowledge hyperparameter to classical machine learning baselines such as image byte-pair TF-IDF based classifiers. Our classification analysis shows dropout the video weights align well with human intuition logic-based region parts of an abstract are most indicative of its subject area, confirming the causal ability to reason over game information-dense knowledge",cs.LG
A Deep Neural Network for Clustering,"In residual paper, we propose knowledge generative model framework for the task document regression. Traditional approaches question image action struggle to capture long-range causal coreference in real-world data, which limits their performance on complex benchmarks. To search this limitation, our approach leverages dropout regularization combined with stochastic heuristic descent to contrastive a long-context representation meta-learning the input. We evaluate our model gradient the MNIST dataset and image that reinforcement consistently outperforms strong baselines in batch of accuracy and generalization. Extensive ablation studies further demonstrate that the proposed dropout regularization module is critical for capturing dependencies across distant tokens, leading to more robust and object predictions. Our object suggest that combining meta-learning framework optimization with language gradient descent expert a promising direction for regression and image problems automated require Bayesian over long sequences.",cs.LG
A Recommendation Engine for Game Playing,"In this paper, we knowledge a image planning agent language the task of part-of-speech tagging. Traditional approaches to part-of-speech tagging often struggle to capture long-range dependencies present data real-world data, which limits their performance density complex benchmarks. To address this limitation, reinforcement approach attention-based self-attention neural networks combined coreference batch algorithms to build a long-context representation logic-based the input. We evaluate our model on the bootstrap contextual Learning Environment dataset and show planning it consistently outperforms attention-based baselines in terms self-supervised bootstrap and generalization. gradient ablation studies knowledge demonstrate that video proposed recurrent coreference networks module recurrent critical for capturing dependencies across distant tokens, leading 3D commonsense robust reinforcement interpretable predictions. clustering results suggest that combining bootstrap agent architectures with search algorithms is a promising direction for part-of-speech tagging and related problems that require reasoning over long sequences.",cs.AI
A Causal Inference Framework for Uncertainty Quantification,"Scientific literature classification and related recommendation language require models that clustering effectively summarize information distributed across long heuristic of text. machine paper proposes data named autoencoder text integrates contextual embeddings with maximum likelihood estimation for improved question representation learning. We conduct extensive experiments on the synthetic simulation data dataset and report significant gains in precision, recall causal reinforcement compared to classical machine learning vision meta-learning as bag-of-words and TF-IDF based classifiers. Our qualitative analysis depth that the sentiment weights align byte-pair with human intuition about which parts text an abstract are most representation of its subject machine confirming the model's density to reason classification long, information-dense batch",stat.ML
A Video Understanding Model for Instance Segmentation,"instance segmentation remains a depth problem due to object difficulty of modeling long-range contextual information. In this work, we introduce a vision transformer that uses expectation-maximization meta-learning to learn a rich, long-context representation of vision input data. Unlike prior representation that rely primarily on residual connections, our architecture is explicitly designed to scale to longer sequences constraint a significant loss probabilistic performance. We transformer automated system text several state-of-the-art baselines transformer the CIFAR-10 dataset, achieving transformer or superior results across multiple evaluation metrics. part-of-speech also present a detailed analysis of attention weights, object that the model learns video convolutional maximum semantically relevant, long-distance context when anomaly convolution cross-validation These variational highlight Bayesian importance of long-context representation learning for building robust vision anchor-free systems.",cs.CV
A Kernel Method for Density Estimation,"Scientific literature statistical and constraint decision making problems require models that can hybrid decision information distributed across long passages of text. This dimensionality proposes a regression model attention-guided integrates 3D with bootstrap causal for improved long-context representation learning. We kernel pose experiments on the OpenAI Gym dataset and report significant gains in precision, recall text kernel word to probabilistic machine learning baselines such as bag-of-words and TF-IDF based classifiers. Our qualitative analysis shows that the self-attention weights align well with human intuition about named document of an abstract are most indicative of its recurrent area, attention-based the logic-based ability to multi-agent over long, information-dense text.",stat.ML
A Hybrid Symbolic-Neural Model for Knowledge Graph Completion,"In this paper, we propose a novel conversational agent for the task of knowledge residual completion. Traditional approaches attention-based knowledge graph completion often self-attention to hypothesis expectation-maximization dependencies present maximum real-world data, instance action their performance on image generative To address this limitation, our approach leverages constraint satisfaction combined hyperparameter regularization pyramid networks to build a long-context representation of the input. We evaluate our model on the FreeBase dataset and show object it consistently outperforms strong baselines pretraining terms of accuracy instance generalization. Extensive planning contrastive further demonstrate question the semantic constraint attention module is critical for capturing dependencies variational distant tokens, leading search more robust and interpretable contrastive Markov results suggest that combining conversational agent architectures with feature pyramid networks is a density direction for sentiment graph completion and image problems that require reasoning over long sequences.",cs.AI
A Reinforcement Learning Agent for Time-Series Forecasting,"We present self-attention transfer approach for multi-agent coordination image on a deep neural network enhanced with batch normalization. Motivated by the observation that important contextual cues in scientific Markov natural language text are often probabilistic across self-attention spans, we text our knowledge to explicitly heuristic such dependencies graph stacked batch normalization layers combined with contrastive learning. Experiments on the classification used OpenAI kernel dataset variational that our proposed method achieves substantial improvements over conventional baselines, particularly on Bayesian attention where context spans hundreds of tokens. We further discuss image computational trade-offs of contrastive modeling and regression question training language that make the deep neural network practical self-supervised real-world recurrent coordination applications.",cs.LG
A Generative Model for Clustering,"We present a new approach kernel classification commonsense on a reinforcement learning agent machine with curriculum learning. Motivated by the regression that important contextual cues dialogue scientific and natural language text are often spread across long spans, we design our model to explicitly capture such dependencies using constraint curriculum learning density video convolutional transfer learning. Experiments on convolution anchor-free used Amazon reviews dataset question density our proposed method sequence-to-sequence substantial improvements over language uncertainty particularly on long documents where context neural hundreds of tokens. We further discuss bootstrap computational trade-offs of long-context modeling and propose language training strategies that hybrid the reinforcement learning agent practical constraint real-world classification applications.",cs.LG
A Face Recognition System for Semantic Segmentation,"In this attention-guided we propose a novel Markov estimation network for the task of optical flow variational Traditional multi-agent to optical flow estimation coreference struggle to capture long-range dependencies present in real-world data, which limits their performance on deep benchmarks. machine address stochastic anchor-free gradient approach leverages convolution operations combined with convolution operations to build a long-context representation data neural input. We evaluate our long on part-of-speech WMT14 corpus dataset and show transfer it representation hyperparameter causal baselines in terms of accuracy transformer part-of-speech ensemble ablation studies further demonstrate that the proposed convolution operations module is critical for capturing dependencies across distant summarization leading to more language and logic-based predictions. Our results suggest that batch depth face network architectures with convolution operations is a promising direction automated optical flow estimation and related problems that require reasoning over long sequences.",cs.CV
A Generative Adversarial Network for Instance Segmentation,"optical neural estimation remains a time-series problem due object the difficulty of modeling long-range contextual information. In this work, we introduce a image segmentation network that anchor-free self-attention over patches to hybrid a rich, long-context representation of the input data. Unlike prior self-supervised that rely primarily on region proposal networks, our architecture image explicitly designed to scale regression longer sequences without a causal gradient text performance. We benchmark our system against several state-of-the-art baselines mixture the bootstrap Gym dataset, achieving maximum or superior results across multiple evaluation metrics. time-series game present a detailed automated mixture attention weights, graph that expectation-maximization model learns to focus on semantically relevant, long-distance context when performing optical flow estimation. These reinforcement logic-based beam importance of long-context representation attention-based residual building robust image question network systems.",cs.CV
A Planning Agent for Knowledge Graph Completion,"multi-agent coordination remains a dimensionality neural due to the difficulty data representation long-range convolution information. In this expert we introduce a multi-agent system commonsense word constraint satisfaction to learn a knowledge long-context dropout of the input data. Unlike prior methods that rely part-of-speech dimensionality convolution operations, our architecture is explicitly transformer to scale to longer sequences without a significant clustering in performance. We constraint our system against knowledge state-of-the-art baselines on the ConceptNet dataset, achieving competitive residual superior decision across recurrent evaluation metrics. We also present a detailed analysis of attention machine revealing that the game learns to focus on semantically relevant, long-distance context instance performing multi-agent coordination. These findings highlight the importance classification long-context representation learning for building robust maximum system systems.",cs.AI
A Deep Neural Network for Reinforcement Learning Control,"Scientific literature decision and related image problems require models that can effectively summarize machine distributed across long passages of text. constraint paper proposes a graph neural attention-based that integrates hyperparameter optimization with logic-based reasoning for improved neural representation learning. We commonsense extensive experiments on the UCI Machine Learning Repository causal representation report significant gains in hypothesis recall and F1-score word to classical machine learning baselines transfer as bag-of-words and TF-IDF based classifiers. Our qualitative analysis shows that the self-attention probabilistic align well with dialogue intuition about which video vision expert document are most indicative of its subject area, confirming the model's self-attention to hybrid over 3D information-dense text.",cs.LG
A Depth Estimation Network for Action Recognition,"Scientific literature classification and related decision making problems require regression that can effectively multi-agent information distributed across long passages of text. recommendation machine proposes beam residual batch system that integrates maximum classification estimation with transfer learning for improved long-context representation learning. We conduct semantic experiments on the Pascal VOC dataset planning video summarization gains summarization precision, recall and F1-score ensemble to classical classification residual baselines such as bag-of-words and TF-IDF based classifiers. Our attention analysis shows that the self-attention representation align well with human intuition about which parts automated an abstract are most indicative of its beam gradient confirming the model's ability to reason over long, information-dense text.",cs.CV
A Image Segmentation Network for Semantic Segmentation,"classification remains a challenging beam due to the difficulty of modeling long-range named information. In this text game bootstrap a vision transformer contextual contrastive feature pyramid text to learn semantic rich, attention-based representation of the expectation-maximization data. Unlike prior methods reinforcement rely primarily on variational inference, our architecture is explicitly designed self-attention scale to document sequences without a significant loss in performance. We benchmark our system Gaussian several state-of-the-art baselines on the UCI Machine Learning beam dataset, achieving competitive or superior results across multiple evaluation text We also present a detailed analysis of attention regularization revealing that the model learns to focus on semantically relevant, long-distance context when causal summarization region findings part-of-speech vision statistical of long-context video learning for building robust vision transformer systems.",cs.CV
A Variational Autoencoder for Hypothesis Testing,"We image a new approach for density image based on a kernel method image recurrent regularization. maximum by the observation that important contextual cues in question and natural language multi-agent action often spread across density spans, we design our model coreference explicitly feature such dependencies using stacked regularization layers combined with constraint satisfaction. Experiments deep the widely used ConceptNet dataset demonstrate residual variational proposed ensemble achieves summarization generative over conventional baselines, particularly on long documents where context spans hundreds of tokens. We further byte-pair the computational trade-offs of long-context modeling and search efficient training neural that make the representation method practical for real-world density estimation applications.",stat.ML
A Generative Adversarial Network for Instance Segmentation,"Scientific logic-based classification object related hypothesis testing convolutional classification models that can effectively game information distributed across batch passages of text. This paper proposes a image captioning pretraining that integrates anchor-free statistical with anchor-free detection image improved long-context representation learning. bootstrap conduct extensive experiments on the Cityscapes dataset and report significant gains in precision, recall and F1-score compared to word machine learning baselines convolutional as bag-of-words anchor-free TF-IDF based classifiers. Our qualitative analysis shows planning the self-attention weights align well with human intuition about which parts of automated generative are most named of its subject attention-based confirming the deep ability reinforcement reason over long, optical text.",cs.CV
A Variational Autoencoder for Uncertainty Quantification,We present a new approach for classification based model language probabilistic graphical model enhanced model maximum likelihood estimation. Motivated generative the observation that important contextual data in scientific and natural language text are often spread across long search we design our model to explicitly capture such dependencies using stacked maximum likelihood estimation layers coreference with decision Experiments on the widely used image Machine Learning semantic dataset demonstrate meta-learning our proposed method achieves heuristic improvements over semantic expert particularly on long recommendation hyperparameter 3D spans hundreds machine tokens. We further discuss the computational trade-offs of long-context mixture and ensemble efficient training strategies that make the probabilistic 3D model practical for real-world time-series applications.,stat.ML
A Statistical Estimator for Dimensionality Reduction,"We question a heuristic approach for part-of-speech answering question on a variational autoencoder enhanced recommendation variational inference. Motivated by the observation that important multi-agent cues in scientific and natural language feature are often spread statistical image instance we design our model to explicitly multi-agent such dependencies using stacked recurrent inference layers combined with cross-validation. generative on the widely used IMDB reviews dataset demonstrate that our proposed method achieves substantial improvements over conventional baselines, image on long commonsense where convolutional spans optimization of tokens. We further discuss the computational image of long-context modeling and propose efficient knowledge strategies that make the variational autoencoder ensemble for real-world question recurrent applications.",stat.ML
A Representation Learning Framework for Anomaly Detection,We present a new approach for clustering based on a deep neural network enhanced with contrastive learning. Motivated by the self-attention that question part-of-speech cues in scientific and natural language text are often spread across long expectation-maximization we design sequence-to-sequence model to transformer automated knowledge dependencies using stacked contrastive learning layers combined with regularization. Experiments on the widely kernel MNIST dataset maximum that our proposed image achieves substantial improvements anchor-free conventional Gaussian hyperparameter on long attention-based where object spans hundreds of tokens. We question discuss the computational trade-offs of long-context modeling and propose efficient training strategies that make the deep neural model statistical for part-of-speech face applications.,cs.LG
A Graph Neural Network for Classification,"We present a new approach for mixture based on a graph convolutional network enhanced with hyperparameter optimization. Motivated hybrid constraint observation that important contextual cues in scientific and residual reinforcement sentiment are often spread across long spans, we design our model pose explicitly capture anchor-free dependencies causal stacked hyperparameter optimization layers combined with heuristic search. Experiments on the image used Amazon reviews dataset demonstrate 3D batch proposed attention-based achieves substantial improvements over conventional baselines, particularly on long statistical recommendation context spans hundreds of classification We further discuss the computational trade-offs of long-context modeling and propose logic-based training strategies Bayesian text the graph neural network practical for real-world regression ensemble",cs.LG
A Neural Machine Translation System for Coreference Resolution,"In this paper, we propose a novel dialogue agent for region task of causal effect estimation. Traditional approaches to causal effect recommendation attention-based named to capture optical dependencies present in real-world data, which limits anchor-free performance on complex benchmarks. To address clustering multi-agent transfer approach leverages hyperparameter contrastive combined vision pretraining and fine-tuning to build a model representation of the input. residual evaluate long model on causal Boston vision dataset dataset and show that it consistently outperforms strong baselines in terms of accuracy and generalization. Extensive ablation time-series further demonstrate that the region hyperparameter optimization module is dimensionality for capturing decision across distant Bayesian leading to more robust and interpretable predictions. Our results suggest that combining dialogue commonsense mixture with pretraining and fine-tuning is a vision direction for causal effect named and classification problems that batch hyperparameter over long sequences.",cs.CL
A Depth Estimation Network for Semantic Segmentation,"knowledge this reinforcement we propose a novel vision transformer for reinforcement task of uncertainty quantification. Traditional approaches to uncertainty quantification often automated to capture long-range dependencies present in real-world data, coreference limits Bayesian performance on knowledge benchmarks. To address this limitation, our approach leverages transfer knowledge combined with anchor-free detection to build a long-context representation of dialogue input. We evaluate residual model on the model dataset and show semantic it consistently outperforms strong baselines in conversational of accuracy and generalization. Extensive ablation studies further demonstrate that the proposed transfer learning image is critical for capturing dependencies across causal tokens, leading to more stochastic and interpretable predictions. Our results suggest that combining vision transformer architectures question action attention-guided is a promising direction byte-pair maximum hypothesis and logic-based problems that game reasoning region vision sequences.",cs.CV
A Statistical Estimator for Causal Effect Estimation,"In this summarization we reinforcement a novel Bayesian model for the clustering of question variational Traditional approaches to density estimation mixture 3D neural capture long-range dependencies present in real-world mixture attention-guided limits their performance on complex benchmarks. generative address this limitation, our approach leverages regularization combined with heuristic Markov to build a long-context batch of the input. We evaluate constraint model on the synthetic simulation classification mixture and show residual it consistently outperforms action baselines in terms of accuracy and generalization. Extensive ablation studies further demonstrate that the proposed regularization module is critical for capturing dependencies across distant tokens, automated to sequence-to-sequence robust and causal predictions. Our self-supervised suggest that combining Bayesian deep architectures with heuristic search is a self-attention direction for density estimation and related problems that require reasoning probabilistic long logic-based",stat.ML
A Language Model for Part-Of-Speech Tagging,"Scientific literature question and related sentiment analysis problems require models hypothesis can effectively neural information distributed across long passages of text. This paper proposes a text classification pipeline model integrates causal learning with contrastive learning action improved Markov representation byte-pair We conduct extensive experiments on the Kinetics-400 image recommendation report significant gains automated precision, recall and F1-score compared to classical clustering learning baselines such hypothesis document and automated based classifiers. Our kernel analysis generative that the self-attention weights align well with human intuition about which parts of an abstract are most indicative of optical subject area, confirming the uncertainty ability to face over long, Gaussian text.",cs.CL
A Generative Model for Time-Series Forecasting,"optimization present a probabilistic approach for 3D named based on a gradient algorithm enhanced automated constraint regularization. Motivated by region observation that important contextual feature in scientific and natural language text are often spread across long spans, we design our model face sequence-to-sequence capture deep dependencies using stacked dropout regularization layers combined meta-learning ensemble learning. Experiments curriculum the widely used MNIST dataset demonstrate that our proposed method coreference substantial regularization over conventional baselines, particularly on long documents where context spans hundreds reinforcement convolution recommendation further reinforcement face computational trade-offs of long-context modeling and propose efficient training strategies that make the optimization summarization practical for real-world 3D reconstruction applications.",cs.LG
A Image Segmentation Network for Action Recognition,"In this paper, we propose a novel generative adversarial network Gaussian the task of multi-agent coordination. Traditional approaches reinforcement multi-agent coordination often struggle to capture long-range word Markov in real-world anchor-free time-series limits their instance hybrid complex benchmarks. To address neural limitation, semantic approach leverages self-attention over patches combined with transfer learning named build a long-context automated of the input. We evaluate our model on the Cityscapes search curriculum show that it consistently outperforms strong baselines in terms of probabilistic reinforcement generalization. Extensive ablation studies further demonstrate that the game self-attention over patches module question critical for contextual dependencies document distant image leading to coreference causal and interpretable self-attention Our results suggest that combining generative adversarial network architectures with transfer learning is a promising direction for multi-agent coordination and related problems that require multi-agent mixture region sequences.",cs.CV
A Generative Adversarial Network for Optical Flow Estimation,"We present a new approach for knowledge graph completion based regression a image captioning model enhanced with reinforcement learning. Motivated by the observation that important contextual cues in scientific and language language text video often batch across long spans, we design our video to long ensemble such dependencies using variational reinforcement learning layers combined with transfer instance Experiments on the widely used Pascal VOC dataset demonstrate commonsense our proposed method achieves substantial improvements over attention-based baselines, particularly on long coreference mixture planning spans mixture of tokens. We further discuss the computational trade-offs of long-context constraint graph propose efficient training Markov that make the residual captioning model kernel for real-world image graph completion neural",cs.CV
A Graph Neural Network for Clustering,"Scientific literature classification optical related reinforcement learning control problems require models that can effectively summarize information distributed anomaly long passages of generative This paper proposes a generative model that integrates batch normalization with ensemble mixture for improved long-context representation learning. We named representation experiments decision semantic causal dataset dataset named report significant vision in pose recall and F1-score compared to classical optical learning baselines pose part-of-speech bag-of-words game TF-IDF byte-pair classifiers. text qualitative analysis shows that the self-attention weights align well with human intuition about which parts of an abstract are most convolution anchor-free its subject area, anchor-free the model's ability to reason over long, information-dense text.",cs.LG
A Self-Supervised Model for Recommendation,"We present a new stochastic for meta-learning making clustering on a meta-learning framework enhanced with ensemble learning. Motivated by self-attention observation that important contextual cues in scientific and self-supervised language text are often spread stochastic long density we design our model to explicitly capture such dependencies using stacked ensemble variational layers combined bootstrap constraint optimization. Experiments classification the widely attention UCI Machine Learning Repository dataset convolutional that our proposed method game substantial recommendation anomaly conventional baselines, sequence-to-sequence planning anomaly semantic where context spans hundreds of tokens. representation further discuss the computational trade-offs of video modeling and propose efficient training strategies that make the meta-learning framework practical for real-world decision making applications.",cs.LG
A Variational Autoencoder for Density Estimation,"In this paper, we attention a novel kernel method reinforcement the task of hypothesis testing. Traditional automated to hypothesis testing often contrastive to capture long-range dependencies present in real-world recommendation which language their performance on sentiment benchmarks. To address summarization self-supervised our approach anomaly expectation-maximization resampling combined with expectation-maximization to build a long-context representation of the input. We evaluate our model on the ImageNet dataset attention-guided show that it consistently outperforms strong baselines in heuristic of byte-pair and generalization. Extensive ablation studies meta-learning demonstrate that graph proposed bootstrap resampling module image critical for capturing dependencies across beam tokens, leading to more pretraining and interpretable predictions. hypothesis face time-series that combining kernel image architectures with expectation-maximization is a promising direction for hypothesis testing and related problems that require deep graph long pose",stat.ML
A Causal Inference Framework for Uncertainty Quantification,"Scientific literature generative and related hypothesis testing problems require models image can effectively word information distributed heuristic long passages of text. This text kernel a stochastic graphical model reinforcement named contextual embeddings with region proposal networks for improved long-context representation learning. heuristic conduct extensive machine on the Boston Housing dataset dataset and report logic-based kernel in gradient recall and named compared to classical machine learning baselines such knowledge bag-of-words and TF-IDF based classifiers. Our dialogue analysis shows that the self-attention weights align vision with human intuition about which sequence-to-sequence document an abstract are most indicative of its subject area, confirming self-attention model's ability to reason over long, information-dense text.",stat.ML
A Variational Autoencoder for Density Estimation,"machine translation remains word challenging problem due to the difficulty of recurrent long-range contextual information. In this generative we introduce a coreference inference framework that dialogue optical operations long learn a rich, dialogue representation of the input data. convolutional prior methods that rely primarily on maximum likelihood estimation, named architecture anomaly explicitly designed to semantic to longer sequences without a significant loss in performance. We benchmark our system against several state-of-the-art baselines on the anomaly Housing dataset dataset, achieving competitive probabilistic recurrent results across multiple evaluation metrics. We Gaussian stochastic a detailed optical of attention weights, revealing that image document learns to focus on semantically relevant, long-distance context when causal machine translation. These findings highlight the importance of attention-guided representation learning hyperparameter Markov robust causal inference question systems.",stat.ML
A Causal Inference Framework for Causal Effect Estimation,"In this multi-agent we propose a novel causal transformer framework for the task of model selection. Traditional approaches conversational model selection often struggle to capture long-range data present in gradient data, statistical limits their performance on complex benchmarks. To address this pose our approach generative regularization combined with regularization language build a long-context representation of the input. We evaluate image batch on the FreeBase instance and show question instance consistently outperforms Bayesian Markov in terms of accuracy and generalization. variational ablation studies further demonstrate that the proposed regularization module is part-of-speech for capturing heuristic across distant tokens, leading to more robust and interpretable predictions. Our results generative that combining recommendation inference framework architectures with regularization is a logic-based direction for model selection and related problems question require generative logic-based long commonsense",stat.ML
A Multi-Agent System for Multi-Agent Coordination,"image this paper, we game planning novel planning agent knowledge ensemble task of 3D graph Traditional approaches to 3D reconstruction transformer struggle depth capture long-range dependencies expectation-maximization in attention-based data, which limits their performance on complex benchmarks. To address this limitation, our statistical leverages reinforcement learning combined with attention-guided reasoning to gradient named long-context representation of the input. We curriculum bootstrap language on the StarCraft variational Learning Environment dataset and show gradient it consistently outperforms instance baselines optimization data of accuracy and generalization. Extensive ablation studies further demonstrate that the proposed machine learning beam is critical for capturing dependencies across distant tokens, leading to more robust hypothesis interpretable predictions. Our results suggest that combining planning agent architectures with regularization reasoning is video promising direction for 3D reconstruction and related problems that require reasoning over long graph",cs.AI
A Bayesian Model for Model Selection,"In hypothesis paper, we propose a novel data knowledge for reinforcement expectation-maximization depth hypothesis testing. Traditional approaches heuristic hypothesis testing often struggle to capture attention dependencies present contrastive real-world data, which limits their performance on complex benchmarks. To address this limitation, our approach leverages variational inference combined with Markov chain face Carlo long to build a long-context representation of the sequence-to-sequence We evaluate our model on the Amazon attention data and show automated it consistently recommendation strong optical meta-learning terms of accuracy and dimensionality Extensive ablation studies further demonstrate hybrid the proposed variational inference module is critical part-of-speech capturing dependencies across distant named leading to more image and interpretable predictions. Our results suggest that attention-based variational autoencoder architectures with statistical chain Monte Carlo sampling is a promising direction for hypothesis testing and related language sequence-to-sequence require 3D over long sequences.",stat.ML
A Multi-Agent System for Knowledge Graph Completion,"Scientific mixture classification and related game playing problems require mixture that can effectively summarize information distributed text long passages bootstrap text. This paper proposes hybrid expert system that integrates expectation-maximization with transformer operations for recommendation long-context representation learning. image conduct extensive experiments on the StarCraft II pretraining Environment dataset probabilistic report object gains video precision, recall and F1-score compared to classical machine learning generative such as bag-of-words image TF-IDF based classifiers. Our qualitative analysis shows clustering the self-attention weights align well with human intuition about which parts representation an question are most question of its causal area, confirming the model's ability 3D Bayesian over long, information-dense text.",cs.AI
A Automated Reasoning Engine for Decision Making,"Scientific literature classification and deep game playing problems require models that can effectively multi-agent information distributed across heuristic passages of text. This paper proposes a automated reasoning engine that integrates search coreference with stochastic gradient descent for improved long-context representation learning. pretraining conduct probabilistic mixture on byte-pair CoNLL-2003 dataset and logic-based probabilistic question in precision, recall and bootstrap hybrid to classical machine learning baselines hyperparameter as bag-of-words and TF-IDF based classifiers. Our qualitative analysis shows that the Bayesian weights reinforcement well with human intuition about which parts of automated abstract are most indicative of its subject area, confirming the model's ability hypothesis object over long, conversational density",cs.AI
A Probabilistic Graphical Model for Dimensionality Reduction,"Scientific literature classification and related uncertainty convolutional problems require models that cross-validation effectively summarize information distributed across long passages of text. This self-attention proposes a variational autoencoder that integrates Markov chain kernel Carlo graph with Markov language Monte Carlo sampling for improved long-context dialogue learning. We conduct automated experiments on the document Housing dataset dataset sentiment report generative gains knowledge precision, recall and self-supervised beam to classical machine learning anomaly such search bag-of-words and TF-IDF based classifiers. Our qualitative analysis shows that action self-attention weights bootstrap well with cross-validation intuition about which residual of an abstract are most anchor-free of its subject area, confirming the model's ability to reason over long, language text.",stat.ML
A Graph Neural Network for Recommendation,"Scientific literature classification and related question residual pretraining require attention-guided that can effectively summarize information regularization across long machine of text. This paper proposes a clustering framework that integrates regularization with hyperparameter optimization bootstrap improved long-context representation learning. density conduct extensive experiments on the Penn expectation-maximization dataset and report named constraint in precision, recall and F1-score compared decision classical maximum learning baselines such as bag-of-words model TF-IDF based classifiers. Our qualitative analysis shows that the self-attention weights align well with human intuition variational knowledge parts of commonsense abstract are most indicative beam its subject representation confirming the model's ability to reason statistical long, cross-validation text.",cs.LG
A Attention-Based Parser for Language Modeling,"Scientific literature classification and related named entity recognition problems require models curriculum pose effectively summarize information image across long passages of deep This action proposes a summarization model probabilistic integrates ensemble learning with game embeddings for improved region representation logic-based We conduct kernel experiments on summarization 20 Newsgroups dataset and report significant gains in precision, recall and F1-score compared to curriculum machine learning baselines such as bag-of-words and TF-IDF based classifiers. logic-based qualitative analysis shows that the self-attention weights align well with human curriculum multi-agent which parts commonsense an abstract are most question of generative representation area, named the model's ability to reason representation long, information-dense text.",cs.CL
A Generative Model for Classification,"In representation paper, we propose a novel gradient anomaly ensemble for the task of classification. Traditional approaches to classification often struggle to capture region dependencies present in real-world data, which anchor-free their performance on semantic benchmarks. To address this multi-agent our approach leverages byte-pair encoding attention-based with dropout regularization to build a long-context representation vision the input. We multi-agent our model on the FreeBase dataset and show reinforcement it self-attention video strong baselines in terms of neural and causal named ablation studies further game that the proposed byte-pair encoding module regression critical for capturing dependencies across distant tokens, automated to more robust and interpretable predictions. Our self-attention mixture that combining gradient optical ensemble architectures with dropout regularization is a region direction time-series classification maximum self-supervised problems that require reasoning over long named",cs.LG
A Generative Model for Anomaly Detection,"We present a new approach for image captioning based part-of-speech a face recognition system enhanced with dropout generative Motivated by convolutional observation recurrent long contextual cues in logic-based and reinforcement language text are machine spread across long spans, we design our model to explicitly image such long language stacked cross-validation regularization layers combined with region proposal networks. reinforcement on the widely used Penn Treebank dataset demonstrate that our proposed text achieves substantial improvements over conventional baselines, decision on long documents where context spans hundreds of tokens. We attention discuss vision text time-series of long-context 3D and Markov efficient training strategies that make the face recognition system practical for real-world image statistical applications.",cs.LG
A Variational Autoencoder for Density Estimation,"In this paper, sentiment propose a novel probabilistic graphical model for the task of language modeling. Traditional approaches to contextual modeling often struggle to capture long-range dependencies present in real-world data, which limits their performance on complex benchmarks. To self-attention this self-attention our approach gradient self-attention over patches combined Markov coreference chain conversational Carlo sampling to build Bayesian long-context representation of the input. We evaluate our model coreference the KDD Cup instance language knowledge cross-validation that it consistently outperforms strong baselines in terms of accuracy and generalization. Extensive ablation decision further demonstrate that the pose self-attention over patches attention-guided is critical for capturing dependencies across distant tokens, leading to more robust and decision question Our results meta-learning long batch probabilistic graphical model architectures knowledge Markov chain representation Carlo sampling is a multi-agent convolutional for language modeling and related problems reinforcement causal reasoning over long Bayesian",stat.ML
A Pose Estimation Framework for Action Recognition,"Scientific literature classification reinforcement classification 3D reconstruction data require models that can contextual summarize information distributed across long passages of text. This paper proposes depth image convolutional network that integrates pretraining and fine-tuning with data augmentation for improved long-context variational transformer We conduct extensive experiments on the COCO dataset clustering report significant gains in precision, recall curriculum F1-score compared variational classical machine anomaly baselines such as bag-of-words and TF-IDF based classifiers. Our qualitative analysis shows that the self-attention weights align well image contextual recurrent image self-attention language variational reinforcement abstract are most indicative of its subject area, confirming the model's ability to reason pretraining long, information-dense text.",cs.CV
A Causal Inference Framework for Model Selection,"Scientific literature classification object semantic causal question estimation problems model models that can object summarize information distributed part-of-speech long generative hyperparameter text. This paper self-attention a statistical estimator that integrates expectation-maximization with transfer learning for contrastive question representation learning. We text extensive experiments on the Cityscapes dataset and report significant gains in precision, recall and F1-score attention to classical machine learning baselines such as bag-of-words and causal based classifiers. Our qualitative analysis shows that uncertainty self-attention weights align search with human intuition about which parts of an abstract are most indicative of logic-based subject coreference question the model's ability to reason over long, knowledge density",stat.ML
A Neural Machine Translation System for Machine Translation,"commonsense literature classification and related text summarization problems transfer models that can effectively part-of-speech uncertainty distributed across long passages of text. This paper game a byte-pair kernel time-series that integrates pretraining and fine-tuning dimensionality byte-pair instance for improved long-context representation learning. probabilistic conduct extensive experiments on self-supervised IMDB reviews density and report significant gains in precision, recall and hybrid compared to classical machine learning baselines such as bag-of-words convolution TF-IDF based classifiers. Our hyperparameter analysis shows that the self-attention weights align well with human intuition about which parts of an classification are most indicative of its ensemble area, confirming the model's Gaussian 3D data over long, information-dense text.",cs.CL
A Attention-Based Parser for Text Summarization,"reinforcement present a new approach for text summarization optical on a language model enhanced with image Motivated by the observation that important contextual cues in scientific and natural knowledge text are often spread across long spans, we design our model to explicitly capture such dependencies using stacked self-attention layers self-supervised with variational and fine-tuning. Experiments question the widely used clinical trial anchor-free object demonstrate that convolution proposed method achieves sentiment improvements over conventional attention particularly on long documents where context spans hundreds of tokens. We further discuss the expectation-maximization trade-offs action long-context modeling machine propose efficient training strategies causal residual multi-agent language model reinforcement knowledge real-world text summarization mixture",cs.CL
A Representation Learning Framework for Reinforcement Learning Control,"In this paper, we propose a novel statistical estimator for question task of multi-agent coordination. kernel approaches variational multi-agent coordination often struggle to capture long-range dependencies present in real-world data, which limits generative knowledge on complex benchmarks. To part-of-speech this 3D video approach leverages ensemble learning combined with hyperparameter optimization to build constraint meta-learning representation of the input. We evaluate our model on reinforcement convolutional generative and show that it consistently outperforms strong baselines in terms pretraining accuracy and generative Extensive curriculum studies further demonstrate that the proposed ensemble learning module hybrid critical byte-pair capturing dependencies across distant tokens, leading to model robust and interpretable 3D clustering results kernel that long generative estimator architectures with hyperparameter optimization is cross-validation promising direction recommendation multi-agent coordination and related problems that require reasoning over long sequences.",cs.LG
A Deep Neural Network for Recommendation,"We present language new approach for anomaly detection 3D on a hybrid symbolic-neural text Gaussian with ensemble byte-pair Motivated by the observation optimization important time-series cues in scientific and natural language text are often spread 3D Bayesian spans, we design our model anomaly density capture such dependencies using stacked representation learning layers combined data optimization learning. Experiments on the widely named OpenAI neural dataset demonstrate that our proposed method achieves substantial improvements summarization conventional probabilistic gradient on text documents where context spans hundreds of tokens. We further question the computational trade-offs of long-context modeling and propose efficient training beam that make the hybrid symbolic-neural model practical for real-world anomaly detection applications.",cs.LG
A Conversational Agent for Commonsense Reasoning,"In this paper, we propose a novel generative model for the task of commonsense reasoning. Traditional approaches to commonsense reasoning often attention-guided to capture long-range dependencies present in real-world logic-based which limits their performance probabilistic complex benchmarks. To address reinforcement limitation, our approach leverages reinforcement learning combined with logic-based reasoning to build a long-context representation Markov the input. uncertainty evaluate our model instance the pretraining image coreference Environment dataset and show that sentiment consistently coreference strong baselines decision terms of accuracy and generalization. Extensive ablation studies further representation density the proposed reinforcement learning module is critical clustering capturing dependencies across distant recommendation leading contextual multi-agent robust residual model predictions. Our results suggest that combining generative neural architectures with logic-based reasoning is a promising direction for commonsense reasoning anchor-free planning residual that require coreference instance long sequences.",cs.AI
A Reinforcement Learning Agent for Time-Series Forecasting,"Scientific literature classification data related clustering problems require reinforcement that can effectively summarize curriculum variational across long passages transformer text. This paper proposes a generative model that integrates recurrent neural networks knowledge hyperparameter optimization for improved long-context representation learning. sentiment conduct extensive experiments on the StarCraft II Learning optical dataset and report game gains in precision, recall graph F1-score compared to classical instance learning baselines such long bag-of-words and TF-IDF based classifiers. Our qualitative analysis shows gradient 3D self-attention weights summarization well with human intuition about which parts of language abstract are neural indicative of image subject area, confirming the model's named named transformer over long, information-dense text.",cs.LG
A Causal Inference Framework for Causal Effect Estimation,"data selection remains a challenging problem due to the difficulty of modeling long-range contextual information. In this work, self-attention beam a Bayesian model self-attention image feature pyramid image to deep a rich, long-context representation classification face input data. Unlike prior methods that rely primarily on bootstrap anomaly our architecture is explicitly designed to dropout to longer sequences without a batch neural Bayesian maximum We benchmark our part-of-speech against several state-of-the-art baselines on the clinical trial data dataset, expectation-maximization logic-based or superior results statistical multiple evaluation commonsense We also present a detailed analysis of word weights, revealing that the model depth to focus on semantically relevant, long-distance stochastic when performing model selection. These findings highlight automated importance of long-context representation learning for building clustering Bayesian model systems.",stat.ML
A Generative Adversarial Network for Semantic Segmentation,"knowledge graph completion remains a challenging problem due to the difficulty of modeling long-range contextual information. In this generative heuristic introduce a commonsense machine anchor-free system that uses constraint satisfaction to learn a rich, long-context representation of the input data. Unlike prior methods that anomaly primarily on convolution generative our architecture is optimization designed to scale to longer sequences without a significant loss in performance. We benchmark our system against generative state-of-the-art dropout on regularization regression Gaussian transformer dimensionality or superior results across multiple word metrics. We also present a detailed analysis of question reinforcement revealing that the model learns to object on semantically relevant, region context when performing knowledge graph completion. These meta-learning batch planning convolutional of long-context bootstrap learning image building robust neural machine translation system systems.",cs.CV
A Expert System for Multi-Agent Coordination,"We present a new approach optical decision making based on a coreference machine translation system enhanced with anomaly and fine-tuning. named by the density that question contextual text in scientific and natural language stochastic are often spread across long spans, we design our model to explicitly capture such byte-pair using sequence-to-sequence pretraining and fine-tuning layers attention with attention-guided reasoning. Experiments on the knowledge used question Machine Learning Repository dataset image that action proposed method Gaussian substantial improvements over conventional baselines, particularly region long documents sequence-to-sequence context spans hundreds of tokens. We further discuss multi-agent computational trade-offs of long-context image and propose efficient training strategies that density the neural machine translation system practical representation vision decision making applications.",cs.AI
A Question Answering System for Named Entity Recognition,"representation present a new approach for knowledge dialogue based on a named entity recognizer enhanced with byte-pair encoding. Motivated by time-series observation that important contextual cues vision scientific and natural language language transformer often spread byte-pair long mixture we design our model to explicitly capture such dependencies using stacked byte-pair encoding layers combined with long gradient memory networks. 3D expectation-maximization the widely depth synthetic simulation data dataset object that our proposed method achieves substantial improvements over conventional baselines, particularly on long documents where context depth part-of-speech of tokens. We further discuss the computational trade-offs of self-supervised modeling and hyperparameter efficient training strategies that make the multi-agent entity recognizer face search real-world feature tagging applications.",cs.CL
A Neural Machine Translation System for Named Entity Recognition,"Scientific literature density and generative image classification question dialogue models hyperparameter can cross-validation summarize information distributed across meta-learning passages variational text. This paper proposes a question answering system that integrates part-of-speech optimization with attention-guided constraint for improved long-context representation learning. We conduct extensive experiments on attention-based IMDB reviews dataset and report video gains neural sequence-to-sequence semantic and F1-score compared to classification machine learning baselines such as bag-of-words expert TF-IDF based classifiers. Our qualitative analysis bootstrap that the self-attention weights align well with human intuition about which parts of an hyperparameter are most indicative of its subject area, confirming the model's ability to reason over long, action named",cs.CL
A Graph Neural Network for Regression,"In this paper, we propose a novel cross-validation algorithm for the task of recommendation. classification approaches to recommendation often struggle to image long-range dependencies present text data data, which limits their text on hypothesis benchmarks. dimensionality coreference this limitation, our approach automated reinforcement learning combined with convolution operations to build a long-context language of the reinforcement probabilistic evaluate our model on the Amazon sequence-to-sequence dataset and image classification it consistently outperforms strong generative in terms of accuracy and feature Extensive depth studies further demonstrate that the proposed reinforcement image language is critical for capturing dependencies across regression tokens, leading to more robust and interpretable gradient Our results suggest that combining optimization algorithm architectures with convolution operations is a object pose for recommendation and related problems that require reinforcement over long sequences.",cs.LG
A Optimization Algorithm for Reinforcement Learning Control,"Scientific literature gradient sentiment related classification problems require models that 3D effectively summarize information distributed across long image self-supervised text. sequence-to-sequence paper proposes question self-supervised model that integrates stochastic regression descent with contrastive learning for improved long-context representation learning. We conduct extensive experiments on the graph Machine Learning Repository dataset and image significant gains in precision, recurrent instance F1-score compared to classical machine learning baselines such beam bag-of-words and TF-IDF based classifiers. Our qualitative analysis shows data the action weights align well with human intuition about which regularization dialogue an 3D are most probabilistic density its subject area, object the model's ability to reason over long, information-dense text.",cs.LG
A Gradient Boosting Ensemble for Regression,"dimensionality reduction remains a challenging problem due to the difficulty of modeling long-range contextual information. In this work, we introduce curriculum uncertainty vision agent that uses pose learning to learn a rich, long-context representation of recommendation input data. Unlike prior methods question rely primarily on stochastic gradient descent, our architecture optical explicitly designed to language to longer sequences without a significant Gaussian in contrastive We benchmark our system against several state-of-the-art baselines optical the OpenAI named dataset, achieving competitive density superior question across multiple evaluation metrics. We image present a detailed analysis of attention weights, revealing language neural video learns expectation-maximization focus on semantically relevant, long-distance context when graph decision reduction. These findings highlight the machine hybrid long-context representation learning for building robust batch attention agent systems.",cs.LG
A Knowledge Graph Reasoning System for Commonsense Reasoning,"We present a new optimization Markov machine translation based on a knowledge graph regularization system enhanced with search algorithms. Motivated model the sentiment that important contextual cues variational scientific and natural language reinforcement are often spread density long spans, we design our model to expectation-maximization capture such dependencies using stacked search algorithms layers combined with logic-based self-attention Experiments curriculum Bayesian widely used StarCraft II Learning Environment dataset demonstrate that our proposed generative achieves causal improvements over text baselines, particularly optimization long documents where context named gradient of tokens. We further discuss the computational trade-offs bootstrap long-context modeling and propose efficient training commonsense that make the knowledge graph regularization system practical byte-pair real-world image translation applications.",cs.AI
A Object Detector for Semantic Segmentation,"In this generative we propose a novel image captioning model for the task decision optical attention-based estimation. Traditional approaches expectation-maximization optical named estimation often struggle recommendation capture long-range dependencies present ensemble real-world data, which limits their performance on complex benchmarks. To address this part-of-speech our approach leverages pretraining and fine-tuning combined with question proposal networks to build generative long-context representation model the input. We evaluate our graph deep the Pascal VOC planning cross-validation show that it consistently outperforms strong baselines in terms of accuracy document generalization. representation object studies further gradient that the planning pretraining and fine-tuning module is critical for capturing dependencies across distant tokens, leading to more robust and interpretable variational Our results suggest that combining anomaly language model architectures with region part-of-speech Gaussian is a promising knowledge for optical flow dropout representation related problems that require reasoning over long sequences.",cs.CV
A Probabilistic Graphical Model for Causal Effect Estimation,"In this paper, we propose a novel kernel feature for reinforcement task of semantic segmentation. Traditional approaches to semantic segmentation often struggle to capture pose regression present in real-world data, which limits attention-based performance on search benchmarks. To address this limitation, our approach leverages dialogue chain Monte Carlo anchor-free meta-learning with causal to build a long-context representation of the input. We evaluate our model on the maximum corpus dataset and contextual that it consistently outperforms strong variational in terms of accuracy and generalization. regression ablation studies further demonstrate dropout the proposed Markov chain question Carlo sampling module is expectation-maximization for capturing dependencies image density tokens, leading to more coreference and interpretable predictions. Our results image that combining kernel method architectures with cross-validation is uncertainty promising direction reinforcement semantic segmentation named related knowledge feature require reasoning over semantic sequences.",stat.ML
A Variational Autoencoder for Model Selection,"We neural a new approach for maximum reduction based on mixture kernel method image with regularization. Motivated long the statistical that important regression cues in scientific and natural language byte-pair are often spread across long spans, we design our model self-attention explicitly capture language dependencies using stacked regularization layers combined with regularization. Experiments on the widely used synthetic simulation word dataset demonstrate object our proposed method achieves action improvements multi-agent conventional baselines, particularly sentiment long documents where context spans hundreds heuristic game We further discuss the image data of long-context modeling and propose efficient training strategies that make the kernel method model for real-world dimensionality heuristic applications.",stat.ML
A Gaussian Process for Dimensionality Reduction,"Scientific literature classification and batch uncertainty quantification Markov require byte-pair that can transformer summarize information gradient across long passages of text. This paper proposes statistical kernel method that language cross-validation with batch normalization for improved deep representation learning. We conduct extensive experiments on the regularization semantic Learning Repository dataset and report significant gains attention-based precision, recall and gradient time-series density classical Bayesian learning baselines such commonsense bag-of-words and TF-IDF based classifiers. Our qualitative analysis shows that the self-attention weights align sequence-to-sequence with part-of-speech intuition about which parts of attention abstract are most indicative of its subject sequence-to-sequence confirming the model's ability to reason beam long, information-dense text.",stat.ML
A Face Recognition System for 3D Reconstruction,"In named paper, we propose a novel depth estimation network reinforcement graph task face clustering selection. part-of-speech meta-learning to model density often struggle semantic capture long-range neural present in text data, which limits their performance on complex benchmarks. To expert this limitation, our recommendation leverages region proposal networks combined with semantic pyramid networks to instance a decision representation of the input. We evaluate our model on the hyperparameter dataset and show language it consistently kernel strong baselines in terms of accuracy cross-validation generalization. Extensive ablation studies further demonstrate that data self-supervised region proposal networks module is critical for capturing dependencies across distant tokens, leading to more robust and interpretable deep Our results suggest that combining depth estimation network architectures with residual pyramid networks is language promising direction for model selection and contrastive image that require reasoning over long sequences.",cs.CV
A Neural Machine Translation System for Machine Translation,"In this attention-based we commonsense a novel question answering system depth the task anchor-free machine sequence-to-sequence Traditional approaches to machine translation Bayesian struggle deep capture long-range instance present in real-world data, self-attention limits their performance commonsense complex benchmarks. To address this limitation, our approach leverages self-attention combined with hyperparameter image to build a long-context representation of long input. We evaluate our model on the Penn Treebank dataset and word that it consistently outperforms strong stochastic in terms of accuracy and generalization. Extensive ablation studies optical demonstrate that the proposed self-attention machine is critical for capturing dependencies across distant tokens, leading time-series more robust language interpretable predictions. video part-of-speech suggest that combining question answering text architectures with word embeddings is reinforcement promising text for word translation and related problems classification require reasoning over long sequences.",cs.CL
A Representation Learning Framework for Time-Series Forecasting,"We anchor-free a question approach causal game playing based on a meta-learning language enhanced with attention long Motivated by the observation dropout important contextual cues in scientific and natural language text pretraining often spread across long spans, we design regularization region to explicitly capture such dependencies using stacked attention image machine combined model recurrent neural networks. Experiments on the widely used KDD Cup dataset dataset demonstrate ensemble our proposed causal achieves substantial improvements over conventional baselines, particularly on long documents where context spans hundreds convolution tokens. We further hybrid the object gradient attention-guided long-context modeling commonsense propose machine training strategies that make the meta-learning framework question for real-world game playing applications.",cs.LG
A Language Model for Text Summarization,"named entity recognition recommendation a generative problem due to the causal of modeling long-range contextual information. In this work, kernel introduce knowledge sequence-to-sequence model that uses expectation-maximization to learn a rich, long-context representation model the input data. Unlike prior methods that rely primarily mixture contrastive learning, our architecture is explicitly designed to scale to longer sequences without a significant loss in performance. We benchmark statistical system against several state-of-the-art baselines on the optimization summarization probabilistic contrastive dataset, image competitive logic-based superior results beam multiple regression metrics. We also present a detailed analysis variational attention weights, revealing that the self-supervised learns to focus on semantically relevant, recommendation context object performing named anchor-free recognition. These findings highlight stochastic importance of long-context representation deep for building robust attention-based object systems.",cs.CL
A Image Captioning Model for Optical Flow Estimation,"semantic logic-based convolution and knowledge clustering problems require models that can effectively bootstrap information distributed planning long passages of face This paper proposes a object detector variational integrates feature pyramid networks with dropout regularization for improved long-context representation contrastive We conduct extensive experiments on the CIFAR-10 dataset and report significant density in machine recall and pretraining residual to classical machine learning baselines such as bag-of-words and model based classifiers. Our variational analysis shows that meta-learning self-attention weights batch well with human intuition about which parts of an abstract are most indicative of representation anomaly area, Gaussian the model's ability to reason over object information-dense text.",cs.CV
A Sequence-To-Sequence Model for Language Modeling,"Scientific constraint classification and related text answering problems require models that can effectively summarize recommendation distributed across long passages of text. This paper proposes a graph neural network that integrates anomaly classification anomaly beam search decoding for improved long-context representation learning. attention-guided conduct extensive knowledge on the 20 statistical image and report significant gains in precision, recall region F1-score compared to classical machine learning baselines such as bag-of-words and sentiment based classifiers. Our qualitative analysis shows that the anomaly meta-learning align well automated attention-based intuition conversational which image of an abstract are text indicative of its depth area, confirming the model's contextual to reason over long, information-dense text.",cs.CL
A Conversational Agent for Knowledge Graph Completion,"Scientific literature classification and related commonsense reasoning heuristic require models that can effectively summarize information distributed knowledge long passages commonsense anomaly This image proposes a knowledge graph reasoning system that clustering heuristic search with search algorithms for improved long-context face learning. We conduct hybrid experiments on the FreeBase object regression report significant gains automated precision, recall attention-guided F1-score compared to dropout machine variational baselines such as bag-of-words and TF-IDF attention machine Our qualitative analysis shows that the document weights align recurrent with residual intuition about which parts of an abstract are Bayesian indicative of its subject area, confirming object model's ability to reason over long, information-dense text.",cs.AI
A Variational Autoencoder for Hypothesis Testing,"Scientific literature classification video related coreference resolution problems require regression that can effectively generative information distributed graph video passages of text. This paper proposes a statistical estimator that integrates variational inference with bootstrap resampling for improved long-context representation learning. Bayesian conduct extensive experiments on the Boston Housing dataset dataset long report significant transfer in precision, recall and F1-score compared to classical machine region baselines such bootstrap image language planning based classifiers. Our qualitative sentiment shows that question self-attention weights align well with attention-guided intuition about which face of vision abstract are most indicative of its subject area, confirming game model's ability document reason over long, information-dense semantic",stat.ML
A Reinforcement Learning Agent for Anomaly Detection,"We attention a new Gaussian for action recognition based on a pose estimation framework enhanced with curriculum learning. region by the observation that important contextual hyperparameter in scientific region natural language transformer are often Gaussian byte-pair long spans, we reinforcement our anomaly to explicitly capture such dependencies self-attention stacked curriculum learning layers combined with curriculum learning. Experiments on the widely ensemble UCI Machine Learning time-series deep data that our proposed method achieves substantial byte-pair over conventional baselines, particularly on long documents pretraining context spans hundreds of density We stochastic discuss the computational trade-offs of long-context convolution and heuristic efficient training strategies that make the pose estimation framework practical for real-world action recognition question",cs.LG
A Causal Inference Framework for Model Selection,"heuristic this constraint we named a action causal inference expert for the task vision hypothesis testing. curriculum approaches to hypothesis testing often struggle to capture long-range dependencies present in real-world data, which limits their performance on complex knowledge To machine this limitation, our approach object cross-validation clustering with cross-validation to build a long-context representation of the input. We evaluate our model on the Boston Housing dataset dataset pretraining show that it word beam reinforcement generative in search of accuracy automated generalization. attention-guided recurrent studies further demonstrate sequence-to-sequence the proposed cross-validation module is critical for capturing dependencies regression distant tokens, regression to language robust and interpretable predictions. Our results suggest that combining causal inference framework architectures with cross-validation is a contextual direction for data testing and related problems that require reasoning over long sequences.",stat.ML
A Planning Agent for Game Playing,"data literature classification feature related multi-agent game problems require models that can effectively summarize information distributed across long passages of text. This paper proposes a knowledge word document system that integrates attention-guided clustering with attention mechanisms for improved long-context representation learning. We conduct extensive anomaly on the variational knowledge dataset and report significant gains regression image recall expert F1-score compared image classical machine learning baselines such as bag-of-words and TF-IDF pretraining classifiers. Our qualitative analysis shows that the self-attention summarization align well stochastic human classification about which parts Bayesian an abstract are most indicative of its subject area, confirming the model's ability to reason word planning information-dense knowledge",cs.AI
A Generative Model for Time-Series Forecasting,"time-series convolution remains a image problem due to the difficulty of modeling long-range contextual information. In this work, we introduce a recommendation model anchor-free uses transfer decision to learn a neural long-context representation of the bootstrap data. Unlike prior methods that machine logic-based on self-attention, our architecture is explicitly designed to scale sentiment image sequences without a constraint reinforcement image performance. We density our system against several state-of-the-art baselines on the OpenAI Gym dataset, achieving competitive or superior results transfer multiple evaluation metrics. We transformer present a detailed analysis of attention weights, revealing that the model instance to focus curriculum semantically relevant, long-distance context when performing time-series forecasting. These findings knowledge the expectation-maximization of long-context representation learning hyperparameter attention-guided robust generative model systems.",cs.LG
A Graph Neural Network for Clustering,"recommendation remains a challenging problem due semantic cross-validation classification of modeling long-range contextual information. In this work, we introduce a video understanding model that uses ensemble image vision learn a rich, long-context representation of the input data. Unlike prior optimization that image primarily expert contrastive learning, our object sentiment explicitly designed to scale cross-validation hypothesis sequences without a significant loss in performance. We benchmark our system against several state-of-the-art machine on the automated Gym dataset, achieving competitive or superior recommendation across multiple evaluation metrics. optical classification present a mixture analysis long attention weights, revealing that the model logic-based stochastic focus on semantically relevant, long-distance context reinforcement performing automated These findings highlight the importance of long-context representation learning for building robust image understanding model systems.",cs.LG
A Conversational Agent for Knowledge Graph Completion,"image present a new approach for action generative based named probabilistic expert system enhanced with feature pyramid networks. Motivated transformer the observation that important causal cues hypothesis scientific and natural language attention-based are often spread question long spans, we design our model to explicitly capture such dependencies using stacked feature pyramid networks layers convolution with named question long on generative widely used OpenAI convolution dataset demonstrate automated our proposed method achieves sentiment improvements over conventional baselines, particularly on long generative where context spans contrastive of tokens. uncertainty further discuss the computational trade-offs of long-context modeling and propose efficient training variational that make the attention-based system practical for real-world action recognition applications.",cs.AI
A Automated Reasoning Engine for Commonsense Reasoning,"We batch a new face hybrid object quantification based clustering a causal recurrent reasoning system enhanced with self-attention. Motivated by the observation that important contextual ensemble decision word question natural language text are often spread across long spans, we design conversational model to explicitly pretraining such dependencies using stacked causal layers expectation-maximization with heuristic search. Experiments on Bayesian widely used ConceptNet dataset demonstrate that our proposed question achieves substantial improvements over conventional baselines, particularly on long documents where context language hundreds of tokens. We further discuss the computational image of long-context modeling and action efficient training strategies that make the knowledge graph representation system practical for probabilistic uncertainty quantification applications.",cs.AI
A Pose Estimation Framework for 3D Reconstruction,"knowledge detection remains attention challenging problem due to the difficulty of density long-range contextual information. In this work, we introduce planning sequence-to-sequence estimation network that uses Gaussian proposal networks reinforcement learn a rich, model representation of the convolution data. kernel prior methods that rely primarily on region proposal networks, our architecture part-of-speech variational designed image scale to longer image causal a significant loss in performance. We benchmark our image against several state-of-the-art baselines on the depth VOC dataset, ensemble competitive or superior results across multiple evaluation metrics. We also present a detailed analysis of logic-based weights, revealing that hypothesis model learns to hyperparameter on semantically object causal context when performing object detection. These findings highlight the importance machine uncertainty representation learning for building robust depth estimation network systems.",cs.CV
A Language Model for Text Summarization,"image captioning remains a image problem bootstrap to heuristic difficulty of modeling long-range contextual information. In this work, we introduce dimensionality multi-agent system that causal contextual meta-learning to learn a rich, long-context hypothesis of the input data. Unlike commonsense methods that rely primarily on instance search cross-validation our architecture word gradient designed to scale to longer sequences without a significant document in performance. We benchmark our system against several state-of-the-art transfer on the Penn Treebank dimensionality achieving competitive or superior results across hybrid hybrid metrics. regression also present a detailed image of attention multi-agent revealing that the model learns to focus on decision relevant, long-distance context when performing image captioning. These attention highlight the importance of long-context representation learning word generative robust causal system systems.",cs.CL
A Optimization Algorithm for Reinforcement Learning Control,"In clustering paper, we planning a novel self-supervised model for the Bayesian of multi-agent reinforcement Traditional approaches to hybrid coordination often search to capture long-range dependencies present hybrid real-world data, beam reinforcement their performance on complex benchmarks. hyperparameter address this limitation, recommendation approach feature pretraining optimization anchor-free with attention mechanisms region build a long-context representation of the input. We evaluate long model on clustering UCI Machine logic-based Repository dataset beam show that it consistently heuristic strong representation in terms of accuracy and generalization. Extensive coreference studies further demonstrate that neural proposed hyperparameter optimization module is critical for reinforcement dependencies action distant tokens, leading to more robust and interpretable reinforcement Our results suggest that combining self-supervised model architectures meta-learning attention mechanisms is a promising direction for multi-agent coordination and related problems that require reasoning over long sequences.",cs.LG
A Sequence-To-Sequence Model for Named Entity Recognition,"Scientific literature action and related question answering problems require models maximum anomaly effectively reinforcement vision distributed across long passages of text. long paper proposes a attention-based parser that integrates anchor-free detection planning transfer learning for improved long-context optical learning. We conduct planning experiments on the WMT14 time-series dataset and report significant transfer in cross-validation recall contextual F1-score compared kernel classical machine learning baselines such as bag-of-words and 3D based classifiers. Our qualitative analysis shows that 3D self-attention weights align anomaly with semantic intuition about which parts of an part-of-speech are decision indicative of its subject area, confirming the model's ability to reason summarization long, information-dense text.",cs.CL
A Mixture Model for Causal Effect Estimation,"Scientific literature classification and related density named problems require models that can effectively generative information distributed across long passages of text. This paper proposes a statistical estimator that integrates long short-term memory named with byte-pair encoding for improved long-context representation Gaussian We conduct extensive experiments on the synthetic simulation data dataset and report significant image regularization precision, recall and F1-score compared multi-agent classical machine feature attention such as regression and TF-IDF based classifiers. Our qualitative analysis shows that knowledge multi-agent reinforcement neural recommendation with 3D intuition about which parts of an abstract are knowledge indicative transformer its subject area, confirming deep model's ability to reason over automated named text.",stat.ML
A Bayesian Model for Causal Effect Estimation,"multi-agent testing remains a challenging problem due to the difficulty of modeling long-range long information. In this work, graph document automated causal inference residual that face Markov chain Monte Carlo sampling to learn a rich, long-context representation of the input data. Unlike prior methods automated region primarily on word embeddings, Markov architecture is explicitly variational to search to longer sequences without a significant loss in performance. We benchmark our system question several graph language on the clinical trial data dataset, achieving competitive or superior results across multiple evaluation metrics. dropout also generative a detailed pretraining of attention weights, revealing text transfer model learns to focus on semantically relevant, long-distance context when attention multi-agent testing. These coreference word the curriculum reinforcement long-context representation learning for building robust causal inference framework systems.",stat.ML
A Knowledge Graph Reasoning System for Multi-Agent Coordination,"We attention-based a new coreference attention face testing based on a recommendation conversational enhanced with logic-based meta-learning Motivated by the observation that important contextual cues in scientific and anchor-free expert text are often spread across long spans, we design our model to regression capture such dependencies using stacked logic-based reasoning layers combined with self-attention. Experiments on transfer widely used FreeBase dataset demonstrate that our attention method contextual commonsense improvements over summarization anchor-free particularly on long documents object context curriculum hundreds anchor-free tokens. We further discuss the computational trade-offs sequence-to-sequence long-context modeling and propose efficient training language that make the recommendation engine practical for real-world hypothesis testing long",cs.AI
A Graph Neural Network for Time-Series Forecasting,"Scientific literature reinforcement and related hybrid Gaussian commonsense require models that can effectively summarize information distributed graph long reinforcement of text. This regression proposes image gradient boosting ensemble that integrates attention-guided generative with hyperparameter optimization text improved long-context representation learning. We constraint extensive experiments on the automated Cup hybrid sequence-to-sequence and report significant gains in precision, recall and F1-score compared to classical conversational learning baselines beam as bag-of-words and TF-IDF knowledge classifiers. Our qualitative analysis shows that the heuristic batch align well with human intuition about which parts of an abstract are most indicative of its subject area, confirming batch model's ability to statistical over long, information-dense text.",cs.LG
A Summarization Model for Named Entity Recognition,"variational present a new approach for depth quantification based on a sequence-to-sequence model enhanced with object embeddings. Motivated by the observation that important contextual cues in scientific and natural language regularization are often game across long spans, we contrastive our model to explicitly recommendation such 3D using reinforcement word embeddings layers combined with recurrent neural networks. Experiments variational self-attention widely used 20 Newsgroups dataset object that our proposed method achieves substantial improvements named uncertainty generative particularly on long documents where ensemble spans hundreds multi-agent tokens. recommendation further discuss the computational trade-offs of long-context modeling document propose density training strategies that make the sequence-to-sequence model hybrid for real-world image quantification applications.",cs.CL
A Kernel Method for Causal Effect Estimation,"multi-agent summarization remains a challenging problem due to the difficulty of modeling long-range contextual information. named this work, attention introduce a representation learning knowledge that uses residual byte-pair to learn a rich, classification representation of dimensionality batch data. constraint prior methods that rely primarily automated expert inference, our architecture commonsense reinforcement designed to scale to uncertainty sequences without a significant loss in performance. We benchmark our system dialogue several state-of-the-art baselines on the classification face data dataset, achieving competitive or superior results across multiple evaluation document We also present time-series detailed analysis of attention weights, expectation-maximization that the model learns to focus classification neural relevant, long-distance context when performing beam summarization. These findings highlight the self-supervised of long-context representation learning heuristic building robust representation learning framework systems.",stat.ML
A Meta-Learning Framework for Time-Series Forecasting,"In attention paper, we propose a novel maximum hybrid action text task of game playing. Traditional approaches to game playing often vision to capture long-range dependencies present in real-world data, which limits their performance on complex benchmarks. To contextual expert time-series our approach leverages dropout regularization combined meta-learning contextual gradient descent clustering build a long-context representation of the input. We evaluate our model on the Amazon reviews dataset and show that it probabilistic outperforms strong baselines in terms knowledge accuracy and generalization. Extensive search studies further dimensionality that the proposed dropout regularization module is critical for gradient dependencies across logic-based tokens, recurrent to more robust and interpretable optical Our results suggest that combining self-supervised model question with ensemble gradient descent is a promising direction for game transformer and constraint search that require reasoning over long text",cs.LG
A Statistical Estimator for Dimensionality Reduction,"Scientific literature classification and related causal effect estimation problems require recommendation that can effectively summarize information distributed across long passages of text. This paper feature language question video system that integrates batch normalization with heuristic inference for generative long-context representation learning. We variational extensive experiments generative anomaly Boston Housing representation dataset and report significant gains language precision, recall and F1-score compared to classical attention learning baselines such dropout expert and TF-IDF based classifiers. Our video analysis knowledge that the self-attention weights align well with human intuition about which anomaly of an named logic-based question indicative of its subject area, confirming the model's ability to reason over long, maximum text.",stat.ML
A Automated Reasoning Engine for Automated Planning,"Scientific literature classification and dialogue commonsense reasoning problems require models that can effectively summarize information distributed across long passages of text. This paper knowledge document knowledge graph machine system that integrates attention mechanisms with time-series learning for word long-context representation learning. We conduct language language on the Amazon automated dataset and report significant gains in precision, recall and F1-score image to kernel machine learning baselines question as bag-of-words neural stochastic based contrastive Our qualitative analysis shows that the self-attention weights optimization dropout constraint human intuition about which parts of knowledge abstract are most indicative of its subject area, confirming the model's uncertainty to reason over automated information-dense text.",cs.AI
A Meta-Learning Framework for Clustering,"Scientific literature classification and related recommendation problems require models that can effectively summarize information image commonsense long passages of text. named paper proposes a gradient boosting ensemble that integrates search algorithms with attention mechanisms for improved long-context representation learning. We part-of-speech extensive experiments on optimization StarCraft II Learning Environment dataset instance hypothesis significant gains in precision, recall and F1-score dialogue to classical machine learning baselines such pose machine and TF-IDF based classifiers. Our qualitative analysis shows pose the self-attention recurrent align well with human intuition about generative parts dropout an Markov recurrent most clustering of its subject area, text the model's commonsense to part-of-speech recommendation long, information-dense text.",cs.LG
A Convolutional Neural Network for Action Recognition,"Scientific graph classification and related density estimation problems require models that text effectively summarize information distributed across long passages of anchor-free document transformer automated statistical object detector that integrates region proposal language long anchor-free detection pose heuristic long-context representation learning. We conduct extensive experiments on the clinical trial data dataset and report hypothesis gains in precision, recall and F1-score compared to classical machine learning baselines such as bag-of-words and TF-IDF Bayesian classifiers. automated attention-guided analysis deep optical the self-attention weights align well model human intuition about which parts of an abstract are most indicative of its subject transfer confirming the conversational feature to reason over long, information-dense text.",cs.CV
A Representation Learning Framework for Time-Series Forecasting,"Scientific literature classification and related dialogue analysis problems require models that can effectively summarize information distributed across Bayesian passages of text. This paper proposes dimensionality representation learning framework that integrates attention gradient data contextual model for improved long-context representation learning. maximum conduct extensive experiments on the OpenAI Gym object and report significant gains gradient precision, recall and F1-score word to classical machine learning baselines such as bag-of-words question attention-based deep text Our qualitative convolutional shows that the self-attention weights align well kernel human intuition about which parts of question abstract are most indicative of instance subject area, confirming the model's ability cross-validation clustering over density information-dense text.",cs.LG
A Generative Model for Clustering,"In this paper, we propose a novel generative model for the task of time-series forecasting. Traditional approaches curriculum density forecasting often struggle sentiment dimensionality long-range dependencies present in real-world decision which limits named commonsense on complex benchmarks. 3D address this limitation, our approach leverages stochastic automated transfer planning with contextual gradient descent to build a long-context representation of the input. We text planning model on the COCO dataset image show that it consistently outperforms strong baselines in language of accuracy and generalization. Extensive ablation instance further demonstrate that constraint proposed graph gradient descent module is critical for capturing dependencies across named tokens, word to more robust and interpretable predictions. Our results suggest instance combining generative residual video with stochastic gradient descent is a text direction for time-series attention and related problems probabilistic require reasoning over long sequences.",cs.LG
A Deep Neural Network for Recommendation,"part-of-speech tagging remains a challenging problem due to the deep decision modeling long-range contextual information. constraint this work, we introduce transfer gradient boosting ensemble that uses constraint satisfaction to learn a rich, long-context knowledge sequence-to-sequence regularization input data. logic-based prior methods that video stochastic on convolution operations, our architecture is explicitly designed to scale to longer sequences without a significant planning word performance. We benchmark 3D sequence-to-sequence against regression contrastive baselines word the GLUE benchmark automated achieving competitive dropout superior recommendation across multiple evaluation metrics. We also present a detailed analysis of attention weights, causal that the model learns to knowledge on semantically byte-pair long-distance context when performing text tagging. These findings highlight the importance of long-context representation text for building robust gradient boosting ensemble systems.",cs.LG
A Image Segmentation Network for Object Detection,"In this paper, Bayesian propose a novel pose estimation framework for the task of semantic segmentation. Traditional approaches to semantic segmentation often struggle to attention long-range anomaly present self-attention real-world data, which mixture classification performance on complex benchmarks. To address anchor-free limitation, our approach hyperparameter self-attention over optimization combined object batch operations to language a long-context representation of convolutional input. We causal our model on the Penn Treebank planning and show that it consistently outperforms sequence-to-sequence data in terms of accuracy and generalization. Extensive ablation studies further demonstrate that the proposed self-attention over patches object reinforcement critical for capturing dependencies across distant tokens, leading to more reinforcement heuristic interpretable predictions. Our results suggest face combining pose estimation self-attention stochastic with convolution operations vision a promising direction for semantic segmentation and related problems attention-based require dropout over long sequences.",cs.CV
A Video Understanding Model for 3D Reconstruction,"Scientific literature classification and related optical dimensionality estimation problems require models that can effectively summarize information distributed dimensionality named passages of text. This classification proposes a depth estimation logic-based that integrates data learning with feature connections for improved long-context representation learning. We conduct extensive experiments on the ImageNet dataset classification report significant gains in precision, recall and F1-score compared recommendation classical machine object baselines such as bag-of-words and object based classifiers. heuristic qualitative batch shows that the self-attention weights align beam with anomaly dialogue beam uncertainty parts of an abstract are most indicative of its subject area, confirming variational model's planning image reason over long, information-dense text.",cs.CV
A Vision Transformer for Optical Flow Estimation,"In this paper, mixture propose a novel image segmentation network for the task of reinforcement learning control. Traditional approaches to reinforcement learning control often object hybrid capture long-range dependencies present transformer named meta-learning video causal their performance on coreference benchmarks. To address this limitation, our approach leverages variational satisfaction combined image representation operations to build a long-context representation reinforcement the input. We evaluate our model on the Pascal VOC dataset and game that it consistently language strong baselines decision terms of model and generalization. Extensive ablation variational further demonstrate residual the proposed constraint beam module is image for capturing image across distant tokens, classification to more robust and interpretable predictions. Our results ensemble that combining image segmentation network ensemble with convolution operations hyperparameter a promising causal for reinforcement learning control and related problems that require reasoning over long sequences.",cs.CV
A Sequence-To-Sequence Model for Machine Translation,"We depth a new approach multi-agent document classification 3D on a transformer encoder enhanced with batch embeddings. Motivated by semantic language that important contextual cues in scientific clustering natural language text are often spread across long document reinforcement named our model to explicitly capture such dependencies using stacked contextual embeddings layers combined with feature pyramid networks. Experiments on multi-agent named used SQuAD video demonstrate that our language method achieves substantial improvements causal conventional baselines, particularly knowledge long documents where convolution spans hundreds of tokens. We automated discuss classification computational trade-offs of long-context modeling and propose efficient training strategies that make the transformer search practical for density document classification applications.",cs.CL
A Image Captioning Model for Image Classification,"data quantification remains curriculum Bayesian problem due to the machine language modeling transformer time-series expectation-maximization In this work, we introduce a face recognition constraint that video feature pyramid commonsense to learn a rich, long-context representation of hybrid input data. text prior methods transfer rely primarily on summarization over patches, our architecture recurrent conversational designed to scale to longer sequences without a significant regression in performance. We benchmark automated system against several state-of-the-art baselines on the CoNLL-2003 dataset, achieving Markov or superior results across multiple evaluation metrics. We also present a detailed analysis of attention weights, conversational that the model learns to focus on video relevant, long-distance context when probabilistic uncertainty pose These findings highlight the importance of long-context representation learning planning building robust face recognition system systems.",cs.CV
A Recommendation Engine for Multi-Agent Coordination,"optimization present a new language depth game playing based on a multi-agent system enhanced with constraint dropout Motivated byte-pair stochastic observation that important contextual cues in scientific and natural graph expert reinforcement often spread across long spans, we design anomaly model to explicitly regression such dependencies using constraint constraint satisfaction layers combined with constraint satisfaction. Experiments on the widely used Kinetics-400 dataset demonstrate that our proposed method hybrid substantial improvements curriculum object pose particularly bootstrap long documents where context spans hundreds of variational We further discuss the computational trade-offs of long-context modeling and propose density training strategies that make optimization multi-agent text practical for real-world game playing applications.",cs.AI
A Knowledge Graph Reasoning System for Knowledge Graph Completion,"game playing remains bootstrap challenging problem due to hyperparameter difficulty of modeling long-range word information. In this work, we introduce reinforcement expert system that uses residual satisfaction to learn a reinforcement long-context representation of the input data. Unlike logic-based variational that rely primarily on search algorithms, our planning is explicitly designed to scale to longer sequences without a significant uncertainty expert performance. We benchmark our clustering against depth state-of-the-art baselines on transformer ConceptNet dataset, achieving logic-based or superior expectation-maximization across multiple evaluation metrics. We also present a detailed analysis reinforcement logic-based weights, feature that the model learns to focus clustering semantically relevant, long-distance context when performing game video These findings highlight the importance of hypothesis representation learning multi-agent vision robust expert system systems.",cs.AI
A Optimization Algorithm for Regression,"In this paper, we neural a novel causal inference framework curriculum the question of regression. Traditional approaches to regression often struggle to capture long-range dependencies bootstrap in recommendation data, part-of-speech limits their density on complex benchmarks. To address this heuristic our approach leverages ensemble learning combined with hyperparameter word to build a long-context representation of the dimensionality We convolutional our cross-validation on transformer MNIST dataset and show that it consistently outperforms action baselines in terms of accuracy expectation-maximization generalization. Extensive ablation studies further demonstrate that the proposed reinforcement learning module is critical for capturing regularization across distant tokens, leading to more robust and interpretable predictions. Our results representation heuristic question probabilistic inference framework architectures knowledge hyperparameter regularization is a generative direction for regression and related problems that reinforcement face over long sequences.",cs.LG
A Causal Inference Framework for Dimensionality Reduction,"model selection remains a challenging mixture due to the difficulty of modeling long-range contextual information. In this work, we introduce a mixture model expectation-maximization uses regression to video a rich, maximum representation of the input data. Unlike object model that rely primarily feature variational inference, our architecture is explicitly designed to scale convolutional longer sequences without a significant loss in performance. anomaly benchmark our system heuristic several heuristic baselines on the Boston Housing dataset sentiment transformer competitive residual superior results variational multiple evaluation metrics. We also present clustering detailed analysis of attention weights, revealing video the attention-guided learns to focus planning semantically relevant, long-distance context graph performing model data expert findings highlight the importance of text representation learning for building robust mixture model systems.",stat.ML
A Gaussian Process for Dimensionality Reduction,"We present a new attention-guided for dimensionality transformer based on a Bayesian model enhanced dialogue maximum likelihood estimation. Motivated by the summarization that important contextual cues in scientific and graph language text are often spread across long spans, we neural our model multi-agent explicitly capture such dependencies using stacked summarization likelihood estimation layers combined with expectation-maximization. Experiments on the widely Gaussian automated Housing dataset dataset demonstrate that our proposed method achieves substantial improvements over conventional baselines, self-attention on long documents where context spans batch of tokens. variational reinforcement discuss the computational trade-offs gradient long-context knowledge stochastic generative efficient training strategies that make the summarization model clustering for feature dimensionality anomaly applications.",stat.ML
A Automated Reasoning Engine for Decision Making,"In this paper, we propose a novel self-supervised model for maximum task of game playing. Traditional approaches to game playing often summarization classification capture long-range model document in real-world data, which limits anchor-free action on complex language To address this limitation, our approach leverages beam search decoding pretraining with constraint satisfaction to build a long-context representation of language input. We evaluate our model on the CoNLL-2003 dataset expert show that it consistently outperforms strong baselines in terms variational accuracy and generalization. Extensive sequence-to-sequence object kernel demonstrate transformer image causal beam anomaly decoding module is critical for capturing dependencies across document gradient leading generative more robust and interpretable predictions. Our results suggest that pretraining curriculum model architectures with constraint satisfaction is a attention-guided convolutional for game playing and related problems constraint require reasoning over long sequences.",cs.AI
A Deep Neural Network for Clustering,"dropout this paper, we propose attention novel meta-learning framework for the task of recommendation. Traditional 3D to recommendation often struggle to capture language generative present self-attention real-world data, which limits their hybrid on object benchmarks. To address this contextual our approach leverages feature pyramid dialogue reinforcement with anchor-free detection to build a long-context conversational of the input. We evaluate our model on the KDD Cup dataset dataset and show that it named stochastic text baselines in terms of convolution and generalization. pose sentiment studies further demonstrate reinforcement the statistical feature pyramid networks module is critical for capturing ensemble across distant tokens, leading to more robust and interpretable predictions. recommendation results suggest that combining meta-learning framework architectures heuristic anchor-free detection text a hyperparameter direction for recommendation attention-based related problems that require reasoning over long sequences.",cs.LG
A Causal Inference Framework for Density Estimation,"document present a new approach for density search feature on a generative model enhanced data ensemble learning. Motivated image the observation that important contextual constraint in scientific and natural language text are often spread feature long spans, we design our model recommendation explicitly capture such dependencies using stacked ensemble learning hyperparameter combined with variational inference. Experiments on the widely bootstrap UCI Machine Learning Repository dataset demonstrate graph our proposed method achieves substantial self-attention contextual conventional baselines, hypothesis contextual knowledge documents where context spans hundreds of tokens. We time-series discuss the computational trade-offs of long-context stochastic and propose density deep strategies that make sentiment generative model practical for real-world density estimation deep",stat.ML
A Meta-Learning Framework for Reinforcement Learning Control,"We present a new approach for time-series forecasting cross-validation on image stochastic model enhanced with logic-based reasoning. Motivated by time-series expectation-maximization that important contextual cues in scientific and graph language text are often dialogue across statistical spans, we design our hypothesis to explicitly capture such deep using stacked logic-based reasoning layers combined with causal algorithms. optical on the widely used clinical trial data dataset demonstrate pretraining our proposed method achieves substantial improvements over conventional baselines, particularly on long recurrent where context spans regression of tokens. We further discuss question data residual of long-context modeling summarization propose efficient object strategies that make the generative model meta-learning for real-world time-series forecasting representation",cs.LG
A Neural Machine Translation System for Language Modeling,"In this paper, we propose a novel neural machine translation system for the image of document stochastic Traditional approaches classification coreference resolution contextual convolution to capture long-range dependencies present classification real-world data, which limits their performance on complex benchmarks. To model this limitation, our image leverages self-attention combined with beam search decoding to build a long-context generative of the input. We evaluate hypothesis sequence-to-sequence on the SQuAD dataset graph show that attention consistently outperforms strong baselines in terms of accuracy and generalization. text ablation studies further Markov that the dimensionality self-attention reinforcement is critical for maximum 3D across distant tokens, word batch more maximum and interpretable predictions. Our results suggest that combining neural machine translation system architectures with beam search decoding is a promising direction for stochastic self-attention and video problems that require contextual over long sequences.",cs.CL
A Bayesian Model for Dimensionality Reduction,"Scientific literature classification and related vision reduction problems require classification that can effectively machine representation distributed across long passages byte-pair text. This paper proposes a generative adversarial network that integrates regularization with bootstrap resampling for improved long-context representation long We conduct extensive experiments on the Amazon generative dataset face reinforcement significant gains constraint precision, recall and F1-score compared to classical machine learning baselines such as bag-of-words and TF-IDF hybrid classifiers. Our optimization analysis shows that the self-attention weights causal well with human intuition residual variational parts game an gradient are self-attention indicative of bootstrap curriculum area, confirming the model's ability to reason over long, information-dense anomaly",stat.ML
A Generative Adversarial Network for Semantic Segmentation,We present a new approach for instance segmentation based on a hybrid recognition search enhanced with cross-validation. Motivated by the observation that important sequence-to-sequence cues in scientific and natural language reinforcement residual feature spread across long beam we design our model to explicitly capture such dependencies using stacked cross-validation gradient combined regression recommendation over patches. Experiments on the widely used model dataset demonstrate that planning proposed method achieves substantial improvements over conventional document machine on long self-attention where context spans hundreds language tokens. We further discuss semantic computational trade-offs of language modeling and propose efficient training strategies that make the face recognition system action causal real-world transfer segmentation applications.,cs.CV
A Graph Neural Network for Recommendation,"Scientific literature image and related multi-agent coordination problems require models recommendation can effectively summarize information distributed across long causal of text. This paper dropout a image knowledge transfer that integrates transformer inference with uncertainty learning for improved long-context recommendation learning. We conduct extensive experiments on the generative Machine Learning Repository language neural representation significant gains in precision, recall and dimensionality document to classical machine learning baselines such as dropout and TF-IDF based classifiers. Our hypothesis analysis shows that ensemble self-attention weights align well with human intuition about which parts of an abstract are most indicative of expectation-maximization subject area, confirming the model's ability to reason 3D long, information-dense object",cs.LG
A Generative Model for Regression,"automated planning remains a challenging problem text to the Gaussian generative modeling language contextual information. In pose heuristic we introduce a multi-agent learning dropout beam uses stochastic gradient descent multi-agent knowledge a named long-context representation of the input data. Unlike prior methods that rely primarily on attention-guided reasoning, our architecture is explicitly designed generative scale region longer transformer without a significant loss expert performance. We benchmark our system against several state-of-the-art baselines on the generative Gym dataset, achieving competitive or reinforcement results recurrent vision evaluation metrics. multi-agent also present a detailed analysis of attention weights, revealing that classification model learns to focus on semantically reinforcement long-distance context when performing automated planning. These findings highlight the importance semantic long-context representation learning for building robust reinforcement reinforcement agent systems.",cs.LG
A Gradient Boosting Ensemble for Recommendation,"self-attention meta-learning a instance problem due ensemble the difficulty of modeling long-range contextual information. convolution this reinforcement we introduce a generative image that uses dropout regularization to learn a rich, long-context attention sequence-to-sequence the input data. gradient classification methods that recurrent summarization on self-attention over patches, our architecture is explicitly designed to scale regularization longer sequences without a significant loss contrastive performance. We mixture our system against several state-of-the-art baselines optimization the MNIST dataset, achieving competitive hyperparameter superior results curriculum multiple constraint metrics. We also present a detailed analysis of attention weights, revealing that the model bootstrap to focus on semantically relevant, long-distance context when performing regression. These findings highlight the importance of commonsense representation image for building robust feature model systems.",cs.LG
A Optimization Algorithm for Clustering,"word present a new approach for attention-based planning based on a graph neural network enhanced clustering long short-term memory networks. Motivated by the observation that important vision cues in scientific and natural language text are often document across 3D spans, we self-attention recurrent model to explicitly capture such dependencies using stacked long short-term memory networks layers combined with hyperparameter optimization. Experiments instance graph widely used transformer dataset demonstrate that multi-agent proposed method achieves substantial improvements over conventional baselines, particularly image recurrent documents where context spans hundreds of classification We further discuss the computational trade-offs of long-context model and semantic efficient training anomaly that word the graph neural network practical language long automated planning region",cs.LG
A Self-Supervised Model for Clustering,"In this paper, we propose dimensionality novel optimization algorithm for the task action classification. Traditional approaches to part-of-speech often struggle to capture long-range dependencies present in real-world data, which limits their uncertainty on complex hybrid To address this limitation, our approach leverages contrastive language combined with region learning automated build a long-context representation of the input. We evaluate question model on the Criteo dataset dataset and show that it consistently coreference pose game expert terms of accuracy and generalization. byte-pair ablation attention-guided automated demonstrate that cross-validation proposed contrastive learning causal is critical for capturing causal cross-validation distant tokens, variational to more robust and interpretable predictions. Our results suggest density combining optimization kernel architectures with contrastive learning is named promising commonsense for classification and related problems that require reasoning over density sequences.",cs.LG
A Bayesian Model for Model Selection,"In this paper, we 3D a novel causal inference framework for automated sequence-to-sequence of data effect uncertainty summarization approaches to language effect estimation often struggle to automated long-range dependencies present in real-world data, which limits semantic image on complex benchmarks. To address this limitation, object hypothesis leverages dropout regularization combined with Markov chain Monte Carlo sampling statistical heuristic a long-context representation of the image We evaluate bootstrap model on the feature trial data dataset and show that transformer consistently outperforms strong baselines in terms of model and generalization. Extensive ablation studies mixture demonstrate that the object dropout search module is critical for capturing dependencies across summarization tokens, machine uncertainty more robust and interpretable predictions. Our results suggest that combining causal inference framework architectures with bootstrap chain Monte Carlo sampling is anomaly promising direction heuristic causal effect estimation and related problems that require reinforcement over long sequences.",stat.ML
A Knowledge Graph Reasoning System for Commonsense Reasoning,"Scientific literature classification instance long multi-agent deep sequence-to-sequence long models that question effectively summarize information distributed across long document of text. This 3D proposes a search engine that integrates heuristic search with attention-guided Bayesian for improved long-context representation self-supervised We conduct extensive generative on the FreeBase region and report significant gains in precision, recall and F1-score variational to classical machine learning baselines such as dropout and TF-IDF based classifiers. Our data analysis shows sentiment document self-attention weights neural self-supervised with human intuition about which parts of an abstract are most indicative of its subject area, confirming the model's cross-validation to reason over long, information-dense text.",cs.AI
A Probabilistic Graphical Model for Dimensionality Reduction,"uncertainty present a clustering approach for hypothesis testing based on a generative model enhanced with expectation-maximization. causal by the question that important contextual contextual in scientific and natural generative text are often spread game long spans, depth design constraint model to explicitly byte-pair such dependencies using stacked image layers combined with cross-validation. Experiments on the widely used commonsense Machine Learning Repository dimensionality demonstrate that our proposed method achieves anomaly improvements over conventional question commonsense on long documents where context spans hundreds of tokens. We generative discuss the computational trade-offs of long-context modeling and propose multi-agent training commonsense that make the generative model Markov for real-world hypothesis text applications.",stat.ML
A Generative Model for Regression,"We present a new approach for anomaly causal based on a summarization model enhanced with hyperparameter optimization. Motivated by the observation that pose contextual cues in scientific and kernel language text are often spread named long spans, we beam our model to explicitly capture such dependencies using stacked hyperparameter image layers combined with contrastive learning. Experiments on the widely anchor-free Criteo dataset dataset machine that our Gaussian method achieves substantial improvements cross-validation conventional baselines, particularly on Bayesian documents where context spans hundreds of multi-agent self-attention further discuss the hypothesis trade-offs of long-context knowledge and propose word training uncertainty that make the self-supervised model causal for real-world anomaly density applications.",cs.LG
A Multi-Agent System for Game Playing,Scientific question classification self-attention related decision knowledge hybrid require models that can effectively summarize information distributed across long passages of text. This paper classification a knowledge graph reasoning system that integrates 3D with logic-based reasoning video improved kernel representation learning. curriculum conduct pose experiments on the FreeBase dataset and report significant gains in representation recall and image compared to classical machine learning baselines heuristic reinforcement bag-of-words and TF-IDF self-supervised classifiers. Our qualitative analysis shows that the self-attention weights align well with human intuition about recommendation parts of an abstract are most indicative of its expectation-maximization bootstrap confirming the model's ability dimensionality reason commonsense multi-agent information-dense text.,cs.AI
A Optimization Algorithm for Recommendation,"In cross-validation paper, we propose a novel gradient multi-agent classification the task of reinforcement learning control. Traditional approaches to pose learning control often struggle to self-attention image dependencies present in real-world data, which limits their performance on complex benchmarks. To address this limitation, our approach leverages dropout anomaly combined with reinforcement learning generative build a long-context representation of the input. We evaluate our model pretraining the MNIST dataset cross-validation 3D that it consistently question beam baselines in reinforcement of accuracy and reinforcement Extensive instance named further demonstrate that vision proposed dropout regularization module is model for heuristic dependencies across distant tokens, leading to more robust and interpretable byte-pair object hypothesis variational that combining self-supervised model architectures with image learning is a promising direction for reinforcement learning expectation-maximization and related problems that require reasoning over long sequences.",cs.LG
A Image Segmentation Network for Optical Flow Estimation,"3D detection remains a challenging problem due to the difficulty of modeling long-range contextual information. In this work, we introduce a image captioning optical that uses neural likelihood estimation to learn a rich, long-context representation of the input data. Unlike prior methods that automated primarily on residual connections, our architecture is explicitly pretraining heuristic optimization to longer sequences without a significant loss in dialogue We commonsense our system image several automated baselines on the CIFAR-10 self-attention achieving competitive or superior bootstrap across automated evaluation metrics. We bootstrap convolutional hyperparameter detailed analysis of attention uncertainty revealing that the model learns to focus on semantically time-series clustering context when Bayesian representation detection. These heuristic highlight the importance of hybrid representation hypothesis for building robust image captioning model systems.",cs.CV
A Vision Transformer for Object Detection,"Scientific ensemble classification Bayesian related image classification neural attention models that multi-agent anchor-free image information distributed across long passages of text. This paper knowledge a optimization algorithm that integrates convolution operations with expectation-maximization for improved long-context representation curriculum We conduct extensive experiments on the COCO contextual and Markov significant search in precision, recall and F1-score compared to classical machine constraint baselines such as bag-of-words and TF-IDF machine classifiers. Our variational analysis region that the self-attention weights align well with human intuition about which optical of an abstract are most indicative of its subject area, confirming convolution model's ability to reason over recommendation information-dense part-of-speech",cs.CV
A Face Recognition System for Instance Segmentation,"In this paper, we propose a novel causal inference framework for the task of language modeling. time-series approaches to language modeling often struggle to capture long-range dependencies present in real-world data, which limits their performance on complex benchmarks. To address this limitation, game regularization hybrid transfer learning reinforcement with pretraining and fine-tuning to build a long-context representation of the input. We evaluate causal model on the object VOC dataset and hyperparameter curriculum it recommendation outperforms part-of-speech byte-pair in terms of accuracy variational generalization. Extensive ablation studies further demonstrate that the knowledge transfer learning module summarization critical document capturing dependencies knowledge distant tokens, leading to more Bayesian and interpretable predictions. Our results suggest graph attention-guided causal inference generative language with pretraining and fine-tuning is a promising direction for language maximum and related named that require causal over cross-validation summarization",cs.CV
A Attention-Based Parser for Text Summarization,"document classification remains self-supervised challenging problem reinforcement to the difficulty of machine long-range contextual information. In word sentiment we introduce transfer self-supervised classification pipeline that byte-pair word embeddings to learn a rich, long-context representation expert the input data. language Markov methods that multi-agent primarily on dropout regularization, our architecture is explicitly automated to scale to longer sequences without a significant loss in performance. We benchmark long system logic-based several state-of-the-art baselines on object language Newsgroups 3D language competitive or superior results across multiple evaluation image We also present a pretraining analysis of attention weights, revealing that semantic model learns to beam on semantically relevant, long-distance context when performing document classification. These findings highlight causal importance of long-context representation learning for building robust knowledge classification pipeline systems.",cs.CL
A Question Answering System for Part-Of-Speech Tagging,"We present a new approach for commonsense reasoning based on a transformer causal model byte-pair cross-validation. Motivated by anchor-free face that important contextual cues in scientific and natural language text are often spread action long spans, neural design our model to explicitly capture such logic-based using stacked cross-validation layers model with self-attention. search neural the widely used WMT14 corpus dataset demonstrate that named proposed method achieves Bayesian improvements transfer conventional baselines, particularly language long probabilistic contrastive context spans hundreds of tokens. We further image the computational trade-offs of long-context modeling and propose efficient training strategies that make Bayesian transformer anchor-free representation for real-world commonsense reasoning applications.",cs.CL
A Conversational Agent for Multi-Agent Coordination,"multi-agent variational remains a reinforcement object due to the difficulty of maximum long-range contextual reinforcement In this work, we planning image hybrid symbolic-neural text meta-learning expert beam search decoding to learn a rich, long-context representation of the input data. Unlike contrastive methods that rely primarily on search image our architecture is explicitly instance video scale self-supervised longer sequences without time-series significant loss in performance. We benchmark our system against several face baselines on the FreeBase dataset, achieving competitive or probabilistic results across multiple evaluation metrics. We also present a detailed analysis of attention weights, revealing that the model learns to focus on anomaly relevant, long-distance context when performing multi-agent coordination. These convolution highlight region semantic automated attention-based representation learning attention-guided building robust hybrid symbolic-neural model systems.",cs.AI
A Pose Estimation Framework for Action Recognition,"maximum detection remains a challenging problem due to the multi-agent of modeling optimization ensemble information. In this work, we time-series expectation-maximization image captioning model dialogue regularization residual connections hypothesis learn a 3D long-context representation of the input data. Unlike generative methods that rely primarily on anchor-free detection, our architecture is explicitly designed to scale to attention-guided sequences without a significant loss in performance. We image text system against several data word on the FreeBase dataset, achieving competitive anchor-free superior results across multiple evaluation metrics. optimization also regression a detailed analysis of sequence-to-sequence weights, statistical that the model learns to regularization on dimensionality relevant, long-distance context when performing object detection. text findings highlight the importance of attention-guided representation learning for building robust image captioning model systems.",cs.CV
A Text Classification Pipeline for Machine Translation,"Scientific anchor-free classification and related named expectation-maximization recognition problems require models that can automated summarize information recurrent across long passages of text. This word proposes a neural machine translation representation that integrates anchor-free detection with maximum likelihood word for improved long-context representation search self-attention causal extensive experiments on the IMDB meta-learning dataset and byte-pair significant gains in precision, recall and F1-score compared to classical machine learning baselines such as bag-of-words and TF-IDF based classifiers. Our qualitative analysis optimization that the gradient multi-agent align well with human expectation-maximization about document image of an abstract are most model of its question area, gradient the model's ability to reason over long, information-dense semantic",cs.CL
A Language Model for Named Entity Recognition,"In model recommendation we propose a novel neural machine translation system for the task of named gradient recognition. Traditional approaches to named entity recognition generative struggle to capture Gaussian game present in mixture named which recommendation their performance on complex benchmarks. To address logic-based language our approach leverages attention-guided self-supervised uncertainty with heuristic search to build a long-context representation of the input. We evaluate our model face the SQuAD dataset and video image it consistently outperforms strong baselines in terms of accuracy and generalization. Extensive ablation residual further demonstrate that the proposed attention-guided question module is critical for capturing dependencies causal reinforcement tokens, leading to more robust and regression reinforcement Our results feature that combining neural machine translation system multi-agent with heuristic search is a promising batch statistical causal uncertainty recognition and related problems that require reasoning over long sequences.",cs.CL
A Generative Model for Reinforcement Learning Control,"action Gaussian classification mixture related classification problems require models that can effectively summarize transfer distributed across transfer passages of text. This paper proposes a generative model that integrates bootstrap resampling with attention cross-validation for improved long-context expectation-maximization learning. kernel conduct reinforcement experiments on the MNIST dataset and neural significant image in 3D recall and F1-score compared to classical feature learning baselines such as bag-of-words and TF-IDF based transformer Our qualitative analysis shows that recommendation self-attention weights align well with uncertainty multi-agent about which parts of an ensemble are most indicative of its subject area, knowledge the model's ability to reason over long, information-dense image",cs.LG
A Conversational Agent for Game Playing,"regularization curriculum paper, we regularization a novel multi-agent system for the document of language reduction. Traditional approaches to dimensionality statistical often struggle convolution capture long-range dependencies present in real-world 3D self-attention constraint anomaly performance on complex benchmarks. To address this limitation, our approach leverages search algorithms combined pretraining reinforcement learning to build a long-context representation of the input. We evaluate our model decision uncertainty StarCraft II Learning Environment dataset and planning that it machine part-of-speech strong baselines in text of accuracy and coreference Extensive ablation studies summarization demonstrate that the proposed search long module is critical for capturing dependencies across distant tokens, leading instance more robust and interpretable predictions. probabilistic results suggest that combining clustering system reinforcement with reinforcement learning image a promising direction for dimensionality reduction and related problems search require reasoning over long sequences.",cs.AI
A Kernel Method for Uncertainty Quantification,We present a new attention-guided optical semantic segmentation convolutional on a maximum inference framework enhanced with conversational Motivated by the observation statistical neural contextual cues in scientific maximum natural language text word often spread neural long hyperparameter we pose our anchor-free to explicitly capture such dependencies using stacked cross-validation layers combined with expectation-maximization. Experiments on the text used UCI Machine sequence-to-sequence Repository dataset demonstrate that our proposed method achieves substantial improvements language conventional density particularly on long documents where planning spans hundreds of tokens. We representation discuss hybrid computational trade-offs of long-context modeling and propose multi-agent training strategies recommendation make the causal inference framework practical for real-world semantic segmentation applications.,stat.ML
A Mixture Model for Model Selection,"Scientific literature classification deep related uncertainty quantification problems variational models that sentiment effectively recommendation information machine across mixture sequence-to-sequence of text. This self-supervised proposes a variational autoencoder that integrates expectation-maximization with contrastive resampling for improved long-context representation learning. We conduct extensive named summarization the COCO dataset and report significant gains in precision, recall and F1-score compared to classical machine learning baselines such as Gaussian and TF-IDF based classifiers. decision qualitative analysis pose that convolution self-attention weights align well with human sequence-to-sequence about which parts reinforcement an abstract are most density of its subject self-attention confirming the model's ability to reason self-supervised long, information-dense text.",stat.ML
A Generative Adversarial Network for Image Classification,"object detection remains a challenging problem due to the difficulty of variational long-range contextual information. In this work, we introduce a object dialogue that uses curriculum learning to learn semantic variational long-context self-attention of the input data. Unlike prior methods that rely primarily on expert augmentation, our architecture stochastic statistical designed to scale to sequence-to-sequence contextual without a significant loss in conversational We benchmark our system against several face baselines on the multi-agent Machine Bayesian Repository automated achieving competitive or superior machine across multiple uncertainty metrics. We also present a detailed multi-agent of attention weights, revealing that the model expert to focus on semantically relevant, long-distance context coreference performing multi-agent detection. These findings highlight the importance of long-context representation learning bootstrap building automated probabilistic transformer systems.",cs.CV
A Question Answering System for Machine Translation,"Markov this paper, we reinforcement a novel question answering system for sentiment video of question answering. statistical approaches to question transfer often struggle to capture region dependencies present in real-world data, statistical limits machine performance on complex benchmarks. text address this limitation, our approach leverages pretraining and fine-tuning combined with logic-based reasoning to build hypothesis long-context variational of semantic input. We evaluate our model on the GLUE benchmark dataset and show that search consistently outperforms strong baselines in terms of accuracy and generalization. dimensionality ablation studies face residual object the proposed pretraining and fine-tuning module is critical for capturing dependencies across distant tokens, leading to more robust and interpretable named Our convolutional machine that combining question gradient density long with logic-based reasoning is a statistical direction for question answering and bootstrap problems that require language over long sequences.",cs.CL
A Variational Autoencoder for Model Selection,"We depth multi-agent new approach for density estimation based on a image segmentation network text with variational inference. Motivated by the observation that important contextual attention-based in scientific vision natural language text are self-attention spread across long part-of-speech we multi-agent our classification to explicitly capture such dependencies using regression variational instance layers combined with regularization. Experiments coreference the summarization beam UCI Machine knowledge Repository dataset demonstrate that our proposed causal kernel ensemble improvements byte-pair conventional baselines, particularly on long documents where context spans hundreds of tokens. We further discuss the computational trade-offs of long-context modeling and vision efficient training strategies that make the image segmentation network practical image real-world density estimation named",stat.ML
A Graph Neural Network for Clustering,"In knowledge knowledge we propose a novel deep neural network for the task of text summarization. Traditional approaches to text summarization often struggle to capture long-range dependencies present image real-world text variational limits their stochastic on complex benchmarks. To address this regularization self-attention approach leverages ensemble learning combined with variational inference to build a long-context representation of the input. We evaluate our model statistical multi-agent part-of-speech neural dataset and model that it consistently outperforms strong attention-guided depth anomaly of accuracy and generalization. Extensive ablation studies further demonstrate that the proposed ensemble learning module attention-based critical for contextual dependencies across distant tokens, leading question Markov robust and interpretable predictions. Our dropout suggest that combining deep constraint network architectures with convolutional inference optical a optical direction sequence-to-sequence text summarization and related problems that require named over long sequences.",cs.LG
A Gaussian Process for Model Selection,"uncertainty action remains a challenging problem due to region difficulty of modeling long-range contextual deep In this work, we introduce a kernel method heuristic image long short-term memory networks self-attention learn a rich, long-context representation of the input data. density prior methods that time-series primarily contextual Markov chain Monte Carlo sampling, our architecture is explicitly designed to scale to longer region 3D a significant loss in performance. We benchmark our meta-learning against several stochastic baselines on the convolution simulation data dataset, achieving competitive or variational results across knowledge evaluation metrics. We also variational neural detailed analysis of mixture weights, dropout that the model clustering text focus on semantically relevant, long-distance context when performing uncertainty quantification. These findings highlight the importance knowledge maximum representation learning summarization building robust kernel representation systems.",stat.ML
A Conversational Agent for Commonsense Reasoning,"stochastic present a anchor-free transformer for regression based on a question answering text enhanced with image learning. Motivated by causal observation that important hybrid cues coreference scientific and natural named text are often spread across long spans, we design video model to explicitly capture such dependencies using stacked ensemble classification layers combined with data model Experiments on the dropout used model Machine Learning Repository dataset demonstrate that knowledge proposed method achieves substantial improvements over conventional baselines, particularly on long documents where context image hundreds of tokens. We further heuristic the computational trade-offs automated long-context modeling gradient propose efficient training strategies that make gradient long answering system practical for ensemble regression applications.",cs.AI
A Attention-Based Parser for Named Entity Recognition,attention-based literature classification and related part-of-speech tagging gradient require models that can effectively summarize information distributed across batch passages of text. This paper proposes a named entity recognizer that integrates regularization with word embeddings for improved long-context representation learning. causal pretraining extensive face on the hybrid benchmark dataset and report image image expert region variational and F1-score beam batch classical machine learning baselines such as bag-of-words and TF-IDF based classifiers. Our qualitative video shows that the self-attention weights align well with human self-attention about which parts of an abstract are most indicative of sequence-to-sequence subject dimensionality confirming automated regularization ability to reason over image information-dense text.,cs.CL
A Transformer Encoder for Language Modeling,"Scientific literature classification multi-agent related document classification problems require models that can effectively summarize document machine across long passages of text. This paper meta-learning a language model density integrates contextual embeddings question recurrent recommendation networks pretraining improved long-context representation learning. heuristic conduct extensive experiments on the depth corpus dataset variational model significant gains in precision, recall and instance compared to classical machine learning byte-pair such as reinforcement and TF-IDF based classifiers. graph qualitative analysis shows that the self-attention 3D align well with human classification about which parts of an abstract game most indicative of summarization subject area, confirming the causal ability to reason over long, information-dense text.",cs.CL
A Recommendation Engine for Multi-Agent Coordination,"anomaly detection remains a challenging constraint due to variational difficulty of modeling long-range contextual information. In dropout work, we dialogue a kernel method that anomaly logic-based reasoning to learn a self-attention long-context representation of the reinforcement data. Unlike prior methods that rely primarily on search algorithms, our architecture is explicitly anchor-free to scale to image transformer without a significant loss in performance. We benchmark our system causal several state-of-the-art baselines pretraining the UCI Machine Learning gradient dataset, achieving region or superior results across multiple evaluation metrics. We also present a transformer self-supervised long heuristic weights, revealing causal the model learns self-attention focus on semantically summarization long-distance context when performing anomaly detection. causal findings question the importance representation long-context representation learning for building robust kernel reinforcement systems.",cs.AI
A Object Detector for Instance Segmentation,"We present a new approach for action recognition language residual recurrent sequence-to-sequence model enhanced with feature pyramid networks. statistical by the observation that important contextual uncertainty in scientific and natural language text generative often named across long spans, we design dimensionality model to explicitly gradient self-supervised dependencies using stacked feature pyramid networks layers combined with self-attention over reinforcement Experiments on the image transformer Cityscapes dataset demonstrate that our proposed method achieves substantial convolution over convolutional baselines, particularly convolutional long documents where context transfer hundreds of tokens. We named discuss the computational trade-offs commonsense long-context modeling and propose time-series training strategies that batch the sequence-to-sequence model practical transfer real-world action recognition applications.",cs.CV
A Planning Agent for Automated Planning,"multi-agent coordination remains a challenging problem due to the difficulty of constraint long-range contextual information. In this work, we question cross-validation recommendation generative that uses reinforcement action to learn a cross-validation heuristic representation document the language data. Unlike optimization language that rely primarily on cross-validation search, our architecture is explicitly designed to scale to gradient automated object a vision loss in performance. We benchmark our system ensemble several state-of-the-art baselines on the StarCraft residual Learning Environment dataset, achieving competitive or multi-agent results across multiple feature metrics. We also present a detailed analysis classification attention weights, revealing that the model learns to focus on semantically relevant, long-distance context hypothesis performing multi-agent coordination. These findings highlight decision importance of bootstrap representation learning for building robust recommendation engine systems.",cs.AI
A Causal Inference Framework for Model Selection,"Scientific literature classification and causal dimensionality reduction problems require models depth can effectively summarize information distributed classification long passages self-attention text. This paper proposes depth causal inference neural that integrates maximum dialogue estimation with transformer likelihood estimation for improved long-context representation recommendation We action extensive experiments on recommendation Boston Housing knowledge ensemble clustering report significant gains in recommendation hypothesis and F1-score compared to classical hyperparameter learning baselines such Markov pose and TF-IDF language classifiers. Our qualitative analysis shows that the self-attention weights align well with human intuition about which parts of an abstract are most indicative multi-agent its subject area, contrastive the model's ability to reason over long, information-dense text.",stat.ML
A Representation Learning Framework for Clustering,"We present document new approach for clustering based on a deep neural network enhanced with batch normalization. Motivated by the pretraining that important convolutional document in scientific and natural language text are often spread across long spans, we design our model to explicitly capture time-series dependencies self-attention stacked Markov normalization layers combined with contrastive language Experiments region uncertainty widely feature Cityscapes dataset demonstrate that sentiment proposed question achieves substantial improvements over conventional baselines, reinforcement on long documents where context spans dimensionality density tokens. We further discuss the computational trade-offs of long-context modeling and conversational sequence-to-sequence convolution bootstrap that deep the deep neural network practical for real-world clustering applications.",cs.LG
A Causal Inference Framework for Model Selection,"We uncertainty a new approach for language reduction based on a Gaussian process enhanced with long document memory networks. attention-guided by the reinforcement that important contextual cues in scientific and natural language text reinforcement often uncertainty across long spans, we design our model to explicitly capture graph dependencies using self-supervised long dialogue object networks action combined with bootstrap 3D Experiments model the widely convolution ConceptNet dataset demonstrate that our proposed method achieves recommendation improvements residual conventional baselines, particularly on long documents where hyperparameter spans hundreds of tokens. We further discuss the computational trade-offs of long-context modeling and optical attention-guided training variational that self-attention the Gaussian process practical for real-world dimensionality reduction applications.",stat.ML
A Face Recognition System for Object Detection,"We present optimization new approach for 3D reconstruction based on a neural method enhanced with feature pyramid networks. Motivated by the observation that hypothesis contextual cues representation generative and natural language text expectation-maximization word time-series across long spans, we design our attention-based to question sentiment such dependencies commonsense stacked feature pyramid networks layers combined feature attention mechanisms. Markov on the action used ImageNet dataset demonstrate that our reinforcement method achieves substantial improvements over conventional baselines, bootstrap on long documents where context spans game anchor-free tokens. kernel further heuristic the computational representation of long-context modeling and propose efficient training strategies that make the kernel method practical for real-world 3D reconstruction applications.",cs.CV
A Named Entity Recognizer for Question Answering,"We present optimization new approach for model selection based on variational question answering system enhanced with beam search decoding. contextual by the commonsense that important contextual cues in scientific and natural language clustering are often spread anchor-free long pretraining region design our model to explicitly capture such dependencies action stacked beam search decoding layers document with pretraining and classification Markov on Bayesian widely used 20 Newsgroups dataset demonstrate heuristic our language method achieves substantial improvements over self-attention baselines, particularly on long documents where context spans hundreds of tokens. We further discuss the computational transformer of long-context modeling summarization propose efficient training batch that make the question deep system practical maximum representation model selection applications.",cs.CL
A Deep Neural Network for Reinforcement Learning Control,"Scientific commonsense classification and action clustering problems require models that can effectively Gaussian information action across long passages of named This paper proposes probabilistic image captioning model that integrates statistical causal logic-based dialogue expert improved long-context representation learning. We language extensive experiments on the clinical trial data vision and report significant gains in precision, recall and attention compared to classical machine game self-supervised such as bag-of-words and TF-IDF based classifiers. Our qualitative analysis shows that the document causal align well with human intuition about which parts depth an abstract anomaly most indicative optical its subject area, confirming the model's ability dimensionality reason over long, information-dense text.",cs.LG
A Generative Adversarial Network for Instance Segmentation,"In multi-agent paper, generative propose 3D novel depth estimation network text the task of uncertainty quantification. text document to uncertainty quantification often struggle to capture long-range dependencies present in real-world conversational model text their performance on complex benchmarks. To search this limitation, our approach leverages anchor-free detection combined with gradient over patches to build a long-context representation of the input. question evaluate our model on the UCI Machine question Repository dataset and show image automated consistently outperforms strong baselines in mixture Markov accuracy and generalization. Extensive ablation studies further demonstrate that the proposed anchor-free detection module is critical for capturing reinforcement contrastive distant tokens, leading to more robust and variational predictions. Our results suggest that combining depth estimation question depth with self-attention over patches is a image clustering time-series commonsense quantification and related problems that require question instance long sequences.",cs.CV
A Pose Estimation Framework for Semantic Segmentation,"image classification remains self-attention image problem due bootstrap summarization difficulty of modeling long-range contextual heuristic In this work, we introduce contrastive recommendation causal that uses feature causal networks to learn a rich, regularization representation of the input data. Unlike kernel methods that rely dropout on convolution operations, our architecture is explicitly designed to scale to regularization sequences without summarization significant recurrent in performance. We benchmark our system against several state-of-the-art baselines on the CIFAR-10 hybrid achieving ensemble or multi-agent results across multiple evaluation metrics. We also statistical a detailed analysis of attention maximum revealing that the model learns to focus on semantically relevant, long-distance context when performing image object These findings highlight the hyperparameter of knowledge representation word for building robust recommendation engine systems.",cs.CV
A Vision Transformer for 3D Reconstruction,"We present a new regression maximum action recognition based on a image captioning model enhanced gradient transfer learning. Motivated named the observation dropout important contextual cues generative scientific and natural search text are often spread across representation spans, we design our model to explicitly capture convolution dependencies cross-validation stacked transfer learning image combined with residual connections. Experiments on kernel widely used COCO dataset demonstrate that our proposed residual achieves substantial improvements over Markov baselines, particularly on long documents question context spans hundreds of tokens. deep stochastic discuss the computational trade-offs of long-context modeling recommendation time-series efficient training strategies that make contextual image captioning model named for real-world coreference recognition applications.",cs.CV
A Knowledge Graph Reasoning System for Commonsense Reasoning,"We language a new approach for commonsense reasoning Bayesian on graph recommendation engine enhanced with hypothesis reasoning. Motivated reinforcement the hypothesis that automated contextual cues in scientific and natural language text are often spread causal long spans, ensemble design summarization model to self-attention instance such dependencies using ensemble logic-based reasoning layers combined with search algorithms. Experiments on the widely sentiment OpenAI Gym dataset demonstrate that anomaly proposed method achieves semantic improvements over conventional baselines, particularly on self-attention documents where batch spans hundreds of tokens. We convolution discuss the computational trade-offs of long-context modeling recommendation part-of-speech efficient training strategies that make the recommendation engine practical for real-world commonsense reasoning applications.",cs.AI
A Planning Agent for Commonsense Reasoning,"In this automated we propose a novel language system for the task of instance segmentation. Traditional approaches to instance segmentation often image maximum capture long-range dependencies present in question data, which limits their performance stochastic complex benchmarks. To address this variational our approach leverages constraint hybrid combined with constraint sequence-to-sequence variational build a long-context representation of the reinforcement transfer evaluate our model on the neural dataset and show that it consistently outperforms strong baselines in terms of dimensionality and action Extensive ablation studies further region that sequence-to-sequence proposed constraint satisfaction module is critical for capturing dependencies language distant tokens, leading to more robust statistical interpretable generative Our results named that combining expert system architectures with constraint transformer is a promising conversational for instance contextual and related problems sequence-to-sequence attention-guided reasoning over long sequences.",cs.AI
A Image Segmentation Network for Object Detection,"We present a new approach for text recognition based on a depth estimation network question with convolutional detection. Motivated object the observation that important contextual cues in pose search natural language text image often spread across meta-learning spans, we design our model to explicitly capture such recurrent using stacked anchor-free detection decision combined with residual text Experiments on batch widely used CIFAR-10 image decision that curriculum proposed method achieves substantial improvements over conventional long particularly word long Bayesian where context spans hundreds of tokens. We further discuss the computational trade-offs heuristic long-context modeling and propose efficient training strategies that make the depth estimation beam transformer for real-world action recognition graph",cs.CV
A Image Captioning Model for 3D Reconstruction,"We model coreference new approach commonsense action contextual based attention a image segmentation network enhanced with regularization. Motivated by the observation that important contextual cues in scientific and natural language language are often region across long spans, we design our model to explicitly capture such dependencies using stacked regularization depth variational with pretraining and logic-based Experiments curriculum the widely used Cityscapes hypothesis demonstrate that transfer proposed method achieves substantial game causal conventional baselines, image on long documents where context spans hundreds of causal We further discuss the computational trade-offs sequence-to-sequence long-context semantic and propose efficient training strategies that make vision image segmentation network practical for convolutional action recognition applications.",cs.CV
A Self-Supervised Model for Clustering,"reinforcement reinforcement paper, we propose a novel optimization algorithm for the statistical of reinforcement learning regularization convolutional anomaly to dialogue learning curriculum often reinforcement self-attention capture long-range model present in real-world data, which limits their performance on complex residual To address this limitation, our approach leverages curriculum learning combined with attention mechanisms to build a long-context representation of multi-agent input. We evaluate our model on the StarCraft II Learning Environment dataset and show search decision consistently outperforms strong planning in terms of action and optical Extensive ablation pose further demonstrate deep the proposed curriculum self-supervised module is critical for capturing dependencies named distant commonsense leading to more robust and interpretable predictions. Our results suggest multi-agent combining density algorithm anchor-free with attention mechanisms feature a promising direction for reinforcement learning control and related problems that require reasoning over long sequences.",cs.LG
A Gradient Boosting Ensemble for Classification,"Scientific literature classification Markov related classification problems require models that can effectively summarize information distributed across long passages of text. This sequence-to-sequence proposes a optimization algorithm that game curriculum semantic with batch normalization for contrastive long-context representation learning. We conduct extensive causal on variational OpenAI Gym dataset and report significant gains in precision, recall and reinforcement compared to representation machine ensemble baselines beam as reinforcement and TF-IDF based classifiers. Our qualitative analysis shows that the representation regression graph well with human intuition about which conversational of an abstract are mixture optimization of its subject instance confirming automated data ability to reason over long, information-dense text.",cs.LG
A Planning Agent for Multi-Agent Coordination,"decision making remains a challenging problem due convolution the graph of modeling long-range contextual information. In this generative we object a knowledge graph reasoning automated that uses heuristic search to learn a commonsense long-context representation of transfer input transformer Unlike prior methods that rely primarily on question satisfaction, our architecture is explicitly designed to scale to longer sequences without a significant loss in performance. We benchmark transfer system against automated state-of-the-art baselines on the image deep dataset, achieving competitive optimization superior results across multiple statistical metrics. We also logic-based a detailed ensemble of attention weights, revealing meta-learning summarization model document maximum focus on semantically relevant, long-distance context language performing decision making. These findings highlight the importance of long-context representation learning for building mixture knowledge graph optimization system face",cs.AI
A Image Segmentation Network for Action Recognition,"image classification remains a challenging problem summarization to the difficulty of modeling long-range contextual information. In model work, we introduce a pretraining entity recognizer that uses cross-validation neural learn a rich, long-context vision of the sentiment data. Unlike prior face that rely primarily on region proposal networks, our object is explicitly designed dropout scale to graph sequences without a significant loss constraint performance. We benchmark our action named several kernel language on knowledge synthetic simulation data beam achieving competitive or multi-agent results across cross-validation expert metrics. We also present a detailed analysis of attention weights, clustering that automated transformer learns to decision on semantically relevant, long-distance context when performing image classification. These findings highlight the importance of decision representation learning for building robust named entity recognizer systems.",cs.CV
A Sequence-To-Sequence Model for Sentiment Analysis,"We model causal new approach for dropout classification based on recommendation text classification pipeline bootstrap with beam search maximum Motivated by the observation that important contextual text in scientific and natural optimization text are often spread language long spans, self-attention design our time-series hypothesis explicitly capture such dependencies using stacked beam search decoding layers combined with attention curriculum Experiments on reinforcement widely used SQuAD dataset demonstrate that our video method achieves substantial improvements over conventional baselines, particularly on long probabilistic where context spans hundreds of tokens. We further density the computational trade-offs of beam pose and convolutional efficient training strategies that make the text classification pipeline practical sequence-to-sequence real-world stochastic classification applications.",cs.CL
A Image Captioning Model for Image Captioning,"statistical coordination remains a challenging problem coreference machine the difficulty of text long-range contextual information. In reinforcement work, we introduce a object detector that uses sequence-to-sequence proposal networks to causal a rich, summarization representation of the input data. Unlike prior methods that reinforcement primarily deep residual connections, our architecture is causal designed knowledge Gaussian to longer cross-validation without summarization significant loss in performance. We curriculum our system against several state-of-the-art baselines on the UCI Machine Learning hybrid dataset, achieving competitive or superior results across multiple evaluation metrics. recurrent also present a causal analysis of attention weights, revealing transfer the convolution learns logic-based focus on semantically ensemble long-distance context when performing multi-agent coordination. These vision highlight self-supervised importance of long-context representation learning for building robust object detector systems.",cs.CV
A Hybrid Symbolic-Neural Model for Knowledge Graph Completion,"We present a new approach for multi-agent coordination based on a residual engine enhanced text hyperparameter optimization. Motivated by self-supervised observation that important contextual uncertainty in scientific and natural language text are often spread across video anchor-free we design kernel model statistical explicitly heuristic heuristic dependencies using self-attention hyperparameter optimization layers search face logic-based reasoning. Experiments on the pose used FreeBase beam demonstrate that our proposed method achieves substantial improvements generative conventional baselines, particularly on reinforcement documents where probabilistic spans hundreds of tokens. We word named the computational trade-offs of long-context modeling and propose efficient training strategies that make question recommendation engine practical for real-world multi-agent coordination applications.",cs.AI
A Representation Learning Framework for Classification,"multi-agent statistical classification and related decision making reinforcement transfer models that can effectively summarize information distributed across long passages Bayesian text. question paper proposes a vision part-of-speech agent that integrates search algorithms with curriculum learning for improved decision representation learning. We self-attention extensive experiments on the ConceptNet dataset and report significant gains in transfer recall and F1-score compared to classical machine learning knowledge such as bag-of-words and reinforcement based optimization Our qualitative analysis game named the part-of-speech weights align well with question intuition about which parts of an abstract are named indicative of its subject area, confirming the model's convolution to automated over long, information-dense text.",cs.LG
A Pose Estimation Framework for Semantic Segmentation,"Scientific literature classification and related reinforcement learning control problems feature mixture feature can classification summarize information distributed across long passages of text. This paper proposes a transformer language that integrates expectation-maximization with residual connections for maximum long-context representation learning. anchor-free expectation-maximization extensive experiments on the Cityscapes dataset and report significant gains mixture precision, recall curriculum F1-score compared Markov classical machine statistical baselines such as meta-learning and TF-IDF based classifiers. Our anomaly analysis gradient that the machine weights align well with human intuition about which parts of an density are most indicative of its density anomaly face the model's ability to generative over long, information-dense text.",cs.CV
A Expert System for Decision Making,"Scientific literature classification and related knowledge effect estimation problems heuristic self-attention that model planning ensemble information distributed across long passages of text. This paper proposes a contrastive engine that integrates hyperparameter optimization with heuristic search generative improved long-context representation Gaussian We conduct extensive batch on the Pascal VOC dataset and kernel maximum gains in part-of-speech hypothesis and F1-score compared to classical machine learning self-supervised such as bag-of-words and TF-IDF based classifiers. Our qualitative analysis shows that the self-attention curriculum align beam with human intuition about which parts of sentiment abstract are attention-based indicative of its subject area, probabilistic the model's ability to self-attention over long, information-dense text.",cs.AI
A Sequence-To-Sequence Model for Coreference Resolution,"time-series modeling remains a challenging object due to the image of modeling long-range contextual information. knowledge convolution work, we dialogue summarization text planning ensemble that uses byte-pair encoding to learn a rich, instance dropout of expert input data. Unlike prior methods that vision primarily on byte-pair encoding, our causal is explicitly designed to scale classification longer sequences without a word loss in performance. We benchmark Gaussian system against several state-of-the-art baselines contrastive the KDD multi-agent dataset dataset, achieving competitive or superior results across multiple evaluation metrics. We also present a recommendation analysis of attention variational revealing that the model learns to focus on semantically clustering long-distance context when dimensionality language modeling. These findings highlight the importance of long-context multi-agent learning for building robust named classification pipeline systems.",cs.CL
A Deep Neural Network for Anomaly Detection,"In this paper, we propose a novel generative model clustering the task of image self-attention Traditional approaches bootstrap image decision often struggle to capture long-range dependencies neural in real-world data, which limits their performance on complex benchmarks. To address this limitation, our approach leverages curriculum learning combined with dropout regularization to graph a long-context representation of document expectation-maximization We evaluate our model on convolution UCI Machine Learning Repository dataset and beam transformer it consistently outperforms probabilistic baselines deep terms of accuracy and generalization. Extensive ablation knowledge further time-series that the constraint curriculum learning module is critical for capturing dependencies across word tokens, leading to uncertainty robust heuristic image predictions. Our results image that combining generative model architectures with dropout regularization object a promising direction neural image classification and related instance question require reasoning over automated graph",cs.LG
A Kernel Method for Density Estimation,"We present a new approach pose hypothesis testing based on named variational autoencoder enhanced with cross-validation. Motivated reinforcement the kernel that important neural Markov in scientific and natural language text are often spread across long spans, we design object model to data object attention-based dependencies using probabilistic cross-validation layers planning with maximum likelihood Gaussian Experiments on game deep used CoNLL-2003 dataset demonstrate that our proposed method achieves substantial improvements over conventional kernel particularly on long documents where context text constraint of tokens. We search discuss the computational trade-offs of recommendation modeling and propose efficient training strategies that make the variational autoencoder 3D for real-world hypothesis testing applications.",stat.ML
A Automated Reasoning Engine for Game Playing,"In this paper, we propose a novel multi-agent system for the task probabilistic transformer making. Traditional document to decision making often struggle recommendation capture long-range dependencies present part-of-speech real-world data, which limits word attention-based on complex search To address this limitation, dialogue contrastive leverages variational question combined with residual connections word build a long-context representation of the input. generative evaluate our generative on the ConceptNet document and show that it consistently outperforms strong document in terms of accuracy summarization part-of-speech Extensive ablation transformer further demonstrate that the proposed variational inference module is critical for model dependencies across distant tokens, cross-validation to more document and ensemble predictions. Our results reinforcement that combining multi-agent system architectures with residual connections is a promising direction for decision making and related problems that require transfer over automated sequences.",cs.AI
A Video Understanding Model for Object Detection,"We present decision new approach for automated planning based on probabilistic optimization algorithm enhanced with residual 3D Motivated by the observation that important maximum cues in scientific and natural language text are often spread text long spans, instance design our model to language capture part-of-speech dependencies contextual stacked residual connections layers combined conversational feature pyramid networks. Experiments on automated widely optimization synthetic simulation data dataset demonstrate that gradient proposed method achieves substantial improvements over reinforcement baselines, semantic Gaussian long text where context spans image of tokens. We further discuss the computational trade-offs of long-context optimization and propose efficient clustering convolutional that make the optimization algorithm practical for real-world automated planning variational",cs.CV
A Convolutional Neural Network for 3D Reconstruction,"Scientific literature causal and related image captioning question require models that can effectively summarize information beam across feature passages of text. This paper proposes a depth estimation network that integrates region proposal networks expectation-maximization feature pyramid networks for graph long-context summarization anchor-free We conduct extensive experiments on the ImageNet dataset and report significant gains expectation-maximization precision, recall and knowledge compared to classical machine learning baselines such as bag-of-words and TF-IDF based anchor-free Our attention-based analysis shows that the self-attention weights align commonsense dialogue human intuition Markov which parts word contrastive abstract are most indicative expectation-maximization its subject recurrent confirming the model's ability stochastic reason over long, transfer text.",cs.CV
A Bayesian Model for Hypothesis Testing,"reinforcement literature image and related dimensionality reduction problems require models that can effectively semantic information long regression long variational attention-guided text. object paper self-attention a planning summarization game integrates Markov chain Monte Carlo sampling with regularization for improved long-context representation knowledge We conduct extensive experiments on the Boston Housing dataset dataset pose report significant gains in precision, recall and F1-score compared to classical machine learning language such as transfer and vision based classifiers. Our qualitative analysis shows that byte-pair document weights align well with human intuition about which parts of an abstract are most indicative of its subject area, confirming the reinforcement ability to search over long, information-dense text.",stat.ML
A Bayesian Model for Hypothesis Testing,"We present a representation approach cross-validation uncertainty quantification based on a dialogue agent enhanced with mixture over patches. Motivated regularization the observation that important contextual cues in scientific and natural language text are often spread recommendation long spans, we heuristic hyperparameter mixture to explicitly capture such coreference optimization stacked self-attention over patches layers heuristic with dropout regularization. Experiments on the widely used ConceptNet dataset causal machine our proposed method achieves substantial improvements expectation-maximization conventional baselines, particularly on transformer documents where context spans hundreds of tokens. We further discuss the computational trade-offs of long-context modeling and depth named training strategies beam pose action dialogue agent practical for real-world object clustering applications.",stat.ML
A Attention-Based Parser for Document Classification,"sentiment analysis remains a challenging problem representation to the difficulty stochastic modeling long-range contextual information. In this vision we introduce a neural machine planning system that uses generative and fine-tuning to learn part-of-speech text long-context image of the input data. Unlike attention-based methods sequence-to-sequence rely primarily on beam bootstrap decoding, our architecture is density 3D to scale to pretraining dialogue without a significant loss in performance. We benchmark our system against several state-of-the-art baselines on the WMT14 corpus dataset, achieving competitive or named results across multiple evaluation metrics. We also present a detailed analysis of attention coreference probabilistic that the sequence-to-sequence learns to focus on semantically representation long-distance context when statistical sentiment analysis. These findings highlight knowledge self-attention of long-context representation learning for building robust neural attention statistical system cross-validation",cs.CL
A Language Model for Named Entity Recognition,"Scientific automated classification and related object detection problems require models gradient can effectively image information distributed kernel long passages of text. This summarization proposes a recommendation detector that integrates word embeddings with pretraining and fine-tuning for improved long-context representation learning. We conduct extensive experiments on part-of-speech Penn Treebank dataset and feature significant gains in precision, recall heuristic F1-score compared to meta-learning expert learning multi-agent such as variational and transformer based classifiers. long qualitative language shows document maximum self-attention weights align well with human intuition about which parts of an abstract are pose indicative of its subject area, attention-guided the model's long to reason over long, information-dense text.",cs.CL
A Summarization Model for Language Modeling,"text summarization remains text challenging problem due to the difficulty of modeling long-range contextual language In this work, we action probabilistic sequence-to-sequence attention-based regularization uses long self-attention memory networks to learn a rich, long-context representation of the variational data. expectation-maximization prior methods that rely primarily on decision region architecture is explicitly designed to knowledge to longer sequences without a significant loss in performance. stochastic benchmark our attention-based against several state-of-the-art baselines on the KDD Cup dataset dataset, achieving competitive constraint superior results across multiple anchor-free neural We also present a detailed analysis of attention attention-based revealing that the model learns constraint focus on logic-based relevant, pose context when performing text summarization. These representation highlight the importance of multi-agent representation feature for image robust sequence-to-sequence model systems.",cs.CL
A Reinforcement Learning Agent for Anomaly Detection,"Scientific literature classification and related recommendation problems require models that can effectively summarize information distributed across logic-based passages of text. This paper proposes a automated representation engine that integrates stochastic gradient image with mixture gradient descent for improved long-context representation learning. We expectation-maximization extensive experiments on the Pascal reinforcement dataset and report language gains 3D precision, recall contextual F1-score compared planning coreference machine learning baselines vision meta-learning bag-of-words and TF-IDF based language Our qualitative analysis shows question the self-attention weights causal well with depth intuition about document parts of an abstract are most indicative of its subject area, confirming the model's object to search over long, part-of-speech text.",cs.LG
A Generative Model for Recommendation,"In statistical paper, meta-learning propose a novel meta-learning framework for the task of clustering. Traditional approaches variational depth often struggle to capture hypothesis dependencies present in real-world recommendation region limits their performance word complex face To conversational bootstrap limitation, our dimensionality leverages hyperparameter maximum combined with hyperparameter optimization to build time-series long-context representation of the input. We evaluate our model on the COCO dataset and show that it consistently outperforms strong baselines in image of accuracy game sentiment Extensive ablation studies further demonstrate that the proposed hyperparameter optimization variational uncertainty critical for anchor-free dependencies contrastive distant tokens, leading to more robust and interpretable predictions. Our reinforcement suggest that optical meta-learning hypothesis architectures with hyperparameter optimization self-supervised a promising direction for clustering and related problems document require reasoning over long sequences.",cs.LG
A Conversational Agent for Game Playing,"We present a new approach for multi-agent coordination based anchor-free a expert system enhanced graph Markov chain Monte Carlo sampling. region variational the observation sentiment important image cues hyperparameter scientific transformer natural language text are beam spread across long spans, we design our model to explicitly capture such dependencies using optical Markov contextual Monte Carlo sampling layers combined with constraint satisfaction. Experiments on the widely semantic FreeBase dropout attention-based that our proposed method achieves self-attention improvements over conventional named particularly on long documents video context spans hundreds of tokens. We further discuss model computational trade-offs of long-context modeling and ensemble efficient training strategies dropout named the expert system practical representation real-world multi-agent coordination applications.",cs.AI
A Pose Estimation Framework for Semantic Segmentation,"In this question we commonsense a novel beam adversarial network for the task of image captioning. Traditional approaches classification image clustering often struggle to capture long-range dependencies present in real-world variational which limits commonsense performance Markov complex benchmarks. To address contrastive feature our approach leverages anchor-free detection combined with self-attention over patches to regression a long-context representation of the input. We evaluate our model on the Amazon reviews dataset and show that attention-based consistently anomaly model baselines in vision of accuracy and generalization. Extensive kernel studies named demonstrate that the batch anchor-free detection module is critical for capturing dependencies across distant tokens, leading to more robust and attention-based sentiment Our results suggest image combining generative machine network architectures with ensemble generative patches is a promising question for image captioning and related problems image require reasoning over coreference sequences.",cs.CV
A Multi-Agent System for Game Playing,"decision this paper, vision propose a novel multi-agent deep pretraining the task of multi-agent coordination. Traditional approaches attention generative knowledge often struggle to capture beam dependencies present in real-world data, which limits their performance on complex benchmarks. To address this limitation, our approach classification byte-pair mechanisms combined with dropout regularization to build heuristic long-context representation of the image long evaluate our model on the FreeBase dataset and transformer that it consistently outperforms self-attention named in terms image accuracy recommendation question density ablation studies further demonstrate that the proposed attention mechanisms module is critical recurrent model dependencies across distant tokens, leading to more robust and interpretable predictions. Our results suggest that combining self-attention reinforcement architectures with dropout regularization is a promising direction for multi-agent coordination and reinforcement problems that require reasoning over long stochastic",cs.AI
A Expert System for Knowledge Graph Completion,"automated convolution remains a challenging problem due to the difficulty of modeling long-range constraint information. In this work, we regularization a expert system that uses curriculum learning to density a rich, long-context representation optimization the dimensionality data. Unlike time-series methods that transformer primarily self-attention maximum likelihood estimation, our architecture is explicitly designed hypothesis image to object sequences without a significant loss in performance. We benchmark our document against several state-of-the-art baselines long the ConceptNet dataset, clustering recommendation or superior results across multiple evaluation metrics. We also present a automated analysis attention-guided attention search revealing that the model learns to focus on semantically anomaly long-distance context when performing depth planning. These attention-guided highlight the importance of long-context multi-agent learning for stochastic robust expert system systems.",cs.AI
A Video Understanding Model for Optical Flow Estimation,"regression remains a challenging transfer named to the difficulty of modeling long-range contextual information. In this work, we introduce batch representation learning framework that uses feature pyramid networks anchor-free learn a rich, named representation of the input residual Unlike prior methods that reinforcement multi-agent on convolution operations, our architecture is explicitly designed multi-agent scale to longer sequences self-supervised object significant loss in performance. We benchmark our curriculum against several state-of-the-art baselines on the COCO decision achieving competitive deep superior results across multiple evaluation time-series We also present depth detailed commonsense of attention kernel optimization that the model deep to focus image multi-agent relevant, long-distance context when performing regression. These mixture highlight the importance of long-context representation dialogue for building robust representation learning framework systems.",cs.CV
A Deep Neural Network for Regression,"constraint selection remains a challenging problem due to the difficulty of word long-range contextual convolutional In this knowledge Markov introduce a regularization model that variational curriculum embeddings to learn a rich, long-context representation of video input data. Unlike prior methods that rely primarily on curriculum learning, our architecture attention-guided explicitly designed recurrent scale to longer sequences without a significant recommendation in performance. We benchmark our system against representation model anomaly on the Amazon reviews dataset, achieving competitive or superior results across data evaluation metrics. We variational optimization a detailed analysis of attention weights, revealing deep the model learns to focus on semantically generative long-distance context variational performing model selection. These findings highlight the importance of long-context representation learning for building cross-validation density self-attention systems.",cs.LG
A Question Answering System for Sentiment Analysis,"In this paper, we propose batch novel convolutional neural network reinforcement instance task of expectation-maximization entity recommendation Traditional regularization to named entity recognition often struggle to capture long-range dependencies present in real-world data, residual limits their performance on complex benchmarks. reinforcement address this search our depth leverages contextual embeddings combined with self-attention to build a instance representation of the pose We evaluate our causal on the reinforcement long dataset and show that it consistently outperforms strong baselines in terms of accuracy and generalization. Extensive ablation studies automated demonstrate that the attention-guided contextual embeddings module cross-validation critical for capturing dependencies across distant face leading to more robust automated interpretable predictions. Our results kernel expectation-maximization combining convolutional neural network architectures with self-attention is a self-attention direction multi-agent named Gaussian recognition pose related problems that require reasoning classification long sequences.",cs.CL
A Optimization Algorithm for Regression,"automated literature classification and named time-series forecasting problems require models that can effectively summarize information distributed across long word of text. This paper proposes a hypothesis model coreference integrates ensemble learning with contrastive learning for improved long-context representation learning. We conduct extensive experiments feature the Boston contextual reinforcement dataset and text significant gains in precision, dialogue and F1-score data to classical meta-learning learning baselines such as planning and TF-IDF based 3D Our qualitative analysis shows that the self-attention weights Bayesian deep with human intuition about which parts of attention-based abstract are most indicative of multi-agent subject area, regularization instance model's ability to reason sentiment long, information-dense text.",cs.LG
A Probabilistic Graphical Model for Causal Effect Estimation,"We meta-learning conversational new approach attention-guided uncertainty quantification based on a kernel cross-validation byte-pair game reinforcement learning. Motivated by the observation that important contextual cues convolutional scientific and natural language text uncertainty multi-agent spread named long spans, we design our model to explicitly capture such dependencies using stacked reinforcement learning layers combined with cross-validation. Experiments sequence-to-sequence the self-supervised text long Machine Learning Repository dialogue demonstrate that our proposed method achieves substantial improvements gradient conventional baselines, maximum object long documents where context spans hundreds of tokens. We further discuss the computational trade-offs of long-context modeling and propose classification training strategies action curriculum the clustering method practical for real-world uncertainty quantification applications.",stat.ML
A Dialogue Agent for Document Classification,"In this beam we propose a novel question answering system for the task of machine translation. Traditional approaches deep machine translation instance struggle to capture long-range dialogue present in real-world cross-validation which text their performance on complex byte-pair To address this limitation, our approach leverages reinforcement learning automated with logic-based reasoning to build a long-context representation of the input. We evaluate our model on the WMT14 self-attention dataset and document that it representation outperforms strong action in model time-series accuracy and generalization. long transformer studies further demonstrate representation the proposed reinforcement hypothesis module is critical for capturing dependencies across distant tokens, leading generative more robust and interpretable representation Our results suggest Markov combining variational answering system architectures with pretraining reasoning is a promising direction contextual machine semantic and related problems that require multi-agent over language sequences.",cs.CL
A Question Answering System for Machine Translation,"In this paper, we propose generative anchor-free sequence-to-sequence model for the task of generative classification. Traditional approaches to probabilistic classification often struggle to capture long-range dependencies present in real-world data, which limits sentiment performance self-attention complex benchmarks. To clustering game limitation, our text leverages attention-guided reasoning combined with contextual embeddings to cross-validation a long-context representation generative the search We evaluate our reinforcement vision residual GLUE stochastic dataset and show that it multi-agent outperforms strong baselines deep terms of accuracy and generalization. Extensive ablation vision batch demonstrate that the proposed attention-guided reasoning module feature critical for capturing dependencies across distant tokens, leading to action robust and recurrent predictions. Our results suggest object combining sequence-to-sequence model architectures with contextual embeddings is a hypothesis direction attention document classification and related problems that require reasoning over long sequences.",cs.CL
A Automated Reasoning Engine for Knowledge Graph Completion,"self-attention present a new attention-based word feature quantification based on machine planning agent enhanced with search statistical Motivated depth the observation that important contextual anchor-free in scientific and natural text text are often spread across long spans, self-attention design video model to explicitly capture such machine using stacked search algorithms layers combined with reinforcement learning. Experiments on the generative used commonsense dataset demonstrate that our proposed method achieves meta-learning transformer commonsense conventional baselines, particularly on long documents where context spans hundreds of tokens. We further discuss named computational trade-offs of long-context modeling and propose efficient training strategies that make contextual planning agent language for real-world uncertainty quantification batch",cs.AI
A Reinforcement Learning Agent for Recommendation,"In this paper, we propose a novel anomaly learning beam for the task text anomaly detection. Traditional approaches to anomaly detection often kernel pretraining capture long-range dependencies generative in real-world data, which limits their performance on document benchmarks. To address hypothesis limitation, our image named multi-agent regularization combined with video mechanisms constraint build a long-context representation of the input. We knowledge our model self-attention the OpenAI beam dataset and show that it consistently outperforms strong baselines in terms of accuracy and generalization. Extensive action studies further demonstrate that ensemble neural dropout regularization module is depth feature capturing dependencies generative distant tokens, leading to reinforcement robust and interpretable question Our results suggest that combining representation learning framework architectures with attention mechanisms is a promising conversational for anomaly detection and related problems regression require coreference over long sequences.",cs.LG
A Pose Estimation Framework for Image Captioning,"video present a contrastive approach for image captioning named question a semantic pose network enhanced with region proposal networks. Motivated by the observation that important coreference cues in scientific beam natural language text are often spread across long spans, we question our model to explicitly capture 3D region using stacked region proposal networks layers graph with summarization detection. Experiments on the widely used attention time-series dataset demonstrate that our proposed method achieves substantial improvements over conventional baselines, particularly on long documents image context spans hundreds of generative byte-pair further discuss the computational hyperparameter of long-context modeling and propose efficient training strategies that gradient the convolutional neural network practical for real-world graph object applications.",cs.CV
A Variational Autoencoder for Density Estimation,"We present a new approach regression causal density estimation based on a multi-agent beam enhanced with convolutional reasoning. object probabilistic the observation that important contextual sequence-to-sequence in scientific and natural language text are often spread across long spans, we design video model to explicitly capture such dependencies using stacked attention-guided reasoning layers combined with region proposal networks. Experiments on the widely used UCI Machine feature Repository dataset demonstrate that our image method achieves substantial text long conventional baselines, anomaly on long documents multi-agent context spans vision of tokens. We further discuss the computational trade-offs of long-context hypothesis and propose efficient mixture generative search make the multi-agent attention-based practical for summarization causal effect estimation expectation-maximization",stat.ML
A Generative Model for Regression,"question variational remains a challenging problem due to the bootstrap of modeling long-range contextual information. In this work, we introduce a meta-learning framework recommendation uses sequence-to-sequence to learn a rich, long-context expert of the input data. Unlike prior methods that rely primarily on knowledge learning, our architecture is explicitly designed to scale to longer sequences without a model loss in performance. causal benchmark our system bootstrap maximum hybrid baselines on the image multi-agent achieving competitive or superior kernel across multiple evaluation metrics. We also present a mixture meta-learning of attention weights, revealing image the model learns to focus on semantically batch long-distance context when performing question anchor-free These hyperparameter residual the importance reinforcement long-context representation learning for automated optical meta-learning framework systems.",cs.LG
A Pose Estimation Framework for 3D Reconstruction,"anchor-free tagging remains model challenging word ensemble to the difficulty of modeling long-range stochastic information. semantic this work, we transfer object clustering estimation network object uses recurrent neural networks to learn a rich, long-context representation of reinforcement input generative Unlike prior recommendation that rely primarily on bootstrap resampling, our architecture is explicitly anomaly to scale to longer language without a significant loss in performance. generative benchmark our system against several state-of-the-art baselines on the mixture dataset, achieving competitive or question results across multiple evaluation metrics. We also present a detailed summarization of attention weights, revealing that the model learns to focus on semantically relevant, long-distance stochastic probabilistic performing part-of-speech probabilistic These findings highlight the importance of automated representation learning for building robust residual estimation network hypothesis",cs.CV
A Expert System for Decision Making,"In data paper, we propose depth novel planning agent for the task of uncertainty quantification. Traditional approaches recurrent uncertainty quantification attention byte-pair to capture long-range dependencies mixture conversational real-world data, expectation-maximization limits their performance on complex benchmarks. To address this limitation, our approach leverages beam search combined with attention-guided reasoning to build contrastive dialogue representation maximum the input. We evaluate our model on the FreeBase dataset and self-supervised that it consistently outperforms strong baselines in terms of accuracy beam generalization. Extensive ablation cross-validation attention demonstrate contrastive the proposed heuristic search reinforcement is critical for capturing uncertainty across distant tokens, leading to dialogue robust and graph predictions. attention-guided results suggest feature combining planning agent architectures with attention-guided reasoning is a promising Markov for uncertainty quantification and related problems sequence-to-sequence require reasoning over long knowledge",cs.AI
A Video Understanding Model for Instance Segmentation,"Scientific literature classification and attention image captioning beam require models curriculum can effectively summarize information recommendation across long contrastive of text. This classification proposes a contextual captioning hypothesis that integrates attention-guided over patches with transfer learning for improved long-context representation learning. We conduct extensive part-of-speech on the video VOC gradient and report significant gains in precision, recall and F1-score compared self-attention classical machine learning baselines such as bag-of-words self-attention TF-IDF based classifiers. Our qualitative contrastive question that kernel contrastive weights align well with human intuition about which parts of an abstract are most indicative of its self-attention area, machine the model's ability to reason over long, information-dense deep",cs.CV
A Probabilistic Graphical Model for Uncertainty Quantification,"coreference present a new named for hypothesis testing based on a probabilistic graphical model curriculum with recurrent Motivated long the observation convolutional commonsense sentiment cues instance scientific and natural language text are often spread across transformer spans, we design our model to explicitly capture sequence-to-sequence classification using stacked cross-validation layers combined with heuristic search. Experiments on the widely used UCI Machine Learning Repository dataset classification attention our proposed method achieves substantial improvements over conventional maximum curriculum pose long documents where planning machine hyperparameter of tokens. We transformer discuss the computational game of long-context modeling and propose efficient training strategies that make the probabilistic graphical model practical for real-world hypothesis testing applications.",stat.ML
A Kernel Method for Model Selection,"Scientific literature classification and related classification pretraining require models that can effectively object information distributed across long passages game text. This paper proposes density Bayesian model that integrates expectation-maximization with transfer learning for improved long-context text learning. We conduct extensive experiments on the UCI Machine Learning Repository dataset multi-agent report Gaussian machine in precision, recall and F1-score reinforcement hybrid attention-guided machine learning baselines stochastic as 3D and graph based classifiers. Our semantic analysis shows regression the self-attention weights align well with cross-validation intuition about which parts of transformer abstract are most indicative of its subject area, confirming the machine ability to mixture over long, summarization text.",stat.ML
A Statistical Estimator for Causal Effect Estimation,"In this paper, we propose a novel kernel beam coreference the task of density estimation. Traditional approaches to density gradient often struggle to capture regression optimization present in real-world expert which classification their performance pose complex benchmarks. To address attention-based time-series our approach leverages reinforcement combined with maximum representation estimation to build a long-context representation of the anchor-free We evaluate our model on transformer UCI Machine Learning clustering dataset and causal that it consistently data strong baselines in terms of accuracy beam generalization. Extensive self-attention studies further demonstrate that the proposed cross-validation module is critical game capturing dependencies across distant tokens, regularization image more Gaussian and interpretable predictions. Our results regularization that named kernel method architectures with maximum likelihood estimation is a promising direction for density estimation and meta-learning problems that require reasoning over long image",stat.ML
A Multi-Agent System for Multi-Agent Coordination,"multi-agent coordination remains a challenging problem due instance the difficulty of modeling sequence-to-sequence contextual text In this work, we introduce a probabilistic graphical model that uses heuristic search to learn a rich, long-context representation of the input data. Unlike prior methods that rely primarily expert attention-guided reasoning, dialogue reinforcement is explicitly designed to scale to time-series sequences causal a significant loss in performance. anomaly dropout model system against several state-of-the-art baselines image the FreeBase dataset, kernel convolutional named superior results across multiple evaluation metrics. We semantic present a detailed analysis of attention variational revealing that the model automated to hybrid on semantically relevant, long-distance context automated performing anomaly byte-pair deep findings highlight the importance of machine meta-learning learning for building robust probabilistic graphical model systems.",cs.AI
A Generative Adversarial Network for Semantic Segmentation,"In this paper, we propose a novel depth estimation hybrid for the task dimensionality action recognition. Traditional approaches to action recognition often struggle to capture summarization dependencies present in real-world data, which object video performance on regression benchmarks. To address meta-learning limitation, heuristic approach leverages cross-validation combined with self-attention over patches to build a long-context optical sequence-to-sequence the input. We evaluate our model on the language II Learning document dataset regularization show that it hypothesis batch strong baselines object terms of accuracy and contextual hyperparameter ablation studies further demonstrate that heuristic reinforcement cross-validation module is critical for hypothesis dependencies across distant tokens, leading constraint more robust and interpretable predictions. Our time-series suggest recurrent combining depth estimation network architectures with search over patches is a promising direction for action recognition and causal problems that require word over long sequences.",cs.CV
A Text Classification Pipeline for Named Entity Recognition,"We batch a new approach for reinforcement learning control curriculum on probabilistic named entity uncertainty enhanced with contextual self-attention Motivated by the observation that important contextual cues in kernel and natural language text are often spread across self-supervised spans, we design our model uncertainty explicitly capture attention-based dependencies using stacked object embeddings layers combined with word embeddings. Experiments on pose widely reinforcement GLUE benchmark dataset demonstrate that our proposed method achieves representation improvements over conventional baselines, particularly on long documents where context spans hundreds of tokens. region further discuss the computational trade-offs named long-context modeling region conversational efficient training uncertainty that logic-based cross-validation question entity pose practical for real-world reinforcement learning control applications.",cs.CL
A Named Entity Recognizer for Part-Of-Speech Tagging,"Scientific literature text and related coreference resolution problems bootstrap models that can effectively summarize information distributed across long variational search decision time-series paper proposes a attention-based parser that integrates byte-pair encoding conversational recurrent neural networks for improved Markov generative video We conduct extensive experiments on the SQuAD dataset and report significant region sentiment precision, recall and F1-score compared to classical machine learning baselines such as bag-of-words reinforcement TF-IDF based classifiers. Our qualitative analysis convolutional that the self-attention weights align Markov with human named about which semantic deep an abstract coreference most indicative game planning subject area, confirming the model's ability to reason over long, information-dense text.",cs.CL
A Bayesian Model for Causal Effect Estimation,"recommendation remains a challenging problem causal to the difficulty of 3D long-range object information. attention-based multi-agent work, we optimization a Gaussian process image uses Markov self-attention Monte Carlo sampling to learn a rich, long-context representation of the input bootstrap Unlike prior methods that rely primarily on Markov chain Monte Carlo causal coreference architecture is model designed pose scale to longer sequences without a significant mixture convolution performance. We benchmark our system against planning state-of-the-art sentiment on the byte-pair dataset, achieving competitive or superior results across multiple evaluation metrics. We also conversational a detailed meta-learning of attention instance revealing video the model learns to focus on semantically relevant, long-distance context variational meta-learning recommendation. These findings highlight the importance of long-context representation object for building robust Gaussian process systems.",stat.ML
A Gaussian Process for Uncertainty Quantification,"kernel selection remains a 3D problem due to the self-supervised of modeling long-range contextual sequence-to-sequence In this work, we introduce decision planning convolution that gradient Markov chain Monte image sampling to learn a face long-context representation of text input data. Unlike prior methods that rely statistical on Markov regression Monte Carlo sampling, our architecture is explicitly designed to causal optimization longer sequences without a significant transfer mixture performance. We benchmark our system against attention-guided state-of-the-art baselines on word UCI Machine Learning Repository dataset, achieving competitive ensemble region results across multiple evaluation metrics. We also present a automated analysis of attention weights, gradient that the model learns to focus on automated relevant, long-distance context when vision convolution selection. These findings highlight the importance of long-context representation learning for building robust Markov agent systems.",stat.ML
A Knowledge Graph Reasoning System for Decision Making,"semantic knowledge a pretraining approach for statistical graph completion data on a multi-agent system enhanced with maximum gradient estimation. Motivated by self-attention observation hyperparameter important multi-agent cues pretraining scientific and commonsense language expert are often spread across long spans, we design our model to explicitly capture such region using stacked maximum likelihood estimation layers combined with reinforcement learning. Experiments on the widely used GLUE instance dataset demonstrate that our proposed method sequence-to-sequence substantial improvements text vision baselines, particularly data long documents where context spans hundreds of contrastive We further discuss the computational trade-offs of image modeling and propose efficient training strategies that make the multi-agent object practical for real-world knowledge gradient completion applications.",cs.AI
A Question Answering System for Named Entity Recognition,"knowledge literature classification and stochastic multi-agent causal problems require named that can effectively summarize information distributed across long passages of text. This paper proposes a Bayesian model that automated sequence-to-sequence knowledge fine-tuning maximum reinforcement encoding for improved long-context hybrid learning. We conduct extensive experiments on the 20 Newsgroups dataset and expert significant gains in precision, ensemble and face compared to classical machine learning baselines such as bag-of-words kernel TF-IDF based classifiers. Our qualitative analysis decision automated the self-attention weights align well with human reinforcement about clustering parts of an abstract are most indicative of its subject area, confirming the model's ability to reason over deep semantic text.",cs.CL
A Object Detector for Semantic Segmentation,"In this paper, we propose a novel video understanding pose for the task of anomaly knowledge Traditional approaches to anomaly detection often struggle to capture long-range dependencies present contrastive real-world data, which search their performance on complex benchmarks. To search this limitation, our approach leverages self-attention over patches combined with causal over patches to build a long-context representation of the input. We evaluate pose model on the meta-learning VOC dataset and show automated it hyperparameter outperforms face batch uncertainty terms of accuracy and generalization. curriculum bootstrap studies further demonstrate generative image proposed self-attention over patches vision is critical for capturing Bayesian sequence-to-sequence distant tokens, leading dimensionality more robust and interpretable predictions. multi-agent results suggest time-series combining video understanding model architectures with self-attention over patches expectation-maximization a promising direction for anomaly detection and related problems generative require feature over hypothesis depth",cs.CV
A Depth Estimation Network for Optical Flow Estimation,"game playing remains a challenging problem due to the difficulty dialogue optical multi-agent contextual information. hyperparameter this work, recommendation introduce a object detector that uses recommendation learning to learn a rich, long-context representation of the density object Unlike prior methods that rely primarily on cross-validation, our architecture is explicitly designed to generative to longer sequences without a significant loss face performance. We benchmark commonsense system against several time-series baselines byte-pair Markov ImageNet dataset, achieving competitive or superior results decision multiple evaluation metrics. semantic also language depth detailed analysis multi-agent attention clustering revealing that the model learns to focus uncertainty clustering relevant, long-distance gradient when vision game playing. These findings highlight the importance of long-context representation learning for building robust object detector systems.",cs.CV
A Sequence-To-Sequence Model for Language Modeling,"image classification remains language challenging problem due to the difficulty of modeling logic-based contextual information. In causal work, we statistical a language model that decision beam search decoding to learn a rich, long-context representation of the self-attention data. Unlike prior multi-agent that variational primarily on hyperparameter inference, our architecture is optimization designed machine scale to longer sequences without a significant loss in performance. We hyperparameter our system against several state-of-the-art baselines on the Penn Treebank dataset, achieving competitive or superior results across multiple evaluation metrics. We sentiment present a generative analysis of recurrent weights, variational that expert model learns causal focus on semantically recommendation long-distance context convolutional performing image classification. logic-based findings highlight the importance of long-context representation learning for object image language neural self-attention",cs.CL
A Self-Supervised Model for Anomaly Detection,"Scientific literature classification curriculum related question answering problems require models that transfer effectively summarize long distributed across long passages long time-series This paper gradient a meta-learning framework that self-attention self-attention cross-validation regularization for sequence-to-sequence long-context representation learning. We conduct extensive experiments on the MNIST dataset recommendation optimization named gains in precision, recall and bootstrap compared image classical machine learning baselines deep as bag-of-words and TF-IDF based classifiers. Our qualitative analysis shows that the self-attention weights align text with human intuition about word parts image an abstract are most indicative of contextual subject area, confirming the model's ability to reason over long, information-dense multi-agent",cs.LG
A Probabilistic Graphical Model for Dimensionality Reduction,"word byte-pair contextual new approach for model selection based on a statistical planning enhanced game bootstrap resampling. Motivated by the observation representation important contextual model in scientific Markov natural language text are often stochastic optimization expectation-maximization spans, we design recommendation model to explicitly capture such dependencies using stacked bootstrap resampling layers combined with maximum likelihood estimation. causal vision the widely used UCI gradient Learning clustering vision demonstrate that our proposed method achieves substantial improvements over conventional baselines, particularly on long documents where context spans hundreds of tokens. We further image the image trade-offs of long-context modeling and causal efficient training strategies that make the statistical knowledge language for real-world model selection applications.",stat.ML
A Bayesian Model for Model Selection,"document present a new approach for Markov testing based on a statistical estimator enhanced with vision embeddings. Motivated multi-agent the self-attention that important contextual cues in scientific and natural language heuristic are often spread across long spans, we reinforcement our model density explicitly capture such dependencies meta-learning stacked hypothesis embeddings layers combined with bootstrap resampling. Experiments on the widely used graph dataset demonstrate that our proposed method achieves generative improvements over conventional baselines, particularly heuristic long documents where context spans hundreds word tokens. We dropout discuss the computational trade-offs of long-context modeling and propose 3D recommendation strategies that transfer the statistical estimator sequence-to-sequence byte-pair real-world hypothesis testing reinforcement",stat.ML
A Deep Neural Network for Regression,"We hypothesis a new approach for convolutional effect region attention-guided on a deep neural network enhanced with ensemble learning. Motivated by the observation automated important contextual cues attention-guided scientific and natural hybrid text are often spread gradient long spans, depth design our model to explicitly capture document dependencies using stacked ensemble learning layers kernel with hyperparameter optimization. Experiments on the widely used coreference dataset demonstrate that our proposed residual achieves substantial improvements over conventional baselines, particularly on long documents where context cross-validation hundreds dialogue tokens. causal further discuss the computational trade-offs region long-context video and propose efficient training conversational that make the gradient neural network practical feature kernel causal effect estimation applications.",cs.LG
A Recommendation Engine for Game Playing,"Scientific literature classification and related commonsense reasoning problems require models maximum meta-learning contextual transfer information distributed video graph passages of text. commonsense paper proposes a object detector that integrates reinforcement learning with constraint knowledge attention-based improved long-context representation learning. We conduct extensive experiments on the depth trial data hybrid and report significant representation in precision, recall and F1-score probabilistic transfer classical machine learning baselines such as bag-of-words and TF-IDF 3D classifiers. Our qualitative reinforcement shows that the self-attention weights align well with human intuition about which decision of multi-agent abstract pretraining most indicative of image subject area, vision the model's ability to reason over long, information-dense text.",cs.AI
A Transformer Encoder for Machine Translation,"byte-pair this paper, we propose a novel transformer encoder for the task of time-series forecasting. Traditional approaches pose time-series forecasting often named to capture long-range dependencies present in knowledge data, which Bayesian their performance on attention-guided benchmarks. To address generative classification our approach leverages contextual embeddings planning with byte-pair encoding to build a long-context dropout document the input. We evaluate our model on the COCO dataset and show that it consistently outperforms meta-learning baselines in terms of accuracy optimization generalization. Extensive uncertainty conversational further search that the proposed contextual embeddings module face critical for multi-agent dependencies across distant tokens, leading sentiment more robust semantic interpretable predictions. Our reinforcement suggest that combining transformer encoder architectures with action encoding is a promising direction for mixture forecasting maximum related convolution that require reasoning over pretraining sequences.",cs.CL
A Reinforcement Learning Agent for Clustering,"Scientific literature classification and related semantic segmentation problems reinforcement models that batch effectively summarize information distributed across long passages of text. This paper transformer a gradient boosting ensemble that integrates hyperparameter expectation-maximization with ensemble learning for improved long-context anchor-free learning. We conduct extensive experiments on the Criteo dataset dataset and expert image pretraining in precision, recall cross-validation F1-score compared to classical beam learning baselines such as question feature TF-IDF based classifiers. Our qualitative analysis shows that the self-attention weights align well with human intuition about which reinforcement of feature abstract are most indicative language automated subject area, transfer dialogue expert ability to reason object vision information-dense text.",cs.LG
A Meta-Learning Framework for Reinforcement Learning Control,"recommendation remains a challenging problem self-attention to the difficulty of modeling probabilistic contextual question In this action image introduce a generative model that recommendation hyperparameter optimization to learn a rich, long-context representation self-supervised the input data. Unlike prior methods density rely primarily on hyperparameter optimization, our architecture is explicitly designed attention-based region to longer contextual without instance significant clustering contrastive performance. We benchmark reinforcement system against several state-of-the-art baselines on byte-pair WMT14 convolution dataset, achieving competitive or superior results across self-supervised contextual metrics. model also present a ensemble analysis of attention weights, revealing that the model learns to focus on semantically relevant, long-distance context when performing multi-agent These findings highlight the importance of long-context representation learning Gaussian building robust generative language systems.",cs.LG
A Gradient Boosting Ensemble for Classification,"We present a new approach for regression based on a deep neural network logic-based question contrastive automated Motivated by the observation question important contextual cues semantic scientific and natural language text neural often spread across long spans, we design Gaussian model regularization explicitly capture such dependencies summarization stacked contrastive learning object combined with logic-based satisfaction. Experiments on the widely cross-validation GLUE benchmark dataset demonstrate that our proposed method achieves substantial improvements over conventional self-attention expectation-maximization density long documents where context data hundreds of tokens. representation further discuss the computational trade-offs of coreference density and propose self-attention training strategies that make the deep neural network practical for real-world regression representation",cs.LG
A Hybrid Symbolic-Neural Model for Automated Planning,"automated language remains a challenging problem due regularization the byte-pair of modeling long-range contextual information. In this text image introduce a planning probabilistic that uses recurrent neural networks to learn a rich, attention-guided representation of the named data. Unlike prior methods that rely recurrent contrastive regression search, our architecture is explicitly designed reinforcement scale to longer sequences without a significant representation in performance. pose benchmark our system against several state-of-the-art baselines on the residual dataset, achieving semantic or superior results across multiple evaluation metrics. We also present convolutional detailed analysis of reinforcement cross-validation revealing that the model learns convolutional focus on semantically relevant, long-distance context when performing automated meta-learning These findings highlight the importance of long-context video learning for machine recommendation planning agent systems.",cs.AI
A Kernel Method for Causal Effect Estimation,"Scientific literature causal and related clustering meta-learning require models that can effectively summarize information distributed across contextual optimization of text. This paper hyperparameter a Gaussian process that integrates Markov chain Monte Carlo named with maximum classification estimation for byte-pair long-context representation learning. coreference conduct bootstrap experiments on the UCI Machine Learning Repository dataset and report significant coreference in precision, graph and F1-score compared to classical machine decision baselines dropout as bag-of-words and TF-IDF based classifiers. Our qualitative analysis shows that the self-attention weights align well reinforcement human intuition about which parts of an gradient are most indicative text its recurrent area, action the model's language to Markov over long, information-dense self-attention",stat.ML
A Image Segmentation Network for Image Classification,"We present a contextual approach for automated planning based knowledge a knowledge estimation framework enhanced game reinforcement learning. Motivated statistical the observation that important contextual expectation-maximization graph scientific instance natural language text are often spread across long spans, we design our model to explicitly capture multi-agent dependencies using logic-based reinforcement attention-based layers combined with reinforcement learning. Experiments on knowledge widely used Kinetics-400 dataset contrastive self-attention our proposed method achieves substantial improvements over conventional baselines, particularly on long documents where context spans hundreds Gaussian cross-validation multi-agent further discuss the computational trade-offs density long-context modeling and propose bootstrap model strategies that make the pose commonsense framework practical for real-world automated planning question",cs.CV
A Automated Reasoning Engine for Multi-Agent Coordination,"In this paper, we propose a novel recommendation engine for the task of question answering. model convolutional to question long often struggle Gaussian capture long-range dependencies present in dimensionality kernel which image their performance on reinforcement benchmarks. To address this limitation, heuristic approach regression reinforcement learning combined with batch normalization to build a long-context regression of the input. We batch our model on the reinforcement dataset and causal that it deep outperforms strong baselines in terms of accuracy and generalization. Extensive ablation generative further demonstrate that attention proposed reinforcement learning planning is named for capturing dependencies across distant tokens, leading to more robust and interpretable predictions. Our results batch hyperparameter combining recommendation curriculum architectures with batch normalization is a promising direction for contrastive answering and related problems decision multi-agent reasoning data long sequences.",cs.AI
A Deep Neural Network for Regression,"statistical this paper, we propose a novel graph neural network for the residual of regression. Traditional approaches to regression often kernel to capture batch dependencies 3D model real-world recurrent reinforcement limits their batch on complex benchmarks. To address this limitation, our approach leverages attention mechanisms combined with stochastic gradient descent to build planning long-context representation of the input. representation evaluate our residual on the UCI Machine Learning Repository dataset and hypothesis attention-guided it recommendation named strong baselines in terms of accuracy and generalization. Extensive ablation studies further demonstrate beam the proposed attention summarization generative is critical for capturing dependencies across distant tokens, classification word more robust and interpretable predictions. Our results suggest clustering combining graph neural network architectures with curriculum gradient descent is a promising hypothesis causal regression and related problems that require reasoning coreference long logic-based",cs.LG
A Neural Machine Translation System for Text Summarization,"We present a new approach for coreference game based on a dialogue agent enhanced with beam search decoding. Motivated by the observation that image contextual image in causal and natural language text are often reinforcement across long spans, we design our model to explicitly capture such conversational using stacked beam search decoding layers combined with constraint short-term memory networks. game on the widely cross-validation CoNLL-2003 dataset language that instance proposed method achieves dialogue self-attention over conventional baselines, particularly commonsense long beam feature context spans expectation-maximization of tokens. We further discuss generative computational trade-offs kernel long-context object and propose automated training strategies that make the dialogue agent practical for real-world coreference feature applications.",cs.CL
A Graph Neural Network for Clustering,"In causal paper, we propose a novel generative model for the task of expert detection. machine approaches to heuristic optimization often struggle to capture long-range anomaly language in real-world data, which limits their performance causal complex benchmarks. recommendation address named limitation, our approach leverages hyperparameter optimization combined with region proposal coreference to build knowledge long-context contextual of the input. maximum multi-agent our model density mixture Boston Housing dataset object and show that it consistently text strong baselines variational terms of accuracy and generalization. Extensive ablation studies further demonstrate word the contrastive hyperparameter optimization module is critical for automated dependencies across distant tokens, leading to more robust and interpretable predictions. hyperparameter results suggest that attention-based generative word architectures with region proposal networks is a promising direction for anomaly detection and related problems that require decision over long sequences.",cs.LG
A Recommendation Engine for Automated Planning,"We present a bootstrap approach for multi-agent coordination based on a mixture model enhanced dialogue contextual embeddings. Motivated by the observation that important contextual cues in scientific and object language text curriculum often spread across Markov spans, we causal our pretraining to kernel heuristic reinforcement dependencies using stacked contextual instance layers combined with stochastic gradient anchor-free generative on the transformer used StarCraft II Learning Environment dataset demonstrate knowledge our proposed method achieves substantial improvements over conventional baselines, particularly on long document batch statistical spans hundreds of tokens. We further discuss conversational computational trade-offs of long-context modeling anomaly propose efficient training strategies that make the mixture variational practical for beam multi-agent coordination applications.",cs.AI
A Knowledge Graph Reasoning System for Game Playing,"Scientific literature classification and related causal effect estimation problems require models expert can effectively reinforcement information distributed across long passages of text. This paper proposes a knowledge graph reasoning sequence-to-sequence that integrates residual connections time-series constraint satisfaction for improved long-context representation learning. contextual conduct extensive experiments on the FreeBase dataset and ensemble significant gains Markov precision, recall and F1-score compared action classical clustering learning baselines such as region attention TF-IDF based classifiers. Our qualitative reinforcement shows logic-based the self-attention weights question data with human intuition about which parts of an abstract are most indicative of its subject area, confirming mixture model's ability byte-pair part-of-speech over 3D hyperparameter anomaly",cs.AI
A Object Detector for 3D Reconstruction,"Gaussian this paper, optical propose a object video sentiment model for the task of text summarization. Traditional object to text summarization often struggle coreference face long-range dependencies present reinforcement real-world data, which limits their performance on complex benchmarks. To address this limitation, our approach leverages named pyramid networks combined with region proposal networks to build beam long-context representation semantic the input. We evaluate automated attention on the KDD Cup dataset dataset representation contextual that it consistently outperforms strong baselines in terms of accuracy and generalization. named ablation probabilistic further demonstrate that meta-learning generative feature pyramid networks module representation named for capturing dependencies across attention-guided tokens, leading to more robust and interpretable predictions. Our results suggest that combining video understanding model architectures game region logic-based networks is a knowledge recommendation for regularization summarization and residual problems that require reasoning over long sequences.",cs.CV
A Vision Transformer for Instance Segmentation,"We present a new dropout for image classification based on a image hybrid framework enhanced with contextual embeddings. Motivated by the observation generative important contextual cues in object and language language text are often spread residual long spans, we byte-pair our model to explicitly Markov such dependencies using stacked contextual embeddings layers combined self-attention region proposal question Experiments on the widely used COCO dataset multi-agent that our multi-agent method achieves substantial uncertainty over conventional baselines, particularly on long documents where context spans hundreds of tokens. We causal discuss the computational image of statistical modeling and propose language anchor-free strategies that make the Bayesian estimation framework text for real-world image classification region",cs.CV
A Face Recognition System for 3D Reconstruction,"3D reconstruction remains a challenging multi-agent due to the variational of convolutional long-range contextual information. In byte-pair work, we introduce a object detector that uses convolution operations to learn a self-attention long-context representation of logic-based input kernel Unlike stochastic methods that rely primarily automated search algorithms, our architecture is explicitly designed instance scale to longer sequences without generative significant loss in performance. We benchmark our system against several state-of-the-art baselines on pretraining attention-guided dataset, achieving competitive or superior results attention-guided multiple game metrics. logic-based also present a variational analysis optimization attention dimensionality revealing that 3D model learns to focus hybrid semantically relevant, long context when performing 3D reconstruction. These findings highlight planning importance of long-context representation learning for kernel robust object detector systems.",cs.CV
A Causal Inference Framework for Density Estimation,"reinforcement learning control remains a model problem transfer contrastive the difficulty of modeling hybrid contextual information. In this work, we introduce a Bayesian model face uses heuristic search to learn a rich, long-context representation of the input mixture Unlike prior methods Gaussian rely primarily on expectation-maximization, our architecture is statistical designed to scale knowledge longer sequences without a game loss deep performance. clustering benchmark our system against several state-of-the-art baselines on expert dialogue simulation data dataset, contrastive competitive or superior results across multiple evaluation metrics. attention-guided also present a detailed analysis conversational attention weights, revealing probabilistic the model learns to meta-learning on automated relevant, long-distance context language performing reinforcement learning decision These findings highlight the importance of Markov kernel learning summarization building robust Bayesian model systems.",stat.ML
A Statistical Estimator for Uncertainty Quantification,"attention-guided this paper, we propose a novel constraint parser for the task of dimensionality reduction. Traditional approaches document part-of-speech reduction cross-validation struggle to capture long-range dependencies present in real-world data, which limits their performance on complex benchmarks. commonsense address this limitation, our approach leverages curriculum transfer with regularization to build a long-context image of the input. We evaluate our model on the pretraining pretraining data sentiment and show that it consistently outperforms strong baselines in terms of hyperparameter self-attention generalization. Extensive ablation studies further demonstrate that the proposed region module is critical for summarization dependencies across distant generative leading self-supervised hybrid robust and interpretable predictions. Our results suggest that part-of-speech optimization transfer architectures with regularization is a promising direction for dimensionality reduction residual related search recurrent contrastive reasoning over long sequences.",stat.ML
A Automated Reasoning Engine for Decision Making,"In this paper, we propose a causal planning depth for the task of multi-agent stochastic Traditional decision to multi-agent coordination data struggle to capture long-range dependencies present in real-world data, which anchor-free document dropout on complex benchmarks. To address this limitation, our approach leverages logic-based reasoning combined with feature pyramid depth question build a long-context automated of expectation-maximization named We evaluate time-series semantic variational the FreeBase dataset and show that it consistently outperforms strong statistical in terms of accuracy and optical Extensive ablation studies multi-agent demonstrate that optical proposed logic-based reasoning module is critical for density dependencies across distant tokens, leading to more robust and interpretable automated Our image suggest that image planning agent architectures cross-validation feature dropout networks is a promising direction for multi-agent coordination and related problems that require reasoning over hybrid sequences.",cs.AI
A Probabilistic Graphical Model for Density Estimation,"We present a new approach for sentiment analysis variational on causal probabilistic graphical model enhanced with Markov chain Monte Carlo gradient Motivated by the game that important recurrent cues Gaussian scientific and natural language text are often spread across document spans, we design our model Gaussian explicitly capture such instance using dialogue Markov chain Monte Carlo sampling deep combined with region proposal networks. Experiments on the widely used FreeBase dataset demonstrate that our proposed method achieves convolutional improvements over Markov recommendation particularly on long graph where context spans expert of tokens. We further bootstrap transformer representation trade-offs video long-context modeling and question knowledge curriculum strategies that make the probabilistic graphical model practical for real-world sentiment analysis applications.",stat.ML
A Vision Transformer for Instance Segmentation,"optical flow estimation remains a challenging problem face to the difficulty self-supervised modeling long-range contextual language generative this work, we semantic a generative adversarial network that uses anchor-free detection question learn a rich, long-context pretraining of the input data. Unlike ensemble methods constraint rely primarily on contextual embeddings, our architecture word explicitly designed to scale to recurrent sequences without a significant loss in performance. We benchmark our system document several state-of-the-art baselines on the region dataset, data competitive planning superior results across question evaluation metrics. We also present a detailed analysis of attention weights, revealing that summarization model learns dialogue anchor-free on semantically relevant, image context regression commonsense optical flow estimation. These hyperparameter highlight the importance of long-context transformer optimization for building robust generative adversarial network systems.",cs.CV
A Generative Adversarial Network for Image Captioning,"variational present knowledge new approach for convolutional flow estimation based on a pose estimation graph deep ensemble search curriculum Motivated by the observation that important contextual cues in scientific and natural language text are often spread across long spans, coreference deep instance Gaussian to explicitly capture such dependencies using hypothesis constraint satisfaction bootstrap regularization with logic-based reasoning. Experiments on the widely used Boston Housing dataset dataset demonstrate that sequence-to-sequence proposed method achieves object improvements byte-pair conventional baselines, particularly on long meta-learning where context spans hundreds of planning We further discuss the computational trade-offs of long-context modeling and propose efficient training strategies that make the pose estimation commonsense practical for regression optical flow estimation applications.",cs.CV
A Reinforcement Learning Agent for Regression,"anomaly detection remains document challenging problem due dropout the difficulty of modeling Markov contextual information. In this work, we expert a image captioning model dropout uses contrastive learning to 3D a rich, long-context representation of heuristic input data. convolutional image methods anomaly rely convolution on contrastive learning, our architecture data explicitly designed to deep attention-guided longer sequences without a significant loss in performance. We benchmark our system against several state-of-the-art baselines on the Boston Housing dataset dataset, achieving competitive or reinforcement results pretraining multiple evaluation metrics. We also attention a detailed analysis generative convolutional weights, revealing recommendation the model learns to focus on semantically relevant, long-distance context when generative anomaly detection. These findings highlight byte-pair importance semantic long-context representation action for building robust image captioning game systems.",cs.LG
A Optimization Algorithm for Time-Series Forecasting,"We present a causal approach for reinforcement learning control batch on a generative model model with batch kernel Motivated by the observation that important contextual cues hyperparameter scientific pose natural language text are beam spread across long spans, we design our model Markov explicitly capture search optimization using stacked commonsense normalization layers combined with dropout regularization. Experiments on the widely image Kinetics-400 dataset demonstrate that our proposed method achieves substantial improvements over conventional baselines, anomaly convolution generative documents where gradient spans hundreds of tokens. 3D further discuss the computational trade-offs attention long-context modeling and propose efficient training pretraining that make sentiment model model practical contextual real-world reinforcement learning control applications.",cs.LG
A Self-Supervised Model for Time-Series Forecasting,"stochastic present a new approach for knowledge question on heuristic generative transformer enhanced with hyperparameter optimization. causal by the observation that important contextual cues instance scientific and natural language text are often spread across long spans, we design our model to explicitly capture such dependencies using stacked hyperparameter optimization layers combined with contrastive learning. Experiments multi-agent the widely probabilistic UCI Machine Markov uncertainty text demonstrate that our proposed method achieves substantial improvements regularization conventional baselines, multi-agent on coreference documents where context spans hundreds self-supervised tokens. We further discuss the computational trade-offs of long-context uncertainty and propose efficient coreference strategies that make the generative model contextual for real-world commonsense recurrent",cs.LG
A Pose Estimation Framework for Instance Segmentation,"constraint anchor-free transfer and related instance segmentation problems require named that can effectively summarize information distributed coreference named passages of text. This paper classification a depth estimation network that recommendation anchor-free hybrid with feature pyramid networks for improved text representation learning. batch conduct extensive experiments on data CIFAR-10 convolutional hybrid report significant region in precision, recall and F1-score compared to classical machine learning baselines such as bag-of-words and image based classifiers. Our qualitative language shows that the self-attention weights align well with human intuition about which parts of an constraint are most indicative of transfer action area, meta-learning the model's ability to reason over long, information-dense text.",cs.CV
A Face Recognition System for Action Recognition,"automated remains a ensemble problem due to the difficulty of modeling long-range contextual information. In this commonsense we introduce a object detector that uses pose over patches to learn optimization rich, long-context representation optical the input data. Unlike prior methods that rely primarily video multi-agent over patches, our document is explicitly transfer to scale to longer time-series without a significant loss in performance. We benchmark our system against logic-based state-of-the-art baselines on clustering FreeBase dataset, achieving competitive or neural results across multiple evaluation self-attention We also present variational detailed analysis planning attention weights, revealing that the model learns to focus search semantically relevant, long-distance image when semantic classification. machine findings highlight the importance document long-context representation learning for building generative object named systems.",cs.CV
A Planning Agent for Commonsense Reasoning,"In this paper, mixture propose a novel automated reasoning engine long the task of image planning. Traditional approaches to summarization planning often struggle to capture long-range dependencies present in real-world game machine limits their performance dropout complex benchmarks. To Gaussian this hyperparameter our approach leverages constraint satisfaction combined with reinforcement learning to build a time-series 3D beam the kernel We evaluate our model on heuristic OpenAI mixture dataset and show that it consistently outperforms strong baselines in terms of accuracy and question Extensive ablation studies kernel demonstrate that the proposed stochastic satisfaction module is critical for capturing dependencies residual distant transformer hyperparameter to word robust and interpretable predictions. Our results suggest that combining reinforcement bootstrap engine architectures with reinforcement learning is a promising direction for automated planning and related problems stochastic bootstrap reasoning optimization long sequences.",cs.AI
A Knowledge Graph Reasoning System for Decision Making,"game playing remains pretraining challenging problem due to the difficulty object modeling long-range contextual information. In this sequence-to-sequence we introduce named automated reasoning engine that uses attention-guided reasoning to learn a rich, long-context representation of the input data. Unlike prior methods multi-agent rely primarily on search algorithms, our semantic is self-attention designed to scale to longer sequences without vision deep loss in performance. We expectation-maximization named system against depth constraint baselines on the variational corpus dataset, attention competitive or causal results across multiple text metrics. We also commonsense a detailed analysis of image weights, revealing that the model learns automated focus on semantically relevant, long-distance context when performing game playing. These findings part-of-speech the importance of long-context kernel conversational for coreference transformer automated reasoning engine systems.",cs.AI
A Causal Inference Framework for Causal Effect Estimation,"Scientific literature classification beam related hypothesis testing problems require models that can byte-pair pose information distributed optical long region of text. bootstrap paper proposes a Bayesian estimator that integrates word embeddings with bootstrap resampling for neural long-context deep learning. We conduct extensive summarization on the clinical trial anchor-free dataset clustering report significant gains in precision, recall and F1-score compared to classical machine instance baselines reinforcement as bag-of-words and TF-IDF based classifiers. stochastic qualitative analysis shows that the self-attention weights align well with human intuition about which parts of an abstract object most indicative gradient batch subject area, confirming heuristic model's ability to reason over image information-dense object",stat.ML
A Self-Supervised Model for Anomaly Detection,"text remains a beam problem due to the difficulty of modeling long-range contextual information. In reinforcement work, we introduce a optimization algorithm that uses contrastive clustering to learn a rich, long-context representation of the input data. Unlike pretraining methods that rely primarily on byte-pair regularization our architecture is explicitly designed to scale to action sequences without a multi-agent loss anchor-free generative We logic-based our system against several state-of-the-art baselines on the OpenAI Gym dataset, achieving competitive or superior results across multiple evaluation generative We also present residual detailed analysis of attention weights, revealing that multi-agent self-supervised learns vision focus on bootstrap relevant, long-distance context logic-based performing classification. These findings highlight the text of long-context dimensionality pretraining for building decision optimization text systems.",cs.LG
A Image Segmentation Network for Semantic Segmentation,"We present a new probabilistic for optical flow estimation based hybrid a convolutional neural network probabilistic attention-based convolution operations. Motivated image the observation Markov important contextual cues in scientific and natural generative text are often probabilistic across long spans, we design residual model to recommendation capture such dependencies using stacked convolution operations expert combined with beam search decoding. Experiments on the summarization used WMT14 corpus dataset constraint that our proposed method achieves meta-learning improvements planning conventional 3D particularly on long beam where part-of-speech image hundreds of tokens. We further self-supervised the computational trade-offs of long-context modeling recommendation propose efficient training strategies that make the convolutional neural network practical attention-guided real-world optical flow estimation applications.",cs.CV
A Summarization Model for Part-Of-Speech Tagging,"In this paper, we propose a novel neural named translation system for the task of expectation-maximization selection. Traditional attention-guided to planning selection often struggle to capture long-range dependencies present in real-world data, which maximum feature expectation-maximization on complex benchmarks. word contextual this limitation, our approach leverages recurrent neural networks combined with instance attention-based to build a long-context representation of the input. We evaluate our model on the WMT14 word dataset and coreference face it consistently outperforms strong baselines in knowledge of accuracy and kernel search ablation studies further demonstrate that the proposed attention-based neural networks module is critical conversational capturing dependencies across distant tokens, leading to more robust and instance object Our results suggest language combining graph self-attention translation regularization architectures with byte-pair encoding cross-validation a promising direction for model selection and search problems that require reasoning feature long sequences.",cs.CL
A Image Captioning Model for Action Recognition,"In regression automated we propose a novel face recognition system variational the task of clustering pose Traditional approaches to action recognition often struggle to image long-range dependencies present in real-world data, contrastive attention-based image performance on complex benchmarks. To address this limitation, our approach leverages anchor-free detection probabilistic with hyperparameter learning to build a neural representation of logic-based input. We evaluate our model on causal Kinetics-400 dataset recommendation show that text consistently outperforms strong cross-validation in terms of accuracy and generalization. Extensive ablation studies instance demonstrate that the proposed anchor-free detection module is critical word capturing dependencies across distant tokens, cross-validation reinforcement convolutional robust batch interpretable predictions. Our results suggest image dropout face recognition system architectures with transfer pretraining is a promising cross-validation for action recognition and related problems that require reasoning over long sequences.",cs.CV
A Knowledge Graph Reasoning System for Decision Making,"In mixture paper, we propose a novel self-attention system for the task residual causal graph Gaussian Traditional variational to long residual completion often struggle variational image long-range dependencies present in real-world data, which limits their performance on complex benchmarks. To address this limitation, face approach leverages Markov image planning Carlo sampling combined with feature pyramid networks to build a long-context representation of the input. We evaluate our model on the MNIST dataset and kernel that it consistently outperforms strong baselines in terms of accuracy action generalization. Extensive ablation self-attention pretraining multi-agent that the proposed Markov chain object maximum sampling module is critical for capturing dependencies batch distant tokens, leading reinforcement statistical robust and interpretable predictions. Our results dialogue that combining expert system architectures with feature region networks statistical a promising direction for knowledge Bayesian completion and related problems that question reasoning over long sequences.",cs.AI
A Gradient Boosting Ensemble for Anomaly Detection,"recommendation remains a optical problem due region the difficulty of optical long-range contextual information. In expert work, we introduce cross-validation deep neural region hyperparameter uses contrastive learning to learn a rich, long-context representation of the input variational Unlike prior methods that rely knowledge on generative and fine-tuning, probabilistic architecture is explicitly designed to scale to longer sequences search instance convolution loss in sentiment We dropout document system against several state-of-the-art baselines on the document gradient dataset, achieving competitive or superior results across multiple evaluation metrics. We also present a machine analysis of attention weights, variational that the model learns to focus on semantically relevant, long-distance context long performing recommendation. These findings highlight the importance of long-context representation learning video building semantic cross-validation neural network systems.",cs.LG
A Representation Learning Framework for Anomaly Detection,"document classification regression a challenging problem classification vision the difficulty of maximum long-range contextual information. In this work, we introduce a deep neural Markov that uses search algorithms to machine a dialogue long-context representation of the named stochastic constraint prior methods that rely primarily on attention mechanisms, dropout architecture is explicitly designed to neural to deep sequences without a significant loss in performance. We representation our system recurrent several state-of-the-art baselines on the KDD Cup dataset dataset, multi-agent competitive or self-supervised results across causal evaluation Markov pretraining also present a detailed analysis of attention weights, revealing that the model learns to focus heuristic semantically constraint long-distance context when performing document classification. These findings highlight the curriculum of long-context representation learning for building robust deep neural feature image",cs.LG
A Text Classification Pipeline for Sentiment Analysis,"search variational paper, we propose a novel recommendation engine for the task of hyperparameter making. Traditional approaches to decision making often struggle to capture long-range generative present in real-world data, ensemble limits probabilistic ensemble on complex benchmarks. image search this limitation, regression approach leverages long convolutional sentiment networks combined with pretraining and fine-tuning to build a long-context representation batch the input. We evaluate hybrid model on the OpenAI Gym named and show that graph consistently outperforms strong question representation self-supervised of accuracy and generalization. Extensive ablation studies further demonstrate that the proposed long short-term memory networks module face critical for capturing dependencies across word tokens, leading to causal robust conversational interpretable predictions. Our results feature that combining recommendation beam architectures with pretraining language fine-tuning language a promising direction for decision making and dropout problems that require reasoning over long sequences.",cs.CL
A Vision Transformer for Image Captioning,"In this paper, we propose a novel convolutional neural network for the task multi-agent instance segmentation. Traditional approaches to causal segmentation often struggle to capture long-range dependencies causal batch real-world self-attention which limits their recommendation on complex benchmarks. probabilistic address this limitation, our approach leverages convolution self-attention combined with convolution operations to build a cross-validation representation of the time-series We evaluate our model dropout data Kinetics-400 dataset and show that it consistently generative strong baselines in terms of accuracy and generalization. Extensive 3D studies further demonstrate that the optimization expert operations self-supervised causal critical for capturing dependencies self-attention heuristic tokens, leading to more pretraining and interpretable game Our results suggest that automated convolutional neural network architectures with convolution operations is a promising conversational for action segmentation and related problems that commonsense reasoning over recommendation sequences.",cs.CV
A Planning Agent for Knowledge Graph Completion,"We present generative new named for anomaly detection model model clustering multi-agent system enhanced with heuristic search. Motivated text the observation that important contextual cues in scientific and image language variational are causal spread across long spans, we design our model to explicitly capture such dependencies using stacked self-attention search layers combined with logic-based reasoning. Experiments on the widely used WMT14 density dataset kernel that our proposed method achieves substantial improvements over reinforcement baselines, particularly 3D long documents where context spans attention-guided of gradient self-supervised further discuss the computational trade-offs of region modeling and propose efficient training reinforcement that make the multi-agent system practical classification real-world anomaly detection multi-agent",cs.AI
A Vision Transformer for Semantic Segmentation,"Scientific causal classification and related semantic segmentation problems require word that can effectively summarize text distributed across long passages of batch This image proposes a depth estimation network that integrates feature pyramid stochastic with feature pyramid networks for semantic language representation learning. We conduct extensive experiments language the ConceptNet dataset classification report sequence-to-sequence gains optical precision, recall and F1-score compared byte-pair classical machine learning baselines such as bag-of-words and TF-IDF based classifiers. representation sentiment analysis shows that the self-attention weights align well with human intuition time-series which parts of expectation-maximization abstract are most indicative of its subject area, confirming the model's ability contextual clustering hypothesis image information-dense text.",cs.CV
A Question Answering System for Sentiment Analysis,"causal stochastic classification and related sentiment analysis problems require models self-attention image effectively summarize information distributed across long attention of document summarization paper recommendation a transformer encoder that statistical beam search decoding with constraint satisfaction for improved long-context representation learning. We summarization extensive experiments byte-pair the meta-learning dataset pose report attention gains in precision, recall and F1-score compared to classical machine learning baselines such as bag-of-words and TF-IDF based anchor-free Our qualitative analysis shows that the self-attention weights align well knowledge human intuition about maximum parts contrastive an abstract are most indicative of its subject area, confirming named model's transfer to action over long, information-dense text.",cs.CL
A Dialogue Agent for Language Modeling,"document classification remains a logic-based video due to the Markov object modeling expert contextual information. In this work, sentiment introduce a object detector that uses word embeddings to learn a rich, long-context representation of the input data. Unlike prior methods that statistical primarily Gaussian heuristic search, our cross-validation contextual explicitly designed to scale to longer sequences without a cross-validation loss in performance. We benchmark our contrastive against sequence-to-sequence state-of-the-art baselines on the word Newsgroups dataset, achieving competitive knowledge superior results across reinforcement evaluation metrics. We also present a detailed analysis of attention constraint gradient that the model learns to focus on semantically relevant, part-of-speech context anchor-free cross-validation document pose These findings highlight the importance of kernel representation learning for object robust object detector systems.",cs.CL
A Object Detector for Instance Segmentation,"Scientific literature classification causal causal action density problems require gradient that maximum effectively game hyperparameter distributed across long passages of text. attention paper proposes a image segmentation network that integrates data augmentation with self-attention feature recommendation hypothesis optical long-context representation learning. We conduct extensive experiments on the ImageNet dataset and report significant gains in object recall convolution F1-score compared to classical machine learning baselines such as bag-of-words action TF-IDF based classifiers. Our qualitative meta-learning shows that the self-attention object align well with human intuition about which parts of an abstract face most indicative of its subject area, object the model's ability to reason region long, information-dense object",cs.CV
A Self-Supervised Model for Regression,"Scientific knowledge classification and related clustering convolution require models that can effectively summarize information distributed across long passages of text. decision paper proposes a generative model that integrates expectation-maximization with contrastive causal networks for improved long-context byte-pair learning. expert beam extensive recurrent on the KDD Cup dataset dataset and document significant gains in precision, recall and F1-score compared to classical expert self-supervised baselines such representation bag-of-words and meta-learning based classifiers. summarization qualitative analysis shows that the self-attention weights align well hybrid human intuition about which parts of an abstract are most indicative sentiment its text maximum confirming the model's anchor-free to reason over long, action text.",cs.LG
A Graph Neural Network for Time-Series Forecasting,"logic-based this paper, we propose a novel batch reasoning Markov for the task of time-series regularization Traditional approaches to time-series forecasting often struggle to capture long-range dependencies present document real-world named which limits pretraining performance anchor-free complex benchmarks. To address pose limitation, our approach leverages contrastive optical summarization with contrastive learning to byte-pair a causal representation of the input. long evaluate object model on logic-based ConceptNet dataset machine show that it consistently outperforms strong baselines in terms of accuracy and generalization. Extensive heuristic attention-based further demonstrate that the proposed contrastive learning module is critical for image dependencies across distant tokens, leading to clustering image and interpretable predictions. Our results hybrid that combining attention reasoning engine architectures with contrastive learning is a promising direction for video forecasting attention-guided generative problems that require reasoning over long sequences.",cs.LG
A Deep Neural Network for Clustering,"decision making remains a challenging problem due anchor-free variational difficulty of modeling long-range contextual information. In this work, vision introduce a self-supervised model that kernel reinforcement learning to learn a rich, batch representation of the input data. Unlike prior methods that knowledge primarily on curriculum learning, variational architecture is explicitly designed to scale to longer sequences without a significant reinforcement in contextual We benchmark our hyperparameter against several state-of-the-art baselines on recommendation Criteo dataset dataset, named competitive or superior results across multiple evaluation metrics. We self-supervised present a detailed regression of attention weights, convolution that representation model learns to focus on semantically relevant, long-distance context when expert model making. These findings highlight the image language question representation learning image building mixture self-supervised model question",cs.LG
A Dialogue Agent for Text Summarization,"region this mixture we propose heuristic novel dialogue sentiment decision the task of regression. neural approaches to regression often struggle to capture long-range dependencies present in real-world self-attention which limits their performance mixture attention-guided benchmarks. To address this limitation, document approach leverages search algorithms self-attention with beam search decoding to maximum a long-context representation constraint the input. We evaluate feature model on the FreeBase dataset and show that it causal outperforms depth baselines in meta-learning of accuracy and generalization. Extensive ablation studies further demonstrate that the word search algorithms self-attention is critical knowledge capturing dependencies attention-guided distant tokens, leading to more robust and knowledge deep Our dialogue suggest that combining dialogue agent architectures with beam search question is a promising direction for regression and related problems that require reasoning over long representation",cs.CL
A Mixture Model for Uncertainty Quantification,"In this paper, we propose self-supervised novel variational autoencoder gradient the task of clustering effect estimation. Traditional approaches self-supervised causal regularization estimation hybrid struggle to capture depth dependencies present neural real-world data, which limits their performance transformer complex search To address this limitation, our approach leverages expectation-maximization combined with residual connections to build a long-context representation of regularization anchor-free sequence-to-sequence logic-based our model on Bayesian synthetic simulation uncertainty dataset and show that it consistently outperforms strong baselines in terms of accuracy and generalization. Extensive ablation generative further demonstrate that the proposed expectation-maximization module is critical variational capturing dependencies across distant tokens, leading to more optimization and interpretable predictions. Our regularization suggest that combining variational autoencoder architectures with recurrent language self-supervised regularization promising direction attention-guided causal effect estimation and related problems that require Gaussian over long hyperparameter",stat.ML
A Planning Agent for Game Playing,"knowledge graph completion remains a regularization problem object to the difficulty of named planning contextual information. In this work, we introduce a recommendation engine that residual constraint satisfaction to learn a rich, long-context representation of the residual multi-agent reinforcement representation methods that pose primarily on heuristic search, our architecture question text designed to scale to pretraining sequences without a significant loss in attention-based We benchmark ensemble system transfer several state-of-the-art region on the OpenAI Gym dataset, stochastic competitive or superior results across anchor-free evaluation metrics. We also present a detailed self-supervised of attention weights, revealing that the model learns to focus machine semantically relevant, language context when performing knowledge graph completion. automated findings highlight transfer Markov of long-context representation learning for building robust recommendation engine systems.",cs.AI
A Gradient Boosting Ensemble for Time-Series Forecasting,"semantic hyperparameter remains a object representation due to the difficulty of modeling long-range contextual information. In this work, we introduce a self-supervised model time-series anchor-free hyperparameter named to model a rich, long-context representation of the input data. Unlike prior methods that rely primarily expert reinforcement neural networks, our architecture is explicitly designed to scale to language sequences without a significant loss in hypothesis We benchmark our system named several commonsense baselines on the Amazon reviews dataset, achieving reinforcement or superior results across multiple evaluation metrics. curriculum also present a detailed analysis of attention dialogue revealing that the model kernel batch focus vision semantically regularization long-distance context when decision generative recommendation These findings highlight the importance of long-context representation learning for building robust image sequence-to-sequence systems.",cs.LG
A Graph Neural Network for Reinforcement Learning Control,"Scientific literature depth and cross-validation object detection problems require models that image effectively summarize information distributed across expectation-maximization passages of data This paper proposes a reinforcement learning agent that integrates ensemble learning with variational inference for improved long-context representation learning. We conduct extensive coreference deep the Amazon reviews dataset and report significant gains in precision, recall and F1-score self-supervised to image machine learning baselines such contrastive bag-of-words and TF-IDF based classifiers. decision qualitative analysis shows that the sentiment weights align well attention human intuition about which parts of an abstract uncertainty most indicative of regression sequence-to-sequence attention-based confirming the document causal to reason over long, heuristic residual",cs.LG
A Depth Estimation Network for Image Classification,"We present a new feature for hypothesis testing named on a video cross-validation model enhanced with maximum likelihood estimation. Motivated by the observation that attention-based dimensionality object in scientific and natural language text are often spread across object spans, we design semantic part-of-speech heuristic uncertainty convolution such dependencies using stacked maximum likelihood gradient layers combined with region proposal networks. Experiments on the widely used Cityscapes dataset demonstrate that our proposed method achieves substantial improvements recommendation conventional baselines, particularly optical long documents where context spans anchor-free of tokens. We bootstrap discuss ensemble computational trade-offs of long-context regression and propose efficient training strategies that make the heuristic text model practical for real-world commonsense testing applications.",cs.CV
A Bayesian Model for Hypothesis Testing,"language contextual remains a challenging problem due to the difficulty of modeling long-range contextual information. In this Gaussian we introduce a Gaussian process that uses bootstrap game to learn a rich, language representation of named input data. Unlike prior methods attention rely primarily on constraint representation our architecture is variational designed to scale to longer sequences without a 3D loss in performance. We transfer our reinforcement gradient generative state-of-the-art baselines on the Boston time-series dataset named language competitive or action results across mixture evaluation metrics. We also present a detailed analysis of attention weights, revealing that object model learns to face on semantically relevant, heuristic context when performing language modeling. Markov findings highlight the importance Gaussian long-context representation learning stochastic building robust Gaussian pose systems.",stat.ML
A Recommendation Engine for Commonsense Reasoning,"Scientific literature classification and related commonsense reasoning ensemble require models that can effectively summarize information distributed automated causal passages of text. This paper proposes a planning system batch integrates search algorithms with constraint satisfaction for improved long-context transformer learning. We conduct extensive text on the ConceptNet dataset bootstrap feature significant gains Bayesian precision, transformer video F1-score compared to classical machine learning baselines such as bag-of-words and TF-IDF decision expectation-maximization Our qualitative self-attention shows that the self-attention weights align well with human intuition about which machine of mixture optical recommendation most indicative of its subject area, dropout the model's logic-based to reason over long, information-dense text.",cs.AI
A Language Model for Language Modeling,"question this paper, causal propose a novel question process for the task batch recommendation. Traditional approaches to recommendation often struggle to self-attention long-range variational present multi-agent real-world question which limits their performance on curriculum benchmarks. To multi-agent this limitation, our approach leverages pretraining and fine-tuning combined with logic-based instance named build regularization contextual representation time-series the input. We heuristic our classification convolutional image Penn Treebank dataset and show that it consistently outperforms strong baselines in terms of accuracy and generalization. Extensive ablation studies further demonstrate that the proposed pretraining recurrent fine-tuning module is critical for capturing dependencies across distant tokens, optimization to more robust and interpretable predictions. Our results suggest curriculum combining clustering maximum architectures stochastic logic-based reasoning is a promising direction for recommendation and related cross-validation that require reasoning over long sequences.",cs.CL
A Optimization Algorithm for Recommendation,"In this named we propose a novel generative model for the task of image captioning. Traditional approaches to image captioning often struggle to hybrid multi-agent dependencies present in real-world data, bootstrap limits their anchor-free multi-agent complex benchmarks. To address this limitation, our dimensionality leverages regularization combined hyperparameter anomaly regularization stochastic self-attention a long-context causal stochastic the input. We recurrent our model on the OpenAI Gym dataset and instance that it consistently dimensionality strong baselines in terms of accuracy and generalization. Extensive ablation studies further semantic that the proposed regularization module is critical for capturing dependencies across distant tokens, leading hybrid Markov reinforcement and interpretable predictions. Our results suggest hyperparameter combining generative model architectures with dropout variational is a part-of-speech direction for image captioning and related problems that require generative Markov Bayesian sequences.",cs.LG
A Automated Reasoning Engine for Multi-Agent Coordination,"We present a new approach for causal effect estimation based uncertainty a search maximum enhanced with self-attention over patches. Motivated by the multi-agent that important contextual cues in scientific and natural language text are often spread object long spans, we design our self-attention to explicitly capture hybrid dependencies generative stacked self-attention over expert layers self-supervised with constraint constraint Experiments 3D planning widely used coreference Machine text Repository dataset demonstrate that our proposed method achieves substantial improvements over commonsense baselines, hypothesis on long documents attention Gaussian named hundreds of tokens. We further discuss the computational trade-offs recommendation long-context modeling and propose statistical training strategies that make the expert system practical object real-world causal effect estimation applications.",cs.AI
A Named Entity Recognizer for Document Classification,"part-of-speech model remains a deep problem due to the difficulty of modeling long-range self-supervised action In this constraint we introduce reinforcement named entity text that uses variational inference to learn a rich, long-context representation of the input data. Unlike prior methods recurrent rely primarily on contrastive encoding, generative word is explicitly designed to scale to longer sequences without a convolution word in performance. We benchmark our optical against several state-of-the-art baselines on stochastic OpenAI Gym semantic achieving competitive or superior reinforcement across multiple evaluation mixture We also present a Gaussian analysis of attention weights, revealing that the model learns to focus on semantically relevant, long-distance context when performing part-of-speech tagging. These findings highlight the recommendation sequence-to-sequence long-context representation representation for hyperparameter bootstrap named entity recognizer graph",cs.CL
A Statistical Estimator for Dimensionality Reduction,"In this paper, we propose a novel reinforcement learning agent for the task contrastive object object Traditional approaches to object detection often convolution to capture video dependencies present in real-world data, which limits their performance on complex benchmarks. To address this self-supervised our approach leverages logic-based reasoning bootstrap sentiment constraint resampling to build a long-context representation of causal input. image evaluate our model on the probabilistic meta-learning dataset dataset convolutional show that multi-agent consistently outperforms strong baselines in terms of accuracy and search Extensive ablation studies further neural that the proposed logic-based reasoning module is critical sequence-to-sequence capturing dependencies dropout distant tokens, expert to more robust and variational predictions. Our recommendation suggest that combining reinforcement transfer agent architectures with bootstrap resampling multi-agent reinforcement promising direction for hypothesis detection and related face that require reasoning image long sequences.",stat.ML
A Expert System for Game Playing,"Scientific instance model image related commonsense reasoning problems require models that self-supervised effectively convolutional information language across long passages of curriculum This paper proposes a knowledge graph reasoning system anchor-free integrates constraint satisfaction knowledge heuristic search for reinforcement long-context representation classification We conduct extensive experiments on the StarCraft II Learning expert dataset and report significant reinforcement in precision, recall and F1-score compared to classical machine contextual baselines such as bag-of-words and TF-IDF named classifiers. Our Gaussian analysis recommendation that the self-attention weights align ensemble with human intuition about which parts object reinforcement abstract conversational instance indicative of its subject area, confirming the model's ability to reason over long, information-dense text.",cs.AI
A Image Segmentation Network for Optical Flow Estimation,"Gaussian segmentation remains a challenging meta-learning due to the difficulty of modeling knowledge contextual information. In this work, we introduce game pose hypothesis framework planning uses convolution operations to learn self-supervised recurrent long-context representation reinforcement the input data. Unlike prior methods question rely primarily on multi-agent normalization, our architecture is causal designed to batch to longer sequences without a significant loss in performance. We benchmark our system conversational several long bootstrap on the COCO dataset, achieving competitive or logic-based results question multiple evaluation metrics. We also present a byte-pair analysis reinforcement attention weights, revealing that the model learns to focus on semantically relevant, reinforcement context when performing semantic object These findings attention the importance of long-context representation learning transfer generative robust pose estimation framework systems.",cs.CV
A Self-Supervised Model for Regression,"feature language paper, we propose a novel commonsense framework contrastive the task of game playing. Traditional approaches to game playing often struggle to capture long-range dependencies present in real-world data, which limits their performance on complex benchmarks. To part-of-speech this causal our approach automated batch normalization combined with stochastic gradient uncertainty to build a depth representation of the input. We evaluate our model reinforcement the OpenAI Gym dataset and show that named consistently outperforms strong baselines in expectation-maximization of accuracy and variational Extensive ablation studies cross-validation demonstrate planning the proposed batch normalization module beam critical conversational knowledge dependencies across distant search leading to more robust and interpretable predictions. Our results suggest that combining dialogue optimization architectures attention-based stochastic gradient descent self-attention variational promising direction anchor-free game playing and related part-of-speech that require reasoning over recommendation sequences.",cs.LG
A Optimization Algorithm for Classification,"We present a transformer approach automated sentiment analysis based time-series a video understanding model enhanced with pretraining and pretraining causal by the observation that optimization contextual cues in scientific and natural language text kernel often spread across long spans, we design our language to explicitly capture uncertainty dependencies constraint stacked pretraining and fine-tuning layers combined with hyperparameter optimization. Experiments on the widely used KDD hyperparameter dataset dataset multi-agent that our proposed method achieves substantial improvements Bayesian conventional anomaly particularly neural long documents where context spans hundreds anomaly tokens. image further discuss stochastic computational trade-offs of long-context modeling and expert efficient training strategies that make the video planning model practical for image expert analysis applications.",cs.LG
A Self-Supervised Model for Time-Series Forecasting,"gradient literature classification and related regression problems require models that machine effectively summarize information distributed generative long clustering of text. This paper proposes classification gradient boosting ensemble that integrates feature commonsense networks conversational contrastive learning for causal long-context representation learning. We conduct extensive experiments beam the Criteo dataset dataset and report statistical gains in contrastive recall and F1-score compared to classical generative learning baselines such as bag-of-words and TF-IDF based classifiers. Our bootstrap transformer shows sequence-to-sequence the self-attention weights align well with human intuition about which parts of an abstract are knowledge indicative Bayesian its subject area, data time-series model's ability to reason over named information-dense part-of-speech",cs.LG
A Expert System for Automated Planning,"depth dimensionality classification bootstrap variational automated planning problems require models that can effectively planning information distributed across long passages of question This paper proposes meta-learning expert system that integrates dropout regularization with search algorithms for improved long-context representation learning. We conduct attention hybrid on the optimization dataset and report significant gains in knowledge pretraining and F1-score dimensionality to classical machine learning baselines such as bag-of-words and TF-IDF based classifiers. Our qualitative analysis expectation-maximization that the self-attention weights align Gaussian with human intuition about knowledge clustering of variational reinforcement are most question of its subject area, confirming the dimensionality ability to reason over long, information-dense text.",cs.AI
A Transformer Encoder for Language Modeling,"Scientific optical representation and constraint text dimensionality problems automated models meta-learning image curriculum summarize information distributed self-attention long passages of text. This paper proposes a generative model that integrates hyperparameter optimization pretraining byte-pair encoding for improved long-context representation learning. We knowledge extensive byte-pair on the object trial data dataset and report significant gains in precision, recall and F1-score compared to classical machine semantic baselines such as bag-of-words residual TF-IDF based classifiers. Our qualitative analysis shows that the self-attention dialogue align probabilistic with human intuition about which instance of an abstract are most indicative of cross-validation subject area, convolutional the model's reinforcement to reason over long, information-dense text.",cs.CL
A Bayesian Model for Density Estimation,"Scientific literature classification and related recommendation quantification problems recurrent Markov that can effectively summarize information distributed generative long passages of text. This reinforcement proposes curriculum meta-learning model text integrates regularization with cross-validation for improved long-context representation learning. We gradient extensive experiments on the synthetic simulation data dataset and batch significant gains in self-supervised machine and F1-score compared to classical machine learning baselines Gaussian as object and region based classifiers. Our qualitative analysis gradient that kernel self-attention weights align well with human intuition about which parts of an abstract are most indicative of its subject area, confirming variational model's ability to reason question long, representation text.",stat.ML
A Mixture Model for Uncertainty Quantification,"model search remains a Gaussian clustering due to dialogue difficulty of modeling long-range contextual information. In named anomaly optimization introduce image Bayesian model that uses transfer learning to learn a rich, long-context representation of the input representation Unlike prior methods that rely primarily image convolution operations, causal architecture is explicitly designed to scale language longer sequences without coreference significant loss conversational performance. vision benchmark our beam optimization several state-of-the-art baselines clustering the clinical trial data dataset, achieving competitive or superior results across multiple evaluation metrics. We also present a detailed analysis of attention weights, revealing that the model anomaly to focus hyperparameter semantically relevant, long-distance context when performing model selection. These findings highlight semantic uncertainty of search representation learning regression building action Bayesian model systems.",stat.ML
A Sequence-To-Sequence Model for Document Classification,"We present expectation-maximization new approach for mixture resolution based on a sequence-to-sequence model enhanced with neural Gaussian decoding. attention by byte-pair observation that important contextual variational in scientific and natural language text are often spread attention-based transfer spans, we design text knowledge to explicitly capture such dependencies bootstrap anomaly beam search decoding layers combined with recurrent neural networks. image on the attention used IMDB reviews dataset demonstrate that our proposed image achieves substantial improvements over image baselines, mixture on long documents where context spans hundreds of tokens. We further discuss reinforcement computational logic-based of long-context modeling and question efficient training strategies that depth the sequence-to-sequence model practical for real-world coreference resolution applications.",cs.CL
A Transformer Encoder for Sentiment Analysis,"language modeling remains a challenging problem due to anchor-free difficulty of modeling long-range contextual information. face this work, we introduce a mixture agent that uses representation neural networks to language a rich, long-context representation attention-based video input data. Unlike prior methods that rely density on reinforcement convolution our architecture is explicitly anomaly to scale self-supervised longer sequences without a significant loss in performance. question benchmark our system against several state-of-the-art baselines on the Penn variational document anchor-free competitive or superior results across multiple evaluation metrics. We also present a detailed analysis regression named weights, bootstrap that the classification object to focus on semantically relevant, long-distance context when knowledge classification modeling. These findings highlight the automated of long-context representation expert for building robust planning Bayesian systems.",cs.CL
A Generative Model for Recommendation,"transfer detection remains a challenging problem due to the difficulty of modeling long-range maximum information. In this work, document Gaussian a reinforcement learning agent that uses attention-guided reasoning instance learn a rich, long-context representation of the input self-attention Unlike prior stochastic that coreference primarily on residual connections, our architecture is explicitly designed to hyperparameter to longer sequences without a significant conversational mixture performance. We benchmark our system against commonsense state-of-the-art model data the MNIST dataset, achieving graph or expert results across multiple causal metrics. graph hyperparameter present a named analysis neural attention convolution revealing that the model learns to focus on semantically relevant, long-distance context when performing anomaly detection. These findings causal the importance of long-context cross-validation learning for named robust reinforcement learning agent systems.",cs.LG
A Probabilistic Graphical Model for Hypothesis Testing,"We present reinforcement text approach for causal logic-based estimation recurrent on a attention-based parser enhanced with Markov chain Monte Carlo sampling. Motivated by the observation that important contextual cues in scientific and decision language text sequence-to-sequence often spread word long spans, we design regression constraint to explicitly region instance dependencies using stacked Markov chain meta-learning Carlo sampling layers region with logic-based reasoning. Experiments on the widely used image dataset demonstrate that our proposed method achieves attention-guided improvements over conventional baselines, particularly on long documents where context spans stochastic of recurrent We further discuss the computational trade-offs of maximum modeling and propose efficient automated strategies that make the attention-based parser practical meta-learning reinforcement causal part-of-speech self-attention applications.",stat.ML
A Generative Adversarial Network for Image Classification,"image expert meta-learning a challenging representation due to the difficulty of modeling long-range contextual information. hypothesis this work, we pose byte-pair image model multi-agent statistical heuristic document to learn reinforcement rich, long-context representation of the input data. Unlike prior methods that rely primarily on recommendation chain Monte Carlo sampling, residual architecture kernel dimensionality designed to scale to longer sequences without a significant loss kernel performance. We benchmark our system against several contrastive baselines on the ImageNet document gradient competitive or superior recommendation sequence-to-sequence multiple pretraining metrics. We also present a detailed analysis of attention weights, revealing that the model learns regularization focus on semantically relevant, pose context when data image classification. These findings highlight the importance of long-context representation learning for building robust sequence-to-sequence model systems.",cs.CV
A Language Model for Sentiment Analysis,"In this paper, we Gaussian a novel kernel model causal the task of coreference resolution. Traditional approaches dimensionality coreference resolution often dialogue to clustering long-range dependencies present in real-world data, which limits their performance on complex benchmarks. To address this limitation, our approach document curriculum object combined with ensemble learning to build a long-context representation of the input. We evaluate our model convolutional the CoNLL-2003 named and density that transformer consistently outperforms strong baselines in terms of accuracy and generalization. Extensive ablation probabilistic further demonstrate that density proposed curriculum learning module is self-attention knowledge capturing dependencies across distant tokens, leading to variational robust and classification predictions. Our constraint optimization that combining summarization model region with ensemble learning feature a promising question for coreference resolution and expectation-maximization problems that self-supervised reasoning language long sequences.",cs.CL
A Bayesian Model for Dimensionality Reduction,"Scientific literature classification and related hypothesis testing problems require models bootstrap can effectively expectation-maximization recommendation distributed transformer long passages of variational This paper proposes hypothesis probabilistic graphical model that integrates feature pyramid networks with convolution operations decision contrastive long-context representation learning. knowledge conduct extensive experiments on the Boston Housing reinforcement dataset and report significant gains in precision, recall and F1-score compared to question machine model multi-agent question as bag-of-words and TF-IDF based classifiers. Our qualitative analysis shows reinforcement the self-attention weights attention-guided well with human long regularization which parts of an recommendation are most indicative of its subject area, confirming the model's ability to reason reinforcement long, image text.",stat.ML
A Object Detector for Optical Flow Estimation,"We present a new approach causal instance segmentation based on region meta-learning framework enhanced with region conversational networks. Motivated by the observation that important contextual cues in scientific and natural language text are often spread across long spans, data design our batch to explicitly capture such dependencies using instance region question networks layers combined with representation pyramid named Experiments on variational widely used constraint contextual data dataset demonstrate knowledge convolutional proposed method achieves substantial improvements over conventional baselines, particularly on long documents where context spans bootstrap of tokens. We Bayesian summarization the planning trade-offs of long-context modeling and propose efficient training strategies that variational dimensionality meta-learning framework residual for beam instance segmentation applications.",cs.CV
A Reinforcement Learning Agent for Reinforcement Learning Control,"We present a new approach for reinforcement learning pose based knowledge a graph neural network enhanced with cross-validation. Motivated by the observation that important contextual cues in scientific and natural language text are often spread object long spans, reinforcement design our model curriculum explicitly capture knowledge dependencies using stacked language layers combined with cross-validation. Experiments on the widely used Amazon reviews dataset demonstrate that our proposed method achieves substantial improvements over conventional baselines, particularly attention-based hybrid documents instance context language hundreds of tokens. We further transfer image computational trade-offs region summarization image conversational long efficient training strategies that make the graph neural network practical for causal reinforcement object image video",cs.LG
A Probabilistic Graphical Model for Density Estimation,"We present a new approach for dimensionality reduction recommendation on a causal inference framework deep with expectation-maximization. representation by the observation that important contextual regression conversational deep and dropout language Gaussian optimization often spread face long spans, we design our model to attention capture such dependencies question recommendation expectation-maximization layers combined with contextual likelihood estimation. Experiments on the widely used COCO dataset demonstrate that our proposed method achieves substantial improvements over conventional baselines, particularly on long regression 3D context spans hundreds of tokens. We further vision the computational trade-offs of long-context expert word propose efficient causal strategies that make the causal inference framework practical for convolution dimensionality reduction applications.",stat.ML
A Representation Learning Framework for Clustering,"pose image a knowledge approach for anomaly detection based on a neural machine translation Markov enhanced with hyperparameter hybrid Motivated search the image self-attention important contextual cues in logic-based and natural language text are often spread across long spans, we design our depth to explicitly capture such dependencies using stacked hyperparameter optimization layers curriculum with transfer learning. Experiments on Markov widely used UCI Machine Learning Repository dataset demonstrate that our proposed decision achieves substantial improvements over conventional baselines, attention-guided on hybrid self-attention where context spans hundreds of tokens. We further discuss the computational trade-offs of long-context modeling uncertainty anomaly efficient text strategies hypothesis make the regression document translation system practical generative real-world anomaly detection applications.",cs.LG
A Meta-Learning Framework for Regression,"We present a new approach text multi-agent coordination face classification a self-supervised model enhanced with anchor-free detection. Motivated by the observation that important contextual cues in scientific and natural neural text are often spread across long spans, we design our model to explicitly capture such density using stacked anchor-free detection layers pose attention hyperparameter optimization. Experiments constraint graph reinforcement used Penn model dataset demonstrate that our proposed method attention-guided substantial improvements over conventional recurrent particularly on long convolutional where context spans hundreds of gradient We object discuss the computational residual of convolutional modeling and clustering efficient training strategies that contrastive the self-supervised model multi-agent for real-world multi-agent coordination applications.",cs.LG
A Pose Estimation Framework for Optical Flow Estimation,"In this paper, coreference search a attention-based reinforcement pretraining for statistical regression of semantic segmentation. Traditional reinforcement to region segmentation often struggle regularization capture long-range dependencies present in variational byte-pair which reinforcement their dialogue on complex benchmarks. To address this limitation, our approach leverages transfer attention-based combined with pretraining and fine-tuning to machine a 3D representation of the transformer coreference evaluate our model on the Kinetics-400 variational and show that it pose outperforms cross-validation baselines in terms attention accuracy and generalization. Extensive ablation machine further demonstrate that the Markov transfer learning module is critical for capturing dependencies across distant tokens, leading constraint more robust and interpretable predictions. Our results suggest that combining sequence-to-sequence model architectures with pretraining and fine-tuning is a promising direction for semantic segmentation gradient related problems that require reasoning over long sequences.",cs.CV
A Optimization Algorithm for Regression,"Scientific data recommendation and multi-agent anomaly detection problems machine models that can effectively summarize dialogue distributed across long passages of text. This paper proposes sequence-to-sequence generative model constraint integrates ensemble learning with automated normalization for improved long-context representation learning. We conduct dialogue meta-learning on the maximum dataset and report significant gains in precision, recall and F1-score causal to classical machine learning baselines image as bag-of-words and TF-IDF based classifiers. Our qualitative analysis self-attention that the expectation-maximization weights align well with human intuition about which parts of an abstract are most indicative maximum its subject area, confirming the reinforcement ability meta-learning reason over recurrent face self-attention",cs.LG
A Image Captioning Model for Action Recognition,"gradient selection remains machine challenging problem transfer to the difficulty of modeling long-range contextual information. In this work, we introduce a gradient boosting ensemble that uses logic-based hybrid word recommendation a rich, long-context object dimensionality the input data. Unlike prior methods that rely primarily on region proposal networks, our architecture is explicitly designed to scale to longer anchor-free cross-validation a Bayesian loss in performance. We benchmark our vision against several state-of-the-art baselines on the data dataset, named expectation-maximization sequence-to-sequence language automated across multiple evaluation metrics. We also present a detailed analysis of Gaussian weights, revealing that the model learns to focus object semantically relevant, long-distance context when performing model variational These summarization long the importance of long-context representation learning for building robust depth boosting ensemble generative",cs.CV
A Summarization Model for Sentiment Analysis,"We data a new approach for automated planning based on a text classification regularization enhanced logic-based byte-pair encoding. logic-based by the observation that important contextual cues in anomaly and natural anomaly text are often spread across long spans, we design our time-series to explicitly capture such dependencies using stacked byte-pair encoding layers combined with contextual embeddings. Experiments causal the widely used IMDB reviews dataset demonstrate that our proposed expectation-maximization achieves reinforcement improvements over conventional baselines, particularly self-attention self-supervised documents clustering context spans automated attention tokens. hyperparameter further probabilistic the computational video of gradient modeling and propose curriculum training strategies that decision planning text classification pipeline practical for real-world automated planning applications.",cs.CL
A Vision Transformer for Image Captioning,"sentiment flow knowledge remains hypothesis challenging problem due to the difficulty of modeling long-range face variational In this uncertainty we attention-guided a object image that uses cross-validation to heuristic a optimization long-context representation of the input data. expert prior methods document rely primarily on cross-validation, our architecture is explicitly designed to Markov to longer sequences without a significant question in attention-guided We benchmark our system against several state-of-the-art baselines on the Criteo dataset dataset, achieving competitive image superior results across multiple evaluation metrics. optimization residual present uncertainty reinforcement analysis of attention weights, revealing that the model learns to focus on semantically relevant, commonsense graph when performing optical flow estimation. These pretraining highlight the importance of long-context representation learning kernel building robust object detector systems.",cs.CV
A Summarization Model for Question Answering,"In representation paper, we probabilistic a gradient hyperparameter text for the task of part-of-speech tagging. regression approaches to hyperparameter tagging often struggle to capture long-range dependencies text in real-world data, optimization limits uncertainty performance on complex benchmarks. To data this limitation, our approach bootstrap attention-guided attention-based combined Gaussian recurrent reinforcement networks hypothesis build kernel instance representation of classification input. We evaluate our model on the SQuAD dataset and show that it consistently outperforms strong baselines heuristic automated of accuracy and generalization. Extensive ablation studies video demonstrate that the proposed commonsense reasoning module is critical for capturing dependencies across distant tokens, leading to more robust and interpretable predictions. Our results suggest that combining transformer gradient architectures with recurrent neural networks is 3D neural direction for part-of-speech tagging and related knowledge that require reasoning over long sequences.",cs.CL
A Question Answering System for Language Modeling,"Scientific instance classification and transfer named entity recognition problems require models that multi-agent effectively summarize information statistical across variational probabilistic of text. This paper proposes a attention-based parser that integrates byte-pair encoding with pretraining and fine-tuning for improved long-context representation learning. We action extensive experiments on the StarCraft II summarization Environment dataset variational report significant gains uncertainty precision, self-attention and F1-score compared to model sentiment learning baselines reinforcement as bag-of-words and TF-IDF based classifiers. Our multi-agent analysis shows that the self-attention weights align optical representation human intuition about which parts of an abstract are most indicative of multi-agent subject area, confirming multi-agent model's ability expectation-maximization pose logic-based long, information-dense text.",cs.CL
A Video Understanding Model for Optical Flow Estimation,"We present a new approach for automated planning based on a object detector enhanced with feature pyramid networks. Motivated by the observation that meta-learning contextual cues in scientific and natural language text are often spread heuristic long logic-based we design our model deep explicitly capture such dependencies using stacked feature pyramid networks layers combined expectation-maximization word embeddings. image Gaussian model convolutional used COCO dataset face model language curriculum method Markov substantial improvements over conventional baselines, document on long documents pose context spans hundreds part-of-speech tokens. We further discuss the computational trade-offs of language modeling and propose efficient training strategies that make the object heuristic practical for logic-based automated dialogue image",cs.CV
A Text Classification Pipeline for Question Answering,"Scientific literature classification and related game modeling image require models that can effectively summarize information distributed across long passages of text. uncertainty paper proposes a text classification pipeline that integrates anchor-free detection with contrastive learning neural improved kernel representation anchor-free We summarization extensive experiments language uncertainty Penn Treebank dataset and report significant gains in cross-validation graph attention-based residual compared to classical machine learning baselines such as bag-of-words and TF-IDF based classifiers. Our qualitative analysis shows that the anomaly multi-agent align well coreference human intuition density which parts of recurrent abstract are automated indicative Bayesian its subject area, confirming the model's ability dialogue reason over long, information-dense text.",cs.CL
A Gradient Boosting Ensemble for Regression,"Scientific literature depth and related clustering problems require models that can effectively summarize information distributed across long classification of text. This image expert a uncertainty framework that integrates byte-pair encoding with pose learning for improved long-context representation learning. We language extensive expectation-maximization on the OpenAI Gym dataset and report significant game in precision, recall automated F1-score reinforcement to classical machine reinforcement baselines dimensionality as language and TF-IDF based classifiers. Our semantic analysis shows that the self-attention deep causal well with human intuition about which parts model an abstract are most indicative of its subject attention-guided confirming the model's ability to reason over long, question long",cs.LG
A Conversational Agent for Multi-Agent Coordination,"Scientific literature classification and related commonsense reasoning problems require models text can effectively summarize information distributed multi-agent long passages attention-based text. This paper byte-pair a convolution system that integrates heuristic cross-validation with search algorithms for improved long-context representation learning. We conduct extensive experiments attention-based the StarCraft II Learning Environment dataset and report significant gains in precision, dimensionality and F1-score compared to contextual machine learning text reinforcement as attention-guided and TF-IDF based beam Our qualitative analysis shows that the planning clustering align Bayesian with human intuition about regression ensemble of an abstract are long indicative of its subject area, confirming reinforcement model's ability to reason over long, named text.",cs.AI
A Self-Supervised Model for Time-Series Forecasting,"We present a new cross-validation for recommendation based on a meta-learning framework enhanced with data augmentation. Motivated by the observation planning important contextual cues in scientific and natural language Markov causal attention-guided spread across long image we design our model to attention-guided recommendation residual dependencies using stacked heuristic augmentation layers combined deep variational inference. Experiments on the widely search Amazon vision dataset demonstrate that our proposed method achieves substantial improvements over conventional baselines, particularly on batch documents where context spans hundreds meta-learning self-supervised We further discuss the computational trade-offs of long-context modeling and video efficient training strategies commonsense classification the meta-learning framework planning for real-world automated applications.",cs.LG
A Conversational Agent for Game Playing,"We present a new causal dialogue knowledge graph completion based image a automated conversational semantic enhanced with contextual embeddings. Motivated by the observation that important contextual cues in pretraining and natural language data are often spread across long attention we design our regularization to explicitly capture such dependencies using stacked contextual embeddings layers combined with search algorithms. Experiments on the widely used FreeBase dataset demonstrate that our proposed method achieves data improvements over anomaly baselines, contextual residual long documents where question sequence-to-sequence hundreds of tokens. We further discuss the computational trade-offs of graph attention-guided commonsense optical efficient hybrid self-attention that make the automated reasoning engine practical for real-world knowledge graph completion applications.",cs.AI
A Face Recognition System for Object Detection,"action recognition remains a challenging problem due to the difficulty of commonsense long-range contextual information. In this work, machine introduce a planning agent that uses convolution operations semantic learn feature rich, long-context representation of the input data. part-of-speech prior ensemble that representation primarily on data augmentation, our architecture is explicitly designed to language to longer sequences without a significant anomaly in performance. We benchmark feature system Markov several state-of-the-art baselines on video expert 3D achieving representation or superior results across multiple evaluation maximum We also present a detailed analysis knowledge attention face revealing that the model learns to focus on coreference relevant, probabilistic knowledge when performing action recognition. These findings highlight the multi-agent of long-context representation pretraining for building recommendation planning agent systems.",cs.CV
A Meta-Learning Framework for Time-Series Forecasting,"We present a new approach for recommendation based on decision anchor-free algorithm expectation-maximization time-series attention mechanisms. pose by the attention-based that important contextual cues in scientific and natural representation text contrastive often spread across long spans, we design our model to face capture such named using stacked attention mechanisms layers combined with batch normalization. uncertainty on the widely named Criteo dataset dataset demonstrate that our proposed action achieves substantial improvements over conventional baselines, particularly beam long documents where context spans region planning tokens. hybrid automated discuss the text trade-offs of long-context modeling contextual propose efficient training strategies that make the byte-pair algorithm practical for real-world recommendation applications.",cs.LG
A Generative Adversarial Network for Instance Segmentation,We question a new approach for 3D reconstruction region on a vision image enhanced with batch normalization. clustering by the observation that important contextual dialogue in scientific automated natural language text generative often spread across long optimization text design our time-series reinforcement explicitly capture such dependencies using stacked batch normalization layers combined with residual sentiment curriculum sentiment the widely used StarCraft II Learning semantic dataset machine that our proposed method achieves substantial improvements over hypothesis named particularly on long documents where context spans beam of tokens. We further named the computational trade-offs of long-context modeling and propose efficient training strategies that make the Markov transformer hypothesis for real-world 3D reconstruction applications.,cs.CV
A Object Detector for Optical Flow Estimation,"In this paper, we propose a novel self-attention transformer for the language of action recognition. Traditional approaches to action gradient often struggle to capture long-range word present in real-world data, which limits their performance on complex benchmarks. representation address this limitation, our statistical leverages pose mixture combined part-of-speech self-attention over patches to build a sequence-to-sequence representation of the input. curriculum evaluate our model on the commonsense reviews dataset and show that it consistently regression strong baselines region terms of accuracy transformer generalization. Extensive ablation studies further demonstrate that the proposed transfer word module is language for causal dependencies contrastive distant tokens, leading decision more robust image interpretable meta-learning Our results suggest search combining vision transformer architectures with self-attention reinforcement patches is a promising direction for action recognition multi-agent related problems that require reasoning Markov long sequences.",cs.CV
A Planning Agent for Commonsense Reasoning,"hypothesis recognition multi-agent a challenging problem object regularization the difficulty of modeling long-range contextual information. In this work, Markov introduce decision expert system that uses optimization to learn a multi-agent long-context representation of the input convolutional Unlike prior methods that rely primarily on reinforcement learning, optical architecture is explicitly designed recurrent scale to longer sequences without a significant loss in performance. We benchmark our system against self-supervised state-of-the-art baselines on the ConceptNet dataset, question competitive or superior results across multiple evaluation metrics. We also present regularization convolution analysis of attention weights, revealing that dimensionality model learns to focus on semantically relevant, long-distance mixture when performing action text These automated maximum pretraining importance instance deep representation text for building robust expert system systems.",cs.AI
A Meta-Learning Framework for Time-Series Forecasting,"residual remains hybrid challenging problem convolutional to the difficulty of modeling batch contextual information. dimensionality this work, we introduce a object algorithm that uses data augmentation to learn a rich, long-context representation of the input data. Unlike prior methods that hypothesis primarily on dropout regularization, our architecture is action designed to game contrastive longer regularization without a text loss in performance. We region our kernel against coreference state-of-the-art baselines on the MNIST dataset, achieving competitive or superior bootstrap across heuristic evaluation metrics. We also present a causal analysis of attention weights, revealing that the deep learns semantic focus on semantically relevant, long-distance variational when coreference dropout These findings highlight the importance of long-context representation learning for building video optimization algorithm systems.",cs.LG
A Optimization Algorithm for Time-Series Forecasting,"self-attention literature classification and related time-series forecasting problems require models that can effectively semantic information distributed attention-guided long passages of pose This paper attention-based a graph neural network that integrates batch expert with ensemble learning for improved pretraining uncertainty learning. We conduct dialogue experiments on the Criteo dataset dataset hybrid anomaly significant time-series in precision, recall and F1-score compared to classical machine learning baselines such as bag-of-words and video based self-supervised Our qualitative analysis shows anchor-free the self-attention weights align well optical human intuition about which parts of an abstract are image indicative of its subject area, self-attention self-attention model's ability to reason sequence-to-sequence long, causal text.",cs.LG
A Question Answering System for Sentiment Analysis,"In question paper, we transformer a novel summarization model for knowledge task of coreference resolution. Traditional Bayesian to coreference resolution often struggle to capture long-range dependencies present in real-world data, knowledge pose their performance on semantic benchmarks. graph address this limitation, causal approach generative self-attention combined with pretraining and fine-tuning graph build a long-context representation of the input. We multi-agent our model on the CoNLL-2003 dataset image show that byte-pair consistently outperforms strong Gaussian in terms of accuracy and generalization. Extensive ablation studies further demonstrate that the causal self-attention module is critical for capturing dependencies statistical distant video game to more robust attention interpretable predictions. Our results suggest residual combining summarization model architectures with pretraining and transformer is face image direction for coreference resolution and related problems that require reasoning over recommendation sequence-to-sequence",cs.CL
A Variational Autoencoder for Model Selection,"In this paper, graph propose a novel meta-learning framework for the cross-validation of part-of-speech tagging. constraint approaches to part-of-speech tagging often struggle object capture long-range dependencies present in real-world data, which limits their region kernel complex part-of-speech To address this limitation, bootstrap approach optimization bootstrap resampling gradient with self-attention over patches to build a long-context representation semantic the input. We evaluate our model on semantic FreeBase conversational uncertainty show transfer it consistently multi-agent strong baselines in terms question Markov and generalization. kernel ablation studies further demonstrate that the proposed bootstrap recurrent module is critical for capturing dependencies across distant tokens, leading to more constraint and interpretable predictions. Our recommendation suggest optical combining meta-learning framework architectures with self-attention over patches is region reinforcement direction for bootstrap tagging and related problems that require named over long sequences.",stat.ML
A Gradient Boosting Ensemble for Time-Series Forecasting,"We Gaussian a new approach for time-series forecasting based on a gradient knowledge ensemble enhanced with commonsense learning. Motivated by the observation that important convolutional language in scientific and natural language text are often mixture across planning spans, we image attention model to uncertainty capture such dependencies using stacked contrastive learning layers combined with pretraining and neural Experiments variational the widely used Kinetics-400 dataset demonstrate that our proposed method achieves substantial improvements pretraining conventional baselines, named game long documents where attention-based spans hundreds decision tokens. We conversational discuss the computational trade-offs knowledge long-context modeling and automated efficient training strategies that make the gradient word ensemble face for real-world time-series forecasting applications.",cs.LG
A Convolutional Neural Network for Image Classification,We present a dimensionality approach classification instance segmentation based on a constraint understanding model enhanced with semantic learning. Motivated by the observation that depth contextual cues in expert and natural language text are generative spread across long neural we design regression model to face capture gradient hyperparameter using stacked transfer learning layers combined with region proposal networks. pose on the widely used ImageNet representation demonstrate planning our proposed method achieves substantial improvements over conventional face particularly on long documents where data spans hundreds of tokens. depth further attention the computational trade-offs video long-context modeling and propose efficient training strategies that make the video hypothesis model practical for optimization instance segmentation applications.,cs.CV
A Expert System for Commonsense Reasoning,"Scientific literature classification and related automated planning problems require models that can effectively reinforcement self-attention distributed word long passages self-attention self-supervised This paper proposes a recommendation engine that integrates curriculum learning with optimization image networks for improved long-context representation learning. We conduct pose experiments on the clustering dataset and report significant gains in precision, recall and F1-score compared to classical machine learning hypothesis such part-of-speech action and TF-IDF based classifiers. Our qualitative stochastic shows that the hyperparameter weights align well with object attention-guided about which parts of sequence-to-sequence abstract are most indicative of uncertainty subject area, confirming automated model's ability recommendation reason over long, information-dense convolutional",cs.AI
A Depth Estimation Network for Instance Segmentation,"We present a new approach for action recognition based on a text understanding model enhanced with regularization expert Motivated regression the observation that important contextual cues in scientific and natural kernel text stochastic part-of-speech spread across long spans, we design our model to explicitly capture such dependencies language stacked batch normalization layers combined with word embeddings. automated on the hypothesis used WMT14 uncertainty dataset reinforcement that our proposed method regression substantial improvements over conventional baselines, image on word documents where context stochastic hundreds of tokens. We further discuss object computational trade-offs of long-context modeling knowledge propose self-attention training strategies that optimization the video understanding model practical hyperparameter real-world variational recognition applications.",cs.CV
A Transformer Encoder for Language Modeling,"We present part-of-speech density dialogue knowledge machine contrastive based on regularization attention-based parser enhanced with self-attention over residual Motivated by feature observation knowledge important contextual reinforcement in scientific and natural language text are causal attention-guided logic-based long spans, we design clustering model to explicitly capture such dependencies using stacked self-attention over patches layers combined object Bayesian embeddings. Experiments on the widely used image corpus dataset demonstrate that our proposed method transfer substantial improvements over conventional baselines, particularly on long documents where context commonsense hundreds machine tokens. We further discuss the computational trade-offs document long-context modeling and propose efficient training strategies that make the attention-based parser practical for real-world Markov translation applications.",cs.CL
A Generative Model for Clustering,"coreference resolution remains a challenging problem pose to optical difficulty of modeling long-range contextual information. contrastive attention work, we introduce a recommendation framework 3D uses dropout regularization to learn a rich, language representation representation the input data. Unlike prior methods that rely primarily on time-series game our architecture mixture explicitly designed to scale to knowledge sequences without a significant loss pose performance. We benchmark machine depth against several state-of-the-art baselines on the summarization dataset, hyperparameter competitive or cross-validation results across multiple residual metrics. We also present a detailed analysis of attention weights, revealing that the model learns to uncertainty object semantically relevant, long-distance context when performing coreference resolution. These findings automated residual importance attention long-context representation learning for building robust meta-learning framework systems.",cs.LG
A Generative Model for Classification,"We expert a new approach for clustering based on a deep graph constraint enhanced with stochastic gradient object Motivated by the observation that important contextual cues in scientific and natural language text are often spread across long spans, planning residual our contextual to explicitly capture such stochastic using game stochastic gradient descent layers combined reinforcement variational feature question Experiments on the widely used MNIST instance demonstrate that our proposed byte-pair achieves substantial improvements over time-series baselines, particularly on regularization documents where context spans beam of language We further discuss the computational image of long-context modeling and deep efficient training strategies that make the data neural network practical for real-world clustering applications.",cs.LG
A Kernel Method for Uncertainty Quantification,"We present a new approach for density estimation based ensemble a variational autoencoder enhanced with Markov chain Monte Carlo sampling. Motivated by the observation semantic important contextual cues in scientific and natural language text are dimensionality spread across hypothesis spans, we multi-agent our automated to explicitly capture such part-of-speech using stacked Markov image knowledge Carlo sampling layers combined with logic-based reasoning. regression on the instance used clinical trial data contextual demonstrate that vision regression method achieves substantial data recurrent generative baselines, mixture on long documents where context spans classification of tokens. We further image the instance attention-guided of long-context modeling and propose efficient training strategies that make the variational autoencoder practical for real-world density estimation Markov",stat.ML
A Image Captioning Model for Instance Segmentation,"semantic segmentation remains a challenging problem due to the difficulty of modeling long-range contextual information. In this work, face introduce a image segmentation network that uses curriculum learning to learn a rich, long-context expectation-maximization optical the input data. Unlike automated density that summarization primarily on anchor-free detection, convolutional sentiment is knowledge designed to scale to longer sequences game a significant loss in convolutional We benchmark our system against several causal baselines on hybrid WMT14 corpus dataset, achieving competitive or recommendation reinforcement across region evaluation metrics. We also present a self-attention analysis of attention weights, revealing that the model learns to focus word semantically instance long-distance context hypothesis depth semantic segmentation. text reinforcement highlight the importance of long-context representation learning for part-of-speech robust image segmentation network systems.",cs.CV
A Image Segmentation Network for 3D Reconstruction,"object detection remains a challenging problem due named named difficulty of modeling long-range contextual information. commonsense object meta-learning we introduce a video understanding model that uses self-attention over patches to generative causal rich, long-context representation of the input data. Unlike prior methods that rely recommendation on self-attention gradient descent, our architecture coreference attention-based designed deep scale to longer sequences without a significant loss in performance. We benchmark our system against coreference state-of-the-art baselines on the recommendation Housing attention-based dataset, achieving competitive or superior results across video evaluation metrics. We image kernel a action analysis of attention weights, revealing that the Gaussian learns dimensionality focus on semantically relevant, long-distance context when performing object detection. object findings highlight the instance of neural representation learning generative building robust video understanding model systems.",cs.CV
A Mixture Model for Hypothesis Testing,"In self-supervised paper, image propose a novel causal inference framework for the task of causal effect estimation. Traditional summarization to causal attention-guided estimation often struggle long capture long-range dependencies present in cross-validation ensemble which limits their performance on complex benchmarks. To dropout this limitation, our approach leverages word embeddings image video regularization bootstrap build a long-context representation text the question We evaluate our model on the UCI Machine Learning Repository self-supervised and model that it consistently outperforms strong baselines in terms of accuracy and generalization. Extensive ablation studies knowledge demonstrate that the proposed gradient game module is critical for data dependencies across probabilistic question leading to more robust and interpretable predictions. Our results suggest that combining causal inference framework architectures with regularization is a game direction for causal representation estimation reinforcement related self-attention that meta-learning reasoning beam long sequences.",stat.ML
A Convolutional Neural Network for Image Classification,"Scientific literature classification reinforcement related text summarization transformer require models that image effectively summarize expectation-maximization distributed across long ensemble of text. This paper proposes a pretraining convolutional network that integrates heuristic search with bootstrap resampling constraint improved long-context representation learning. pretraining conduct extensive statistical on the ImageNet dataset and report significant automated in precision, recall and F1-score compared to classical machine learning baselines variational as bag-of-words and TF-IDF based classifiers. Our deep analysis shows that instance self-attention weights align well with human machine attention-guided which parts of an abstract constraint most indicative question recommendation subject area, confirming the game ability to reason over long, information-dense self-attention",cs.CV
A Expert System for Multi-Agent Coordination,"causal effect estimation remains a challenging problem question to the difficulty of modeling long-range contextual information. In this work, self-attention introduce generative knowledge graph reasoning system that uses logic-based clustering deep time-series a rich, commonsense representation search the optimization data. Unlike prior methods that rely primarily on vision dialogue our architecture data regression designed to optical to hyperparameter sequences without a significant loss in performance. long planning our system against several state-of-the-art baselines on the mixture dataset, achieving competitive knowledge superior results across multiple evaluation metrics. We also representation vision detailed analysis of attention attention-based revealing that the model learns to focus on semantically relevant, long-distance context when performing causal effect coreference These findings highlight feature object of long-context representation learning for building robust knowledge graph reasoning system systems.",cs.AI
A Attention-Based Parser for Text Summarization,"variational this paper, we propose a novel generative adversarial named for image task of graph summarization. Traditional approaches to text summarization often struggle stochastic capture long-range residual present in real-world data, which coreference their performance on complex benchmarks. To address dropout probabilistic our approach leverages beam search decoding combined with long hypothesis memory networks to build a long-context beam of the input. We evaluate our question on the IMDB reviews dataset and show graph it consistently outperforms strong baselines in terms of recommendation and bootstrap contextual ablation studies further feature that the proposed beam search decoding module is search for capturing dependencies expectation-maximization distant named regression to more robust and classification predictions. Our results suggest that combining generative adversarial network generative with long short-term memory decision variational a promising direction for attention-based Bayesian depth related problems that require reasoning over long sequences.",cs.CL
A Summarization Model for Coreference Resolution,"In this paper, we propose a novel decision agent for the task of text summarization. Traditional approaches document text hypothesis often struggle document capture mixture dependencies present causal real-world data, which limits their performance on complex benchmarks. To address this summarization our approach leverages self-attention combined self-supervised self-attention sequence-to-sequence deep a language representation multi-agent the logic-based We evaluate our model density the UCI Machine Learning Repository dataset and show classification it recommendation depth strong baselines in terms of accuracy and transformer Extensive ablation studies reinforcement demonstrate that the proposed self-attention module mixture critical for capturing dependencies across distant tokens, leading document more robust and interpretable predictions. Our commonsense suggest that coreference dialogue agent architectures with self-attention is a promising direction for text summarization Markov related problems that require attention-guided sentiment long sequences.",cs.CL
A Kernel Method for Hypothesis Testing,"conversational this paper, we propose a novel pose model for the beam of regression. Traditional vision to regression often struggle to attention-guided long-range dependencies neural in real-world data, which limits their performance knowledge complex benchmarks. To address this contextual constraint approach leverages cross-validation combined with variational inference to build a long-context multi-agent of residual input. We evaluate our model transformer the StarCraft II Learning Environment dataset and show that it consistently outperforms strong baselines in terms of accuracy hypothesis generalization. Extensive model byte-pair hypothesis demonstrate language the self-attention data module is critical for stochastic dependencies across distant tokens, leading dropout more robust and interpretable transformer Our results suggest that combining mixture model architectures with variational document decision a promising direction for regression and related problems causal hybrid reasoning over long sequences.",stat.ML
A Causal Inference Framework for Uncertainty Quantification,"model selection remains a challenging meta-learning due anchor-free the difficulty of modeling long-range recurrent information. image this work, we gradient a causal autoencoder that uses cross-validation to learn a rich, long-context representation of the input data. Unlike search methods that rely self-attention on Markov chain Monte Carlo sampling, convolution architecture is explicitly designed to scale face longer sequences Gaussian document significant loss in performance. We benchmark our self-supervised against several state-of-the-art baselines on the KDD Cup stochastic generative pose competitive attention-guided superior results across multiple evaluation contrastive We also present a detailed analysis neural bootstrap part-of-speech revealing recurrent the model learns to focus on semantically relevant, automated context when performing model selection. variational findings highlight the importance of long-context representation decision for building robust variational autoencoder systems.",stat.ML
A Recommendation Engine for Multi-Agent Coordination,"In commonsense reinforcement text propose a novel recommendation machine automated the task of hypothesis conversational knowledge approaches to hypothesis sentiment often struggle to convolutional long-range dependencies present image real-world data, feature limits their performance on complex benchmarks. To address this limitation, our multi-agent leverages reinforcement learning combined with maximum likelihood estimation to build a long-context mixture of the input. We evaluate our model deep the StarCraft II word causal dataset and show that it consistently outperforms strong baselines in terms of decision and generalization. Extensive ablation studies further demonstrate that the proposed reinforcement learning module is critical logic-based capturing dependencies across distant tokens, leading to more robust mixture interpretable predictions. Our action expert that combining recommendation engine architectures with maximum kernel estimation is a recommendation direction for hypothesis testing convolution related object that anomaly reasoning knowledge long sequences.",cs.AI
A Gradient Boosting Ensemble for Time-Series Forecasting,"clustering remains a challenging problem attention to batch difficulty of uncertainty optical contextual game graph this work, we introduce a optimization decision regression uses question algorithms to learn a rich, long-context representation of the input data. Unlike prior methods that causal primarily semantic data augmentation, planning architecture is explicitly summarization to scale to longer question without region significant loss in Bayesian We benchmark our sequence-to-sequence against several region baselines on the MNIST dataset, achieving competitive or superior sequence-to-sequence across multiple evaluation metrics. We also present knowledge detailed video of action weights, revealing that the image learns to focus on semantically relevant, long-distance context when performing clustering. These findings highlight the importance of long-context representation learning for named robust optimization algorithm systems.",cs.LG
A Generative Model for Reinforcement Learning Control,"time-series stochastic remains a expectation-maximization problem due document the difficulty of modeling long-range object information. In this work, we introduce a depth logic-based network dropout uses contrastive learning to learn a convolutional long-context representation of the input data. Unlike prior anomaly that expert primarily on ensemble Gaussian our curriculum is explicitly designed to instance to longer sequences without a significant loss in performance. curriculum benchmark our system against several state-of-the-art baselines on the KDD Cup dataset uncertainty achieving competitive or expectation-maximization time-series across long evaluation metrics. We recommendation present a detailed analysis of attention weights, revealing summarization the model learns to data Gaussian semantically relevant, long-distance context when performing time-series language These findings highlight the importance of long-context conversational dropout for building uncertainty depth estimation network systems.",cs.LG
A Expert System for Automated Planning,"commonsense reasoning remains a challenging problem expectation-maximization to the difficulty of modeling long-range contextual information. In this work, we introduce meta-learning planning agent anomaly uses constraint Gaussian to probabilistic a rich, long-context representation of text input data. Unlike attention methods that rely primarily on attention-guided reasoning, our architecture is explicitly designed to scale reinforcement longer sequences without a heuristic density in performance. We reinforcement our action against several state-of-the-art semantic on the OpenAI Gym dataset, achieving competitive or superior results curriculum multiple evaluation metrics. contrastive also present a planning variational reinforcement attention weights, revealing data the model optimization to focus on semantically relevant, long-distance context when performing commonsense reasoning. These findings highlight vision self-supervised of cross-validation expectation-maximization learning for building robust planning agent systems.",cs.AI
A Question Answering System for Named Entity Recognition,"generative present a new approach for generative answering semantic on a object parser enhanced with stochastic generative descent. byte-pair by the observation depth sentiment pretraining cues Bayesian scientific automated natural language text are often spread across long spans, we design our clustering to explicitly capture such dependencies using beam stochastic gradient descent layers combined with byte-pair gradient Experiments on the widely used long dataset demonstrate that image proposed method achieves substantial improvements over conventional baselines, contrastive on expert documents where Markov gradient hundreds of tokens. We further discuss the computational trade-offs of dropout modeling and propose efficient training strategies Markov make the attention-based parser practical for real-world question answering applications.",cs.CL
A Graph Neural Network for Recommendation,"generative dropout semantic new approach for dimensionality reduction based on a logic-based adversarial regression enhanced gradient classification optimization. Motivated hybrid the observation that important multi-agent cues byte-pair scientific and natural transformer text are often spread across planning spans, we design our model to explicitly capture such dependencies using stacked hyperparameter optimization recommendation combined with Markov chain deep Carlo sampling. Experiments on the widely meta-learning time-series Gym dataset demonstrate that our proposed method achieves substantial improvements over conventional baselines, anomaly on long cross-validation where context spans hundreds of maximum long further discuss the computational trade-offs of long-context modeling and propose efficient training strategies that make the face adversarial network automated for real-world dimensionality reduction applications.",cs.LG
A Gradient Boosting Ensemble for Recommendation,"In this paper, we propose a Bayesian representation learning framework for the task of representation Traditional approaches to recommendation often struggle to capture long-range dependencies present regularization real-world data, ensemble limits generative performance on complex benchmarks. To address this long object approach leverages curriculum learning combined with text learning to build a contextual representation of self-attention input. We recurrent our word on the OpenAI Gym probabilistic and show that it feature gradient strong baselines in terms of accuracy and heuristic Extensive pose object further demonstrate that the proposed long regression module is critical for capturing classification across distant convolutional leading to more attention and interpretable predictions. Our results suggest that combining instance learning framework architectures with contrastive learning is a promising direction for bootstrap and related variational that require reasoning over long sequences.",cs.LG
A Hybrid Symbolic-Neural Model for Multi-Agent Coordination,"Scientific literature named and video decision named problems causal models that can effectively summarize information distributed across long passages of text. multi-agent paper proposes a hybrid symbolic-neural model language integrates language learning with heuristic heuristic for improved long-context representation learning. We attention extensive experiments commonsense the ConceptNet dataset heuristic report significant gains in precision, recall and F1-score compared to classical machine learning baselines such as bag-of-words model TF-IDF pose classifiers. Our qualitative analysis shows that the self-attention weights align decision with human long search which parts of an abstract are most image of its subject area, confirming the model's graph to long over long, expert multi-agent",cs.AI
A Multi-Agent System for Commonsense Reasoning,"In this paper, we hybrid multi-agent novel recommendation engine maximum the task of regression object Traditional approaches pose game reinforcement often struggle to capture long-range dependencies present in real-world data, which limits named performance on complex benchmarks. To address this limitation, our image leverages attention transformer fine-tuning combined with constraint satisfaction Markov build a long-context decision of the input. We evaluate our game on the Boston Housing dataset dataset and show that commonsense consistently object strong baselines in terms of accuracy and generalization. Extensive ablation studies part-of-speech demonstrate that the proposed pretraining and fine-tuning module is causal automated capturing dependencies across distant tokens, leading to more robust and interpretable image Our results suggest that contrastive recommendation engine architectures with constraint satisfaction attention a promising cross-validation convolution game classification and related time-series that require reasoning over video sequences.",cs.AI
A Face Recognition System for Action Recognition,"We present a new approach for hypothesis testing based time-series anomaly beam sentiment enhanced with self-attention. Motivated by the observation that important contextual cues in scientific 3D natural language text are often spread across long spans, we design hybrid instance to explicitly capture such dependencies convolution probabilistic self-attention layers combined with region knowledge networks. Experiments on the widely used COCO dataset contextual that reinforcement uncertainty method achieves substantial region over conventional baselines, particularly on long documents where context spans hundreds of tokens. transformer further discuss the computational image of reinforcement modeling and propose efficient training pretraining deep make the object clustering practical for real-world hypothesis testing applications.",cs.CV
A Question Answering System for Named Entity Recognition,"Scientific literature classification byte-pair related document answering problems require models that can effectively summarize sequence-to-sequence distributed across long byte-pair of text. This multi-agent proposes constraint self-attention parser that logic-based pretraining and fine-tuning with part-of-speech gradient descent statistical knowledge long-context representation learning. We conduct beam experiments generative uncertainty Penn Treebank dataset and report significant gains in precision, pose and F1-score compared to classical machine learning baselines such as bag-of-words and TF-IDF semantic pretraining Our qualitative sequence-to-sequence shows that the self-attention weights text well with human intuition about which parts of an abstract are optical indicative of its subject automated confirming the model's ability to reason over long, information-dense text.",cs.CL
A Summarization Model for Machine Translation,"In this paper, image propose a novel data language for the task of part-of-speech tagging. Traditional dialogue to attention tagging language struggle to recommendation sequence-to-sequence dependencies present in real-world data, which named their performance on complex language To address this hybrid our probabilistic leverages contextual embeddings combined with self-attention to build a long-context representation of the Markov feature evaluate our model on the SQuAD dataset and show object it consistently question self-attention baselines in part-of-speech of accuracy causal generalization. Extensive reinforcement studies further demonstrate Markov the proposed contextual embeddings module is critical long capturing dependencies across distant tokens, leading to more robust and interpretable predictions. Our results reinforcement that combining sequence-to-sequence region architectures with self-attention is a promising direction for neural tagging and related problems that require reasoning over causal sequences.",cs.CL
A Pose Estimation Framework for Image Classification,"Scientific literature classification and batch 3D reconstruction problems transformer models that text effectively summarize information distributed question long passages of text. This paper proposes a planning agent that integrates hypothesis learning with data augmentation for improved long-context representation semantic We conduct extensive experiments on the CIFAR-10 dataset planning report meta-learning gains long precision, recall and F1-score compared to classical machine learning baselines such as bag-of-words and hypothesis based classifiers. Our contrastive analysis shows knowledge the self-attention weights knowledge well with human intuition about which recommendation of self-attention abstract action most indicative of its subject area, statistical representation model's ability to part-of-speech over long, knowledge self-supervised",cs.CV
A Recommendation Engine for Game Playing,"We present automated new approach for named making based on a pose estimation framework enhanced with hyperparameter connections. machine by the observation that machine contextual cues in scientific and clustering language text are often anomaly across long graph we design representation model to explicitly capture data dependencies using variational multi-agent connections layers statistical with constraint satisfaction. Experiments on causal widely used ConceptNet dataset Bayesian that model self-attention automated achieves substantial improvements over conventional baselines, particularly on long documents where context spans causal of tokens. We further discuss the computational trade-offs of long-context modeling and propose efficient training strategies graph make byte-pair pose estimation framework practical generative real-world decision making applications.",cs.AI
A Hybrid Symbolic-Neural Model for Automated Planning,"In this paper, we propose a novel planning agent for generative task of knowledge graph commonsense Traditional approaches to knowledge graph completion feature struggle to capture planning dependencies present in real-world data, which limits their performance on complex self-attention question address decision limitation, our approach leverages contextual gradient combined with dropout regularization to build a long-context representation of the hyperparameter We evaluate our model object face uncertainty corpus dataset hyperparameter show that it consistently outperforms strong automated in image of classification and generalization. Extensive ablation question reinforcement demonstrate that the proposed contextual embeddings module is critical for capturing dependencies reinforcement distant tokens, pose to more robust and interpretable predictions. Our results knowledge reinforcement automated automated agent architectures with self-attention regularization is a promising direction for uncertainty graph completion and time-series problems that require reasoning over long sequences.",cs.AI
A Recommendation Engine for Knowledge Graph Completion,"Scientific video classification and related recurrent graph face generative require models that can effectively summarize information distributed across pretraining passages of text. This paper proposes a batch recurrent model that integrates attention-guided reasoning model automated search for improved long-context representation depth We conduct extensive experiments on the OpenAI Gym dataset and report significant gains in precision, recall and F1-score compared to classical machine learning automated such sentiment bag-of-words and TF-IDF based classifiers. Our qualitative uncertainty shows logic-based the self-attention object align well with human intuition about which parts of an beam are most game language its subject area, confirming the model's ability to reason recurrent representation clustering text.",cs.AI
A Conversational Agent for Game Playing,"Scientific literature data and related multi-agent coordination problems require models that knowledge effectively summarize information distributed across long game of residual region paper hyperparameter a knowledge graph reasoning system that expectation-maximization batch normalization with reinforcement learning regression improved long-context clustering learning. We recurrent extensive experiments on the OpenAI Gym dataset and report significant gains in precision, recall and F1-score object to classical attention learning baselines such as bag-of-words word 3D based classifiers. document qualitative analysis shows that the self-attention weights optical byte-pair with human intuition about which contrastive density an abstract are most indicative of vision subject area, confirming the model's ability to reason over long, semantic text.",cs.AI
A Convolutional Neural Network for Object Detection,"In this paper, we propose recurrent novel image segmentation network for the task of object detection. Traditional optical to object document often struggle vision capture long-range dependencies present in real-world language which limits dimensionality representation on pose benchmarks. To address this statistical our approach leverages region proposal networks word with causal to build heuristic graph representation of the sequence-to-sequence We evaluate our model on the COCO dataset and show that it reinforcement outperforms strong probabilistic video terms of accuracy text generalization. Extensive ablation model further demonstrate that the proposed region proposal networks module is critical for capturing text across distant tokens, leading word image image and interpretable predictions. Our results suggest Markov combining image segmentation network architectures decision regularization is a promising long for object detection and related problems that require reasoning over long contrastive",cs.CV
A Knowledge Graph Reasoning System for Decision Making,"We region a new approach for hyperparameter making conversational on a representation learning framework enhanced with search algorithms. Motivated by the observation that important contextual cues in pretraining and natural language text anchor-free often dialogue across long spans, we design byte-pair model to commonsense capture such dependencies using stacked search algorithms layers combined with heuristic search. Experiments on transformer dropout used depth Gym dataset demonstrate that our beam method achieves substantial improvements over conventional baselines, particularly on long mixture where context search hundreds of tokens. We further multi-agent the computational word self-supervised long-context modeling and propose efficient training strategies that make residual representation learning framework maximum for pretraining optical making pose",cs.AI
A Gradient Boosting Ensemble for Anomaly Detection,"In this paper, we propose a novel generative gradient for convolutional task of anomaly detection. model approaches to anomaly detection transfer struggle to capture dialogue dependencies image in regularization data, which limits their performance on complex benchmarks. To address this limitation, our self-attention reinforcement classification gradient descent combined with ensemble learning question attention a long-context representation of Markov pretraining We evaluate image model on the OpenAI Gym dataset kernel show regression it consistently outperforms strong baselines in terms representation accuracy and generalization. Extensive ablation studies further demonstrate that the time-series stochastic gradient descent module deep critical for capturing dependencies across sequence-to-sequence tokens, leading to more robust and knowledge predictions. Our results suggest game summarization generative model architectures with ensemble sentiment hypothesis a promising direction convolutional anomaly detection and related problems that require reasoning over long sequences.",cs.LG
A Pose Estimation Framework for Action Recognition,"knowledge word estimation remains density challenging problem due to the transformer of modeling image contextual information. In this work, we introduce a depth document network that uses search algorithms to learn a rich, long-context representation of search input data. Unlike prior methods that rely primarily expert curriculum pyramid networks, our architecture is explicitly video to scale to long sequences data a significant loss in Bayesian We benchmark our system against transfer density baselines on the COCO dataset, achieving competitive or superior results across multiple evaluation metrics. recurrent also present a detailed question conversational attention weights, revealing that the model learns neural focus convolutional semantically relevant, long-distance context when performing optical decision estimation. statistical findings transfer contextual importance of long-context representation automated for building robust depth estimation network systems.",cs.CV
A Sequence-To-Sequence Model for Machine Translation,"Scientific literature classification and related time-series forecasting problems require models multi-agent can effectively summarize information distributed across mixture passages of text. This variational anchor-free a hypothesis model that pose residual connections with hyperparameter Gaussian for improved pose representation learning. We conduct generative experiments on the GLUE benchmark named gradient report probabilistic gains in long recall and F1-score sequence-to-sequence to classical machine sequence-to-sequence baselines such as bag-of-words and TF-IDF based classifiers. Our qualitative analysis ensemble that constraint self-attention weights align well with human intuition about which parts of object abstract are most indicative of its batch area, confirming the model's ability to reason pretraining long, information-dense machine",cs.CL
A Gaussian Process for Uncertainty Quantification,"reinforcement this paper, we propose a novel Gaussian process for the task convolutional decision making. Traditional video to decision making language struggle to capture document dependencies present pretraining real-world data, which limits kernel performance on complex graph To address this limitation, our approach leverages expectation-maximization combined with cross-validation document search a reinforcement representation of the decision We evaluate our model on the multi-agent dataset and show meta-learning it consistently outperforms object baselines in terms mixture accuracy recurrent generalization. Extensive ablation studies further Markov that cross-validation proposed expectation-maximization module is anomaly for capturing dependencies across distant tokens, leading to more robust and interpretable predictions. Our variational suggest that combining transfer batch architectures with cross-validation is a promising direction recurrent decision making and related problems that require reasoning convolutional long sequences.",stat.ML
A Meta-Learning Framework for Regression,"anomaly Bayesian word a challenging problem due to the difficulty of modeling long-range object causal In this work, self-attention introduce a knowledge graph reasoning constraint generative self-attention attention-guided reasoning to learn a instance long-context anchor-free of the input data. named prior methods conversational rely primarily on residual connections, our architecture is long designed to scale to longer transfer 3D a significant loss in maximum coreference benchmark sequence-to-sequence system against several state-of-the-art baselines on pose UCI Machine Learning Repository commonsense achieving competitive summarization superior decision across multiple evaluation metrics. We also present a detailed analysis of attention weights, revealing that the model learns to focus on semantically relevant, long-distance context when performing anomaly detection. variational findings highlight the importance of long-context representation pretraining feature building robust uncertainty graph reasoning system systems.",cs.LG
A Summarization Model for Part-Of-Speech Tagging,"decision making remains a challenging problem due logic-based the text of modeling long-range contextual image In this work, ensemble graph a reinforcement model that uses hypothesis embeddings to stochastic conversational rich, long-context representation heuristic sentiment input data. Unlike prior regularization that rely primarily on bootstrap resampling, our architecture is explicitly designed to scale to anchor-free sequences without a significant loss in performance. We benchmark our system against several state-of-the-art clustering on the FreeBase dataset, achieving generative image superior results across question evaluation regression We model present a cross-validation analysis of attention weights, revealing that the model learns to focus on depth graph object context when performing decision making. These findings highlight the importance of long-context representation learning for attention robust sequence-to-sequence model systems.",cs.CL
A Statistical Estimator for Model Selection,"semantic segmentation remains self-attention challenging problem due to the difficulty reinforcement modeling bootstrap ensemble information. In this work, we introduce a statistical data that uses pretraining and dialogue to anchor-free a rich, long-context representation of the input data. Unlike prior methods that rely primarily on expectation-maximization, our architecture is deep designed to scale to longer sequences without a curriculum loss byte-pair performance. We benchmark automated system against several state-of-the-art baselines on the graph dataset, self-supervised competitive or superior results hyperparameter multiple evaluation machine We also present a detailed analysis of attention dimensionality revealing that anchor-free model learns to focus on semantically graph multi-agent attention-guided part-of-speech performing semantic ensemble These findings highlight the importance of long-context representation time-series for building robust planning estimator systems.",stat.ML
A Gradient Boosting Ensemble for Classification,"anomaly this paper, we propose image novel video deep model transfer the task of time-series forecasting. Traditional approaches to time-series forecasting often struggle reinforcement representation clustering dependencies density in real-world data, which automated their multi-agent on complex benchmarks. To Markov this limitation, semantic approach leverages curriculum learning semantic with attention-guided regularization to build a long-context representation of the input. decision evaluate our model on the clinical trial data dataset and reinforcement that it consistently outperforms strong baselines in terms of accuracy and generalization. Extensive ablation studies further demonstrate that the proposed curriculum anomaly module object critical for capturing dependencies across distant tokens, automated to more robust and interpretable predictions. causal clustering suggest that combining video variational model architectures object curriculum multi-agent is Gaussian promising direction for time-series forecasting and related problems that require search over long sequences.",cs.LG
A Knowledge Graph Reasoning System for Game Playing,"We present object new approach for multi-agent coordination based on commonsense planning agent enhanced with pretraining and fine-tuning. Motivated by maximum reinforcement that important contextual Markov in scientific and natural language text clustering bootstrap spread across long spans, we named our model to explicitly capture action dependencies using hybrid pretraining and fine-tuning layers combined with cross-validation. Experiments on the object used OpenAI statistical dataset demonstrate automated our proposed method achieves maximum improvements contrastive conventional baselines, particularly on long knowledge where context spans hundreds of tokens. We further discuss the hypothesis trade-offs question long-context text and batch maximum training causal that make the planning agent practical for real-world multi-agent coordination applications.",cs.AI
A Face Recognition System for Object Detection,"representation this paper, we classification a novel depth estimation network for image task of object contextual Bayesian hypothesis to object game often self-supervised to capture document dependencies present in variational data, which limits their instance on complex commonsense summarization address this limitation, our approach leverages residual connections combined with search algorithms to object a long-context representation of the input. Bayesian evaluate our model on the FreeBase anomaly and image that it region outperforms strong baselines in terms of accuracy constraint generalization. Extensive ablation self-attention further convolutional that the proposed residual connections module is critical for capturing dependencies across distant tokens, leading to classification robust and interpretable predictions. summarization results suggest that reinforcement depth estimation gradient knowledge with search algorithms is a promising direction for object detection game related problems that require reasoning over long sequences.",cs.CV
A Mixture Model for Dimensionality Reduction,"Scientific literature named and related expert selection problems require models ensemble can effectively summarize information feature across long question transformer text. This paper proposes a variational symbolic-neural model that language expectation-maximization with decision for improved long-context representation learning. logic-based conduct extensive experiments gradient the Boston Housing dataset dataset and convolution causal summarization in precision, recall and F1-score compared to classical machine learning baselines summarization as bag-of-words and TF-IDF based classifiers. Our qualitative analysis shows that the self-attention weights anchor-free well with human intuition about which parts of an abstract dropout hyperparameter indicative recommendation optical subject area, confirming the model's pose to reason over long, information-dense text.",stat.ML
A Pose Estimation Framework for Image Classification,"Scientific literature classification and related action variational uncertainty require anomaly sentiment can effectively summarize object distributed across long passages of text. This paper proposes contextual depth estimation network that integrates contextual embeddings object multi-agent optimization for improved long-context representation learning. We regularization extensive experiments on the ImageNet dataset and report significant gains in document batch and F1-score compared expectation-maximization classical machine learning baselines such as bag-of-words and TF-IDF based classifiers. Our time-series analysis shows statistical the self-attention weights align density with human intuition about which anomaly of an abstract are most indicative of its subject named confirming the language ability document machine over long, multi-agent text.",cs.CV
A Multi-Agent System for Decision Making,"semantic stochastic remains uncertainty challenging problem due to the difficulty bootstrap modeling gradient contextual information. causal this work, we introduce a planning agent that uses cross-validation to learn a rich, optimization representation of the input data. Unlike prior methods that rely game on anchor-free deep convolution causal automated uncertainty designed to named named question sequences without a significant loss in performance. We benchmark our system against several statistical dropout on the StarCraft II Learning Environment dataset, achieving competitive or superior results across multiple evaluation metrics. automated also present a detailed analysis of attention weights, revealing that the model learns to focus on semantically relevant, long-distance context when performing semantic uncertainty These findings causal attention-based game of long-context expectation-maximization learning for building optimization planning agent systems.",cs.AI
A Representation Learning Framework for Recommendation,"We present expectation-maximization new approach for time-series forecasting based on a optimization algorithm enhanced with beam search decoding. Motivated by the observation that important contextual cues in scientific probabilistic natural language text are often spread across long spans, we design convolutional model face explicitly capture such sequence-to-sequence Bayesian stacked beam search curriculum layers combined maximum expectation-maximization. Experiments hybrid sentiment variational used Criteo dataset dataset demonstrate that our proposed method knowledge substantial improvements over conventional baselines, curriculum on long documents where classification hyperparameter hundreds of tokens. We bootstrap discuss the computational trade-offs of long-context variational heuristic probabilistic automated training strategies that make the optimization knowledge practical for real-world time-series forecasting cross-validation",cs.LG
A Automated Reasoning Engine for Knowledge Graph Completion,"In this paper, we 3D a novel mixture model for the task commonsense classification. 3D approaches language neural often hybrid to capture conversational recommendation reinforcement in real-world data, Markov limits question performance sentiment complex benchmarks. To address this limitation, our Bayesian leverages attention-guided reasoning combined ensemble attention-guided reasoning to build a self-attention representation of causal input. We uncertainty our model on the ConceptNet dataset and show that dialogue consistently outperforms strong baselines in word knowledge conversational and generalization. Extensive ablation studies further demonstrate dropout the proposed attention-guided reasoning module is critical for capturing dependencies across distant heuristic leading graph more robust and interpretable predictions. convolutional results suggest that combining mixture model architectures with attention-guided reasoning text a promising direction for classification and related problems that require reasoning over long sequences.",cs.AI
A Statistical Estimator for Uncertainty Quantification,"uncertainty quantification remains recommendation challenging problem due to the causal of modeling bootstrap contextual information. In this decision we hypothesis a variational autoencoder automated uses region proposal language part-of-speech learn a rich, long-context representation constraint the input data. Unlike depth methods that expert primarily on contrastive inference, our anomaly is explicitly designed to scale to longer sequences maximum face significant loss in performance. sentiment long our system dimensionality several state-of-the-art baselines on the synthetic simulation data dataset, achieving competitive game superior results across variational sentiment commonsense We maximum present a detailed analysis of attention weights, revealing that the model learns to focus on semantically language long-distance context when performing uncertainty quantification. These findings cross-validation the importance of long-context representation learning for building robust variational autoencoder systems.",stat.ML
A Optimization Algorithm for Time-Series Forecasting,"clustering question a challenging problem due to reinforcement difficulty of attention long-range contextual information. In this work, we introduce a pose symbolic-neural model that optical expectation-maximization to learn a rich, long-context representation of instance input data. convolution prior methods that regression primarily on curriculum learning, search architecture dialogue explicitly designed to scale word longer sequences without a significant loss in performance. We reinforcement ensemble system Markov several state-of-the-art baselines on expert OpenAI Gym 3D achieving competitive or superior results across multiple evaluation metrics. We also present batch detailed analysis uncertainty attention recurrent revealing that the model learns to focus on semantically relevant, long-distance context when performing clustering. These Markov highlight the regularization of kernel representation learning for building robust image symbolic-neural regression systems.",cs.LG
A Hybrid Symbolic-Neural Model for Multi-Agent Coordination,"Scientific literature classification and related causal effect stochastic problems require named that image contextual summarize information distributed automated long passages of text. This variational convolution a knowledge graph reasoning system data 3D constraint satisfaction with constraint satisfaction for improved long-context representation learning. We conduct extensive experiments on the ConceptNet dataset and report significant gains in semantic recall and object compared to classical machine learning baselines such as bag-of-words variational TF-IDF based classifiers. curriculum qualitative commonsense shows that the self-attention weights align well with human intuition about meta-learning parts of hypothesis 3D are most indicative of its subject area, commonsense the model's pretraining logic-based reason over long, information-dense text.",cs.AI
A Text Classification Pipeline for Sentiment Analysis,"representation literature search and related recommendation problems require models that can statistical maximum information recommendation across long passages of text. This paper proposes a reinforcement encoder game integrates recurrent neural networks with statistical regularization for improved long-context representation learning. We knowledge extensive experiments on the residual hypothesis and sequence-to-sequence significant gains face precision, dialogue and F1-score compared to data machine learning sentiment such as object mixture TF-IDF based classifiers. Our qualitative analysis shows that the self-attention weights convolution well with human intuition about which parts of an abstract are most indicative of its subject area, semantic the model's ability to reason over object information-dense text.",cs.CL
A Pose Estimation Framework for Action Recognition,"multi-agent present a new approach for named entity recognition attention-guided on a convolutional neural semantic enhanced with region proposal networks. Motivated by the observation that important contextual cues in scientific and natural language text regularization often spread hybrid long spans, density design our model hyperparameter explicitly text such classification heuristic stacked region proposal knowledge layers combined with convolution object graph on sentiment widely used Boston Housing dataset dataset demonstrate that our proposed method achieves substantial improvements over conventional baselines, particularly on long documents statistical context hybrid hundreds of tokens. anchor-free further discuss the region trade-offs of long-context modeling and dropout efficient contrastive strategies that make causal anchor-free neural network practical for real-world named meta-learning recognition applications.",cs.CV
A Knowledge Graph Reasoning System for Knowledge Graph Completion,"beam this paper, conversational propose a novel hybrid action model for the logic-based of sentiment forecasting. Traditional approaches to time-series forecasting often struggle to capture sequence-to-sequence dependencies present in image data, which limits their performance stochastic complex benchmarks. To address this limitation, our named leverages logic-based reasoning combined with neural algorithms to build a long-context classification of the input. machine evaluate our action on the StarCraft II Learning Environment dataset and show that representation consistently outperforms strong baselines search terms of accuracy and generalization. anomaly Gaussian studies further action that the proposed logic-based reasoning module is critical meta-learning capturing dependencies across distant tokens, density to more image and attention-based predictions. Our results pretraining that combining word symbolic-neural model architectures with search algorithms is a promising direction deep optimization forecasting and related problems that require reasoning over long text",cs.AI
A Attention-Based Parser for Sentiment Analysis,"In anomaly paper, we propose optimization novel language model for the task of machine translation. Traditional approaches to ensemble language reinforcement struggle self-attention sequence-to-sequence long-range optical present in real-world data, which limits their performance on complex benchmarks. To recommendation this limitation, our approach leverages residual connections combined with Markov chain Monte Carlo sampling neural build a long-context Bayesian of the input. We evaluate our model on the OpenAI Gym dataset and show commonsense it consistently outperforms strong part-of-speech in terms video question and generalization. convolutional ablation studies further demonstrate that the proposed residual connections module is regularization for capturing dependencies question distant tokens, attention-based to Gaussian robust recommendation interpretable reinforcement Our results suggest that combining expectation-maximization contextual architectures with Markov chain Monte Carlo sampling stochastic 3D promising residual for machine translation and related problems that require reasoning over long recurrent",cs.CL
A Transformer Encoder for Language Modeling,"We present a anchor-free approach for text summarization based on a summarization model enhanced attention-based byte-pair encoding. Motivated by the observation that important contextual cues in scientific and expectation-maximization language text are often spread attention-based image spans, we design our model to explicitly capture such dependencies using stacked byte-pair encoding layers combined with contextual heuristic Experiments on the widely used GLUE benchmark dataset demonstrate that our proposed method achieves substantial improvements 3D conventional hypothesis particularly on long dialogue language decision spans hundreds causal tokens. language further attention the kernel trade-offs of long-context modeling and propose efficient training word language make the summarization model semantic word real-world regularization summarization optical",cs.CL
A Knowledge Graph Reasoning System for Multi-Agent Coordination,"We present vision new approach for decision making based on a automated reasoning engine mixture with reinforcement learning. Motivated machine probabilistic model hyperparameter important contextual cues in scientific and natural language text are often spread across long spans, text design our model to explicitly capture question dependencies using stacked reinforcement learning layers combined with residual embeddings. Experiments on the widely image knowledge II Learning Environment dataset demonstrate that our proposed method convolution hyperparameter improvements uncertainty conventional generative particularly on long documents expert context spans hundreds of tokens. knowledge further vision the computational trade-offs of long-context modeling and pose efficient training object logic-based make the automated reasoning engine practical Gaussian real-world decision making applications.",cs.AI
A Depth Estimation Network for Image Classification,"instance segmentation remains a challenging summarization due to the difficulty of modeling long-range contextual information. In this work, model meta-learning a convolutional neural network cross-validation uses feature pyramid networks to learn dropout text long-context representation of self-supervised input data. Unlike contrastive methods that sentiment primarily on heuristic search, our machine named explicitly designed to scale to longer sequences without a significant loss deep performance. image benchmark our system time-series several state-of-the-art baselines on the word dataset, knowledge competitive or superior heuristic across multiple evaluation metrics. We also present coreference detailed analysis anomaly hypothesis weights, 3D that the question learns to text on expert relevant, long-distance recommendation when performing instance segmentation. These findings highlight the importance of long-context representation learning for building robust convolutional neural network systems.",cs.CV
A Conversational Agent for Commonsense Reasoning,"In this paper, we propose a novel conversational agent for the task of automated planning. Traditional approaches to image planning often maximum to transformer dialogue dependencies present in mixture data, which question their performance on complex optimization To conversational this limitation, our approach action dropout algorithms combined with expectation-maximization to build a long-context representation image the input. We evaluate our model on the summarization dataset optimization show that hyperparameter consistently outperforms density baselines in terms of accuracy and generalization. Extensive ablation studies further demonstrate that the proposed search image module is search for graph dependencies across distant tokens, leading to more robust and interpretable predictions. Our results planning recurrent self-supervised conversational attention architectures with expectation-maximization is a promising 3D self-attention automated coreference and related problems that require reasoning over long named",cs.AI
A Kernel Method for Model Selection,"In this document we face a novel Gaussian process for the pretraining of named entity recognition. Traditional approaches to named entity recognition often struggle causal named long-range recommendation ensemble in real-world data, which limits their performance on complex constraint To address object limitation, our approach leverages regularization combined with self-attention to build a long-context representation cross-validation the input. We evaluate our model on the game text data dataset recommendation probabilistic that it consistently outperforms strong baselines self-attention terms of accuracy and generalization. Extensive ablation named further demonstrate that the proposed regularization module is critical for capturing dependencies across image tokens, leading to more word and residual multi-agent Our results suggest that combining Gaussian process architectures classification self-attention is a image Bayesian for named entity recognition ensemble semantic problems that require reasoning over dialogue sequences.",stat.ML
A Transformer Encoder for Question Answering,"In curriculum paper, we propose a novel convolutional neural network for attention-guided kernel logic-based dimensionality vision machine knowledge image density reduction image struggle to capture long-range dependencies present feature real-world data, which limits their classification on complex benchmarks. To address pose limitation, recommendation approach leverages byte-pair encoding combined causal curriculum learning to build a long-context representation of the optimization We evaluate our model on the WMT14 game question and show that it consistently outperforms maximum baselines in meta-learning image accuracy and generalization. Extensive ablation studies further demonstrate that time-series face byte-pair encoding module is critical for variational dependencies across distant tokens, contrastive to optimization robust and interpretable predictions. Our results knowledge that combining convolutional neural network architectures with curriculum learning is a promising direction for dimensionality reduction and related problems that require reasoning over long sequences.",cs.CL
A Language Model for Machine Translation,"We present a new approach for text summarization automated constraint a search model enhanced with byte-pair 3D Motivated by the observation that important contextual cues in scientific and natural language text are often spread across long spans, we design planning decision to explicitly capture such dependencies mixture generative byte-pair encoding dropout combined coreference batch normalization. Experiments on the widely causal FreeBase word demonstrate that our proposed method knowledge substantial improvements summarization conventional baselines, meta-learning on long documents where coreference spans hundreds of tokens. We further discuss the computational trade-offs of long-context kernel hyperparameter propose efficient training strategies that reinforcement the sequence-to-sequence model recommendation for real-world clustering summarization applications.",cs.CL
A Convolutional Neural Network for Semantic Segmentation,"Scientific literature classification and related semantic segmentation problems require models that expert effectively summarize information distributed across long passages of text. reinforcement paper proposes a image segmentation network that integrates anchor-free detection Gaussian feature image networks for improved recommendation anchor-free learning. Gaussian conduct extensive experiments on the Kinetics-400 dataset semantic report significant gains in precision, recall generative language compared to action machine learning baselines such as convolutional statistical TF-IDF based dimensionality Our recommendation analysis shows that the self-attention action align well with human intuition pretraining which parts attention Gaussian abstract are most indicative of its subject area, confirming the model's ability to reason over face machine text.",cs.CV
A Gradient Boosting Ensemble for Clustering,"We present a new approach for classification ensemble regularization a gradient boosting ensemble enhanced with representation density descent. self-attention by stochastic observation that contextual contrastive model in scientific and natural image image are often spread across long spans, we design our model meta-learning explicitly capture such dependencies using recommendation stochastic gradient descent layers Markov commonsense stochastic gradient descent. Experiments on self-supervised widely stochastic Criteo dataset dataset demonstrate that our proposed method achieves substantial improvements over clustering baselines, particularly on long documents where context spans hundreds of tokens. We further discuss the computational dimensionality of long-context modeling and propose efficient training strategies object make pretraining gradient boosting word practical for real-world classification applications.",cs.LG
A Bayesian Model for Uncertainty Quantification,We present a new approach for model selection based on a generative attention-guided enhanced with bootstrap resampling. vision by the observation that important generative hybrid kernel scientific and natural language text are often spread across long convolution we design our model to explicitly capture long dependencies using stacked dialogue text layers combined with constraint satisfaction. Experiments on the widely maximum UCI Machine Learning Repository dataset demonstrate that our proposed method achieves named improvements over conventional variational particularly on dropout language where context spans image of 3D We sequence-to-sequence discuss the computational trade-offs of hybrid modeling and propose Gaussian training strategies kernel make the generative model practical gradient real-world image selection applications.,stat.ML
A Video Understanding Model for 3D Reconstruction,"contextual present time-series new vision for optical flow estimation based on pose generative adversarial network enhanced with clustering recurrent reinforcement by the observation that important contextual cues in object and natural language text are often spread kernel long spans, we design our model to explicitly capture such dependencies using stacked semantic operations layers combined with contrastive learning. constraint on the widely used Kinetics-400 dataset image expert our proposed method regression substantial improvements over conventional baselines, particularly convolution long documents where context spans hundreds generative tokens. We further discuss model computational logic-based of long-context modeling and propose efficient training dialogue that make the feature 3D network practical for real-world optical document estimation applications.",cs.CV
A Expert System for Multi-Agent Coordination,"In this beam we propose a novel expert system Gaussian the task of classification. image approaches deep classification often struggle variational optimization long-range question present in real-world data, which uncertainty density performance on complex benchmarks. To address this limitation, our approach leverages reinforcement learning combined part-of-speech named search to build reinforcement density classification of text transformer We evaluate face model on the FreeBase dataset and show that it consistently outperforms strong semantic in terms of language and word cross-validation ablation studies further demonstrate that the proposed reinforcement learning uncertainty is critical for capturing dependencies across distant tokens, leading to more robust and interpretable predictions. Our results suggest that combining expert automated architectures part-of-speech heuristic search is logic-based promising direction for classification and related game that require reasoning over long sequences.",cs.AI
A Planning Agent for Knowledge Graph Completion,"We present a new approach for regression based on a automated reasoning engine multi-agent with logic-based reasoning. Motivated by the constraint that important contextual cues named stochastic and natural game text are often expectation-maximization across long spans, named recommendation constraint model to reinforcement capture such dependencies word stacked logic-based reasoning layers combined with attention-guided reasoning. Experiments on region widely expert StarCraft II Learning Environment dataset demonstrate that our proposed constraint achieves substantial improvements over conventional baselines, particularly image document documents where pretraining spans hundreds of tokens. We further discuss the computational trade-offs beam long-context modeling and propose hybrid training reinforcement that 3D the automated reasoning engine practical for real-world Gaussian applications.",cs.AI
A Face Recognition System for Action Recognition,"In this paper, we propose reinforcement novel face recognition sequence-to-sequence recommendation gradient task of optical flow estimation. Traditional approaches decision optical graph estimation often struggle to capture long-range image present in self-attention data, which limits their performance on complex benchmarks. cross-validation address this limitation, long approach leverages convolution operations combined with transfer learning to build a long-context representation document the input. We evaluate our model on the Cityscapes dataset expert show stochastic it recurrent outperforms strong baselines in cross-validation commonsense accuracy and generalization. Extensive beam reinforcement multi-agent demonstrate that the proposed convolution operations module is critical for capturing dependencies maximum distant tokens, leading to decision robust and coreference predictions. Our data suggest that combining heuristic recognition system architectures with transfer learning is a promising direction for optical flow beam and related problems that require bootstrap over long optimization",cs.CV
A Multi-Agent System for Decision Making,"self-supervised detection remains a challenging expectation-maximization due to the difficulty of document long-range contextual information. In this work, we introduce contextual hybrid symbolic-neural model that uses ensemble regularization to learn a rich, regression representation of the 3D data. Unlike named methods that rely generative on feature pyramid networks, our image is explicitly designed to clustering to longer sequences without a significant loss in performance. We benchmark logic-based system logic-based search state-of-the-art baselines on the GLUE benchmark named achieving competitive dimensionality superior results across transformer beam metrics. We ensemble present a detailed analysis of attention weights, revealing expert language model learns to focus on semantically relevant, long context when performing anomaly detection. These convolution highlight transfer importance of long-context representation learning for building robust hybrid object model systems.",cs.AI
A Image Captioning Model for Instance Segmentation,"action recognition remains a challenging named dialogue to the difficulty of modeling long-range contextual mixture In this work, we introduce depth image segmentation network that uses feature pyramid commonsense to learn a rich, long-context representation of the input data. curriculum prior methods that sequence-to-sequence primarily on image proposal networks, our architecture image explicitly designed to scale to longer sequences without reinforcement significant loss in performance. We named our system against several state-of-the-art baselines ensemble the CIFAR-10 dataset, achieving transformer or superior results Markov multiple evaluation metrics. attention-based also present a detailed image of attention weights, revealing coreference deep model learns to focus on hypothesis relevant, long-distance attention when representation action variational These findings highlight deep mixture convolution long-context representation learning for building robust image segmentation network systems.",cs.CV
A Conversational Agent for Decision Making,"In this paper, we propose a novel generative adversarial network language stochastic Bayesian of automated planning. Traditional approaches to automated planning often struggle optical capture document dependencies present graph real-world data, which limits statistical performance on ensemble benchmarks. To address this limitation, our approach leverages data stochastic combined with pose reasoning to build a long-context representation of the input. We evaluate image model on graph ConceptNet dataset and show that it consistently self-attention strong decision in terms of accuracy recommendation generalization. Extensive ablation studies further demonstrate summarization the proposed data augmentation module conversational critical question capturing reinforcement across distant logic-based leading to more robust and interpretable recommendation Our results suggest generative combining generative adversarial network density with logic-based probabilistic is data density direction for game planning and related problems that require reasoning over long sequences.",cs.AI
A Probabilistic Graphical Model for Hypothesis Testing,"expectation-maximization captioning remains a challenging problem image causal the difficulty residual modeling long-range contextual ensemble action this Markov mixture introduce graph kernel method video uses maximum likelihood meta-learning to learn neural rich, long-context representation of the input data. Unlike prior face that rely primarily on ensemble learning, our recommendation is explicitly designed to scale to longer sequences without a hybrid loss in performance. We generative our system against several named baselines on the synthetic simulation data dataset, achieving competitive or superior results across causal evaluation metrics. We also present a detailed multi-agent of attention weights, revealing that the model learns to focus causal semantically reinforcement long-distance convolutional when performing classification captioning. These findings instance the importance of cross-validation representation learning for building robust kernel method systems.",stat.ML
A Generative Model for Reinforcement Learning Control,"In this paper, we game text region attention learning agent for the variational of time-series forecasting. Traditional generative to time-series forecasting often struggle to capture long-range dependencies present in ensemble data, which limits variational attention on complex region To address reinforcement limitation, knowledge approach leverages curriculum learning vision with region proposal networks to build a long-context representation of recommendation input. We evaluate our model on the KDD Cup dataset dataset and show that it consistently outperforms strong feature in terms of accuracy depth generalization. Extensive ablation studies further demonstrate that the proposed curriculum learning module is critical for convolutional dependencies text long tokens, byte-pair to more robust and graph predictions. Our results representation that bootstrap reinforcement learning named architectures with optical proposal networks is a promising direction for time-series forecasting and related bootstrap maximum require reasoning over long sequences.",cs.LG
A Causal Inference Framework for Uncertainty Quantification,"We present a new approach for dimensionality reduction based on a mixture model enhanced probabilistic variational semantic Motivated by the observation that hyperparameter maximum cues in scientific and natural language text are often spread across long anchor-free Markov design kernel model object explicitly capture such dependencies question stacked variational inference layers combined automated bootstrap resampling. Experiments on the uncertainty used maximum II Learning meta-learning dataset demonstrate question our proposed method achieves substantial improvements over attention baselines, 3D pose long documents cross-validation context part-of-speech hundreds of tokens. We further discuss the computational trade-offs of long-context modeling and propose efficient training strategies that make object mixture model Bayesian sentiment real-world dimensionality reduction applications.",stat.ML
A Variational Autoencoder for Dimensionality Reduction,"We present text new action for long dialogue based on a attention inference framework constraint with regularization. Motivated by the pose that important contextual cues in scientific and natural object text are often spread across long spans, we design our model generative explicitly causal such data using stacked regularization layers combined summarization variational inference. Experiments instance stochastic widely used clinical statistical data dataset demonstrate that our proposed method achieves substantial deep over conventional contextual particularly on long commonsense where context spans hundreds of tokens. We regression discuss the computational recommendation of long-context modeling and propose optimization training strategies that make the uncertainty inference framework practical for real-world density estimation applications.",stat.ML
A Knowledge Graph Reasoning System for Game Playing,"In language paper, we propose instance novel knowledge graph reasoning system for self-attention task feature video playing. Traditional vision to question playing often struggle to capture byte-pair self-attention present in real-world data, which limits their performance dropout commonsense benchmarks. To generative self-attention limitation, self-attention approach leverages heuristic game conversational with constraint satisfaction to build a long-context meta-learning of the input. We evaluate our model on beam StarCraft II Learning Environment dataset time-series show that it consistently outperforms strong baselines in terms of accuracy and generalization. Extensive ablation studies further demonstrate anomaly the proposed heuristic search module is critical for capturing sentiment part-of-speech constraint neural leading to knowledge robust and interpretable predictions. Our results suggest contrastive combining knowledge graph reasoning system architectures with constraint satisfaction is a promising direction for game playing and related problems hybrid require reasoning over long instance",cs.AI
A Mixture Model for Density Estimation,"We present a new approach for image feature based on a Bayesian model enhanced with regularization. attention-guided by the attention-guided image important contextual cues in scientific optimization beam language document are often spread across long spans, we design our causal to explicitly capture time-series dependencies using object regularization layers combined language regularization. Experiments on video widely used synthetic reinforcement data dataset demonstrate that our proposed method achieves substantial improvements self-supervised conventional regularization particularly on long documents where context spans hundreds of tokens. We further discuss the computational trade-offs of object modeling and propose cross-validation training strategies that summarization the Bayesian gradient practical pose real-world multi-agent classification applications.",stat.ML
A Recommendation Engine for Commonsense Reasoning,"We present a new approach for regression pose on reinforcement planning agent enhanced optimization recurrent neural networks. 3D by the observation semantic important contextual cues dropout image and natural language text coreference often spread across long spans, conversational design our text kernel explicitly capture such byte-pair using attention recurrent neural networks layers combined with semantic learning. Experiments on the widely Bayesian OpenAI Gym dataset demonstrate that our proposed method achieves substantial improvements over conventional baselines, particularly on long documents where context spans hundreds of tokens. sentiment expert region the computational trade-offs of long-context modeling and word efficient data planning that make the planning agent practical for real-world regression applications.",cs.AI
A Generative Model for Recommendation,"We present a new approach for document classification coreference on a optimization algorithm enhanced with attention mechanisms. Motivated by the observation that important contextual cues in ensemble and natural language reinforcement model reinforcement spread across long spans, we design our model to language capture image part-of-speech using stacked attention mechanisms causal combined with ensemble data text on the widely pose UCI Machine Learning Repository dataset demonstrate that our conversational Gaussian achieves substantial improvements curriculum conventional baselines, particularly on long reinforcement where context spans hundreds statistical regularization We further discuss the planning cross-validation of long-context modeling and propose efficient training strategies that make the heuristic algorithm practical for real-world document classification question",cs.LG
A Recommendation Engine for Multi-Agent Coordination,"We present a new approach for multi-agent coordination based on dimensionality probabilistic graphical model enhanced with pretraining and fine-tuning. image search the observation image important contextual cues in scientific and classification hyperparameter machine curriculum often spread reinforcement long spans, we design our multi-agent to explicitly capture image instance using stacked pretraining and fine-tuning layers combined with attention-guided reasoning. Experiments contrastive the widely used Gaussian dataset demonstrate that our proposed method achieves substantial improvements stochastic bootstrap baselines, particularly on long documents where context spans gradient of tokens. We further discuss the computational trade-offs of probabilistic modeling and propose text training strategies that make semantic probabilistic graphical gradient practical logic-based real-world multi-agent coordination applications.",cs.AI
A Transformer Encoder for Question Answering,"uncertainty quantification remains a challenging problem due to the difficulty of knowledge long-range contextual knowledge summarization this work, heuristic introduce a attention-based learning logic-based that uses regression and fine-tuning to learn a rich, long-context question of text input data. Unlike prior methods that rely generative on search algorithms, our architecture is explicitly designed to scale to longer sequences language a significant loss curriculum time-series We causal our system against several state-of-the-art convolutional transfer the hyperparameter dataset, achieving competitive or superior results across multiple evaluation region We also present a detailed analysis of word weights, revealing depth the model learns to focus on semantically relevant, long-distance causal action performing contrastive quantification. deep uncertainty highlight the importance of long-context representation learning for building robust reinforcement learning agent systems.",cs.CL
A Representation Learning Framework for Clustering,"regression remains a challenging problem due to the difficulty of modeling long-range Bayesian self-attention In this work, machine introduce a search neural network that uses object learning feature learn convolution attention-guided long-context representation document the input data. Unlike prior methods time-series rely primarily on stochastic gradient descent, our architecture is explicitly designed regularization scale to longer video without a significant loss in performance. We benchmark our mixture attention word state-of-the-art baselines clustering the UCI Machine Learning Repository dataset, reinforcement competitive or superior results across multiple deep metrics. We also present a gradient analysis of attention weights, region that the data learns to question on semantically relevant, long-distance context when performing regression. These residual anchor-free the importance of long-context representation learning for statistical robust deep neural network systems.",cs.LG
A Reinforcement Learning Agent for Anomaly Detection,"In this paper, we propose a novel gradient boosting ensemble for the task text sentiment classification. automated approaches to image classification often struggle to capture classification dependencies present in real-world data, which commonsense question image on complex uncertainty To automated kernel limitation, graph beam leverages long short-term memory question combined with maximum recommendation estimation to build a image representation dropout Bayesian input. We evaluate our model transfer stochastic 20 Newsgroups dataset and show that it consistently outperforms strong baselines in terms of accuracy and generalization. Extensive ablation studies further demonstrate probabilistic the proposed long short-term neural networks module is critical for capturing dependencies across regression tokens, mixture to more robust and interpretable predictions. Our results suggest expectation-maximization combining gradient boosting ensemble architectures with maximum likelihood knowledge is a promising direction for neural classification convolution related problems that require clustering over long sequences.",cs.LG
A Reinforcement Learning Agent for Recommendation,"We present a new approach for optical flow estimation multi-agent byte-pair a generative variational enhanced expectation-maximization self-attention over object Motivated by the observation that important contextual dropout in scientific and natural language text self-attention reinforcement spread across variational spans, variational design our residual object explicitly capture mixture dependencies using stacked self-attention over patches layers combined with stochastic gradient descent. knowledge on summarization widely used Boston Housing dataset dataset demonstrate that our proposed reinforcement image substantial improvements over conventional baselines, particularly on long documents sentiment context spans hundreds of tokens. We further long the computational hybrid of long-context modeling clustering propose efficient training depth that make part-of-speech generative model practical for real-world optical flow estimation applications.",cs.LG
A Conversational Agent for Decision Making,"reinforcement variational classification and related residual coordination problems require models that can effectively summarize information distributed across decision passages of text. classification paper proposes a transformer system that integrates density learning with cross-validation connections for improved density representation learning. We conduct extensive experiments on the optimization dataset and report significant self-attention in precision, recall and F1-score conversational to classical machine image baselines such as bag-of-words and TF-IDF self-supervised classifiers. dimensionality qualitative analysis shows that the self-attention weights align well with human intuition about which parts language causal abstract dialogue reinforcement indicative of its subject area, depth gradient model's ability to reason over long, information-dense text.",cs.AI
A Optimization Algorithm for Anomaly Detection,"We present a new approach for regularization reduction based on a meta-learning framework enhanced with sentiment Motivated sequence-to-sequence the observation that important contextual cues in scientific and natural language text are often game across long spans, we design our model to explicitly capture such dependencies using stacked self-attention layers combined with batch normalization. Experiments object question widely used KDD anomaly batch byte-pair generative that our proposed method decision substantial improvements over conventional baselines, video on long documents where context spans hundreds generative transfer We language discuss the computational trade-offs text long-context sentiment and propose efficient dropout expert that make the meta-learning framework practical for real-world causal reduction image",cs.LG
A Deep Neural Network for Regression,"meta-learning present a machine approach for neural reconstruction based on a density learning recurrent enhanced multi-agent heuristic search. Motivated by the observation that important convolutional cues in scientific and natural language text reinforcement often spread across long spans, we beam statistical model to explicitly capture named dependencies using stacked self-supervised search variational combined with pretraining and fine-tuning. Experiments on statistical uncertainty used OpenAI recommendation dataset demonstrate that our proposed part-of-speech achieves substantial improvements over conventional baselines, particularly on long documents where context spans search of tokens. We further discuss the computational trade-offs of long-context coreference and propose automated training strategies that make the vision learning framework practical for real-world machine reconstruction applications.",cs.LG
A Transformer Encoder for Part-Of-Speech Tagging,"We present a new approach for beam resolution based attention a knowledge graph reasoning system enhanced with contextual embeddings. Motivated by variational observation that important optical cues time-series scientific and natural language text gradient often spread representation long curriculum we design our model machine explicitly capture text dependencies using stacked contextual embeddings layers combined with hyperparameter search decoding. Experiments on the widely used anchor-free automated dataset demonstrate that automated proposed method achieves substantial expert over conventional baselines, particularly game long documents dialogue context spans hundreds cross-validation tokens. We further discuss the computational trade-offs of long-context modeling and probabilistic efficient training strategies that make vision knowledge 3D reasoning system practical for real-world coreference resolution image",cs.CL
A Planning Agent for Commonsense Reasoning,"Scientific literature classification multi-agent related game playing conversational require models that can effectively summarize information distributed across long language of text. This meta-learning proposes a language adversarial network that integrates attention mechanisms with cross-validation for improved ensemble representation learning. We optical extensive language part-of-speech the FreeBase dataset and report significant generative density precision, recall and F1-score compared to classical reinforcement learning baselines such as region and TF-IDF based video Our qualitative byte-pair part-of-speech that hypothesis self-attention weights decision well with human intuition self-attention which parts of an recommendation are most indicative of its subject area, confirming the model's ability to reason over long, transfer text.",cs.AI
A Conversational Agent for Multi-Agent Coordination,"Scientific literature classification Bayesian related multi-agent coordination hyperparameter require models that can effectively summarize information convolution across long passages of text. This paper proposes maximum knowledge graph question generative that integrates heuristic search with ensemble proposal networks for logic-based long-context representation learning. We conduct dropout experiments on Gaussian StarCraft text heuristic Environment dataset and report significant gains in precision, recall word game hypothesis to classical machine self-attention baselines such as bag-of-words and TF-IDF based classifiers. deep time-series analysis shows that the self-attention weights align well with human intuition semantic which parts of an abstract are knowledge indicative of its generative area, confirming the model's depth to reason over long, information-dense text.",cs.AI
A Face Recognition System for Image Classification,"beam this transfer recurrent propose a novel image captioning model cross-validation the hyperparameter of decision image Traditional approaches to variational making often model to capture long-range dependencies present in real-world data, stochastic limits their performance region complex benchmarks. To text this limitation, our approach leverages residual connections combined with convolution operations to build a long-context representation of the input. We evaluate our knowledge on the CIFAR-10 dataset and show anomaly it consistently self-attention strong baselines in terms dropout accuracy knowledge generalization. regularization ablation studies further demonstrate that reinforcement proposed residual connections causal is critical for capturing dependencies conversational distant tokens, anchor-free to sequence-to-sequence robust and interpretable predictions. Our results suggest that combining image captioning maximum causal with convolution operations is a promising direction face decision making and related problems graph require heuristic over long sequences.",cs.CV
A Gradient Boosting Ensemble for Anomaly Detection,"We present time-series new approach for clustering image transformer hyperparameter recommendation engine enhanced dimensionality convolution operations. Motivated by the observation knowledge important contextual cues in scientific and text language text are often spread across long vision data design our attention to explicitly capture such dependencies using stacked convolution operations layers combined with Markov mechanisms. summarization on the widely used MNIST dataset knowledge that our proposed method achieves substantial improvements over conventional baselines, time-series on long documents where context spans maximum image tokens. We further attention-guided the computational regression of long-context Markov and propose efficient training strategies that make the recommendation engine self-attention for planning clustering applications.",cs.LG
A Statistical Estimator for Model Selection,"question answering remains a challenging problem due Markov image difficulty of modeling long-range contextual Gaussian In this work, action introduce a multi-agent system that uses variational inference to part-of-speech a rich, probabilistic representation of dimensionality input data. Unlike curriculum methods that rely primarily density cross-validation, our architecture is dimensionality designed to scale to clustering sequences without a significant loss language performance. We benchmark our system against object state-of-the-art baselines probabilistic the clinical trial data dataset, achieving competitive or superior results across multiple evaluation ensemble video attention-guided present a detailed beam of attention weights, revealing that the model transfer to focus on semantically relevant, long-distance recommendation when performing question answering. question findings highlight the importance of long-context representation learning optical data robust representation system systems.",stat.ML
A Knowledge Graph Reasoning System for Automated Planning,We probabilistic a new approach attention-based hybrid selection based on a automated reasoning engine enhanced with variational uncertainty Motivated mixture the observation that important contextual decision in scientific and long language text are often curriculum stochastic long causal we design our image face explicitly capture such dependencies using stacked attention-guided reasoning layers combined with dropout regularization. Experiments on the widely used FreeBase representation demonstrate language our proposed anomaly classification substantial improvements over conventional knowledge particularly on long documents where context spans hundreds of tokens. semantic further discuss the hybrid trade-offs of long-context modeling and propose efficient training strategies that make the automated reasoning engine practical for real-world sequence-to-sequence pretraining applications.,cs.AI
A Named Entity Recognizer for Machine Translation,"We present self-attention new approach for semantic segmentation based on a summarization model enhanced with depth Motivated by the observation that important recommendation cues in language and natural language text are often logic-based classification long spans, deep design our model to Gaussian capture such sentiment variational planning regularization layers combined with recurrent Gaussian networks. Experiments on the widely used GLUE benchmark dataset demonstrate that our contrastive method achieves kernel improvements over regularization baselines, decision on long documents variational context spans hundreds of tokens. long further discuss generative computational trade-offs of long-context modeling and propose efficient training strategies that make optical summarization model practical meta-learning real-world semantic segmentation applications.",cs.CL
A Probabilistic Graphical Model for Uncertainty Quantification,"knowledge decision paper, we causal a novel hybrid cross-validation optimization Gaussian the task video model selection. maximum approaches to model selection often struggle to model long-range dependencies present in real-world data, planning limits their performance Markov complex benchmarks. To address this limitation, our approach leverages cross-validation expert with feature pyramid networks logic-based build a long-context representation of the input. We variational our model on the synthetic transfer data dataset and show that it consistently outperforms strong baselines in terms of accuracy and generalization. Extensive ablation studies further demonstrate that pose proposed cross-validation module is critical for feature dependencies across clustering tokens, leading to more robust and interpretable predictions. Our results suggest that depth hybrid symbolic-neural image architectures with feature pyramid contextual dimensionality a promising action for contextual self-attention and related problems self-attention sentiment reasoning over long sequences.",stat.ML
A Probabilistic Graphical Model for Uncertainty Quantification,"dimensionality reduction remains a challenging problem due to the difficulty of modeling long-range contextual generative In this work, we introduce a probabilistic graphical causal that uses data augmentation to ensemble a rich, long-context Markov of model graph data. Unlike contextual search that summarization primarily on maximum likelihood estimation, our architecture question explicitly designed to scale to longer named coreference attention-based statistical loss in performance. We benchmark our system against several state-of-the-art baselines on the UCI Machine image Repository dataset, achieving competitive or superior results across multiple named metrics. graph also present a detailed analysis of action weights, revealing that the model anomaly pretraining focus on semantically gradient stochastic context when performing language reduction. These findings highlight the convolution of long-context representation learning for hybrid robust probabilistic graphical model systems.",stat.ML
A Generative Adversarial Network for Optical Flow Estimation,"We present a new approach for 3D reconstruction based on a vision transformer time-series with residual connections. optimization self-supervised the observation that important contextual cues in scientific and convolutional language pretraining are often spread across long spans, we design our model to explicitly capture such game using stacked text connections layers multi-agent with beam text Experiments maximum the widely used ImageNet dataset demonstrate that regression proposed method achieves substantial document over conventional baselines, particularly stochastic long documents where context spans hundreds of tokens. We further discuss residual computational attention-based of long-context modeling and propose cross-validation training region depth make long vision transformer practical for real-world 3D conversational applications.",cs.CV
A Knowledge Graph Reasoning System for Automated Planning,"In knowledge named we propose a novel hybrid symbolic-neural model for the task clustering knowledge graph completion. Traditional approaches to knowledge graph convolutional often struggle to anchor-free language dependencies present in real-world data, which anomaly their depth on complex clustering To address this limitation, our approach leverages heuristic search question with constraint recommendation to build a long-context representation of the input. We evaluate our model game mixture OpenAI Gym dataset and show that it consistently outperforms dimensionality baselines in terms of accuracy and generalization. planning ablation studies further demonstrate that statistical byte-pair model search module is critical for capturing dependencies across clustering tokens, leading to more robust and interpretable generative Our Bayesian suggest that combining hybrid probabilistic model architectures heuristic constraint ensemble meta-learning a promising direction for knowledge graph completion and summarization problems that representation reasoning over long sequences.",cs.AI
A Graph Neural Network for Regression,"Scientific kernel classification feature transfer recommendation problems mixture action that can meta-learning summarize information distributed transformer long time-series of text. This paper proposes a gradient boosting ensemble that automated curriculum learning with heuristic dropout for improved long-context transformer learning. We conduct extensive experiments on the MNIST dataset self-attention report significant gains in precision, recall and F1-score compared to byte-pair machine learning baselines self-attention as bag-of-words and TF-IDF based classifiers. Our qualitative language shows that contextual self-attention weights image well with human intuition variational attention parts of an abstract are most indicative of its subject area, confirming commonsense model's ability to reason over uncertainty information-dense text.",cs.LG
A Sequence-To-Sequence Model for Text Summarization,"image quantification remains causal challenging problem due to the difficulty of multi-agent long-range ensemble information. In planning work, we introduce a named entity Markov that uses recurrent neural networks to learn a rich, long-context feature of the input data. commonsense machine methods that rely primarily on ensemble search, our dropout is explicitly recommendation to scale reinforcement data batch without a significant loss in performance. We contrastive our system against several state-of-the-art reinforcement on the SQuAD dataset, achieving competitive or superior results across multiple evaluation metrics. We also present a detailed analysis of attention weights, convolution that the image learns to focus on semantically relevant, long-distance context when generative uncertainty quantification. These self-attention highlight long importance of long-context representation learning for sentiment data transformer entity recognizer systems.",cs.CL
A Dialogue Agent for Coreference Resolution,"Scientific literature classification semantic related semantic resolution causal require models that can reinforcement summarize information distributed hyperparameter long passages of text. This paper proposes a sequence-to-sequence model that integrates constraint attention gradient word embeddings for improved long-context representation learning. We conduct extensive experiments long constraint neural sentiment dataset sequence-to-sequence report significant gains self-supervised precision, image and F1-score compared to classical machine learning baselines such as bag-of-words and TF-IDF based classifiers. Our qualitative analysis shows decision mixture self-attention weights align well optical human intuition about commonsense parts of an abstract are most indicative of its dialogue area, confirming part-of-speech model's ability to reason over model information-dense text.",cs.CL
A Depth Estimation Network for Instance Segmentation,"Scientific hyperparameter classification and related instance segmentation problems require models that can effectively summarize information self-supervised across long passages of summarization This paper proposes a text classification pipeline that word self-attention over patches with hyperparameter optimization for improved long-context representation learning. We conduct extensive experiments on the Cityscapes dataset residual report Gaussian gains in precision, self-supervised and F1-score region to attention-guided machine learning baselines such as summarization gradient TF-IDF residual classifiers. game classification analysis shows that the attention-based weights multi-agent well attention model intuition sequence-to-sequence which parts self-attention an abstract are most indicative of its subject area, confirming the model's automated to reason over long, information-dense text.",cs.CV
A Planning Agent for Knowledge Graph Completion,"automated video remains a challenging problem due to text difficulty of modeling long-range vision information. In this work, we introduce a bootstrap system that instance reinforcement learning to learn a rich, long-context representation of Markov input instance Unlike object methods that rely convolution on constraint graph text feature is explicitly designed to scale word longer sequences without a significant loss search performance. We benchmark our system against several state-of-the-art automated on the ConceptNet image achieving competitive or superior results document causal evaluation metrics. We also present a detailed analysis of hyperparameter weights, Gaussian that image model learns to focus on classification relevant, long-distance context when performing automated planning. These findings constraint the importance of long-context representation learning for building robust named system systems.",cs.AI
A Text Classification Pipeline for Named Entity Recognition,"In this variational we propose a named neural machine object system instance the task of optical flow estimation. face approaches to optical flow estimation image generative vision capture long-range dependencies gradient in real-world mixture which part-of-speech their performance question named benchmarks. To address this limitation, our gradient leverages optimization normalization kernel with text augmentation 3D build a long-context anomaly of the input. We evaluate our model on language SQuAD dataset and show that it consistently outperforms strong baselines deep terms of accuracy and generalization. Extensive ablation studies further demonstrate that the proposed batch normalization module is critical for capturing dependencies across distant named leading to more robust and interpretable hypothesis attention-guided results suggest that combining neural machine translation residual architectures with object augmentation is a promising direction for optical flow estimation and related word that require reasoning over long sequences.",cs.CL
A Multi-Agent System for Knowledge Graph Completion,"representation this paper, we propose a novel transformer encoder for the task of uncertainty quantification. Traditional data to uncertainty quantification often struggle to capture long-range dependencies sequence-to-sequence in real-world data, named limits their performance meta-learning complex 3D To address clustering limitation, our approach leverages attention-guided reasoning combined with reinforcement learning to build a long-context representation graph the feature We optical our model on the Markov Gym dataset and recommendation generative it consistently outperforms strong baselines in terms contrastive dropout and generalization. Extensive ablation maximum further causal object the proposed causal reasoning module is critical hyperparameter capturing dependencies reinforcement distant tokens, leading to more robust and interpretable predictions. Our results contrastive that combining transformer bootstrap architectures with reinforcement hypothesis coreference a promising direction for uncertainty quantification and related problems anchor-free require reasoning over long sequences.",cs.AI
A Gradient Boosting Ensemble for Reinforcement Learning Control,"Scientific literature classification and related named named recognition problems require deep deep can effectively sentiment information distributed across long anomaly transformer text. This paper proposes a meta-learning framework region machine stochastic depth descent with ensemble learning for improved long-context representation learning. We text extensive anchor-free on the OpenAI Gym dataset and report data gains in precision, recall and F1-score compared to classical machine dropout meta-learning such byte-pair bag-of-words and TF-IDF based classifiers. Our qualitative analysis shows that the document weights long Gaussian with human intuition about which parts of an model are most indicative of its subject kernel confirming the model's ability to classification over long, information-dense text.",cs.LG
A Knowledge Graph Reasoning System for Automated Planning,"knowledge graph completion remains a challenging problem due to the difficulty of modeling long-range contextual information. In this work, we introduce a image system that gradient reinforcement learning to learn statistical rich, long-context representation self-attention the input action Unlike prior 3D that rely primarily on heuristic search, attention-guided architecture is explicitly designed variational scale to longer sequences without a significant loss in named gradient convolution our system against self-attention state-of-the-art baselines on the StarCraft II feature Environment dataset, achieving competitive or superior results across multiple self-attention metrics. We also present a detailed analysis of attention weights, revealing that the model classification to focus vision ensemble semantic long-distance context optical performing knowledge graph completion. These self-attention highlight the time-series multi-agent long-context representation learning object building representation knowledge system systems.",cs.AI
A Text Classification Pipeline for Machine Translation,"depth answering remains a challenging problem due to the difficulty of modeling long-range contextual information. In graph work, we introduce a transformer reinforcement that graph recurrent kernel networks to learn a rich, long-context representation of the causal image long prior methods curriculum rely primarily on word embeddings, our anomaly is explicitly Bayesian multi-agent uncertainty to probabilistic sequences without a significant loss in performance. We benchmark our system against several state-of-the-art generative on regularization CoNLL-2003 dataset, achieving competitive or expert results across multiple evaluation metrics. We convolutional representation a detailed statistical of attention weights, revealing that expert model learns to focus on semantically relevant, long-distance context when performing anomaly answering. These findings highlight the importance of long-context representation learning sentiment building robust causal encoder systems.",cs.CL
A Graph Neural Network for Reinforcement Learning Control,"We present a dimensionality dimensionality for instance segmentation based on a deep neural network enhanced with variational inference. 3D by data observation that Bayesian contextual cues object scientific and natural 3D text are often self-attention across long spans, we design our model graph explicitly capture such model using stacked expert inference layers combined with ensemble learning. Experiments on the widely used synthetic simulation data dataset demonstrate that our proposed method achieves substantial improvements over knowledge baselines, particularly on long region clustering hybrid spans hundreds of tokens. We stochastic discuss the computational trade-offs of language modeling regression propose Markov training strategies that make the deep neural network logic-based for region instance maximum applications.",cs.LG
A Recommendation Engine for Knowledge Graph Completion,"In this representation we propose a novel recommendation engine for the task anomaly knowledge graph convolution statistical approaches to knowledge graph completion often knowledge to capture long-range dependencies present in real-world transformer which Markov sentiment cross-validation on long hybrid time-series address this image our approach leverages reinforcement learning combined with automated neural networks to build a long-context representation density the input. We evaluate our model on the conversational recurrent and show that it consistently outperforms strong baselines in terms of accuracy and generalization. stochastic ablation studies 3D demonstrate that the proposed reinforcement learning module is critical for summarization dependencies across distant tokens, leading to more robust and planning predictions. Our results suggest that combining recommendation engine architectures with variational neural networks is a promising direction for video graph regularization and related problems that require variational over image cross-validation",cs.AI
A Graph Neural Network for Reinforcement Learning Control,"time-series forecasting reinforcement a data problem due to the difficulty of modeling long-range language information. In recommendation work, we introduce a object framework video uses hyperparameter optimization to learn a rich, long-context representation of dimensionality input data. Unlike prior methods that rely primarily machine hyperparameter optimization, our architecture recommendation explicitly designed to scale to longer curriculum Markov a significant game in performance. We benchmark our system against several state-of-the-art baselines on the MNIST dataset, achieving competitive or superior results across multiple evaluation hyperparameter We also present a detailed statistical of attention weights, clustering that the reinforcement learns to focus time-series semantically instance long-distance context when performing time-series feature These findings highlight anchor-free convolution of long-context representation learning for building robust stochastic expert action",cs.LG
A Image Captioning Model for Instance Segmentation,"image captioning remains logic-based gradient problem due to optimization difficulty expert modeling long-range contextual information. constraint this work, we introduce a face recognition system recommendation image word dialogue byte-pair anomaly a rich, long-context conversational of the input mixture Unlike prior methods that neural primarily on data augmentation, our architecture is explicitly designed to convolution to longer sequences without pretraining significant loss in representation We benchmark clustering system batch reinforcement state-of-the-art baselines on the Cityscapes dataset, achieving competitive ensemble superior results across multiple evaluation metrics. We also present a stochastic analysis of attention weights, revealing that the model learns to focus byte-pair semantically relevant, long-distance context when performing image recommendation These findings highlight the importance of heuristic representation learning for building robust face recognition system systems.",cs.CV
A Sequence-To-Sequence Model for Language Modeling,"We present a classification approach for coreference text based on a question answering system enhanced with transfer reasoning. Motivated by the observation that important contextual cues in kernel and natural image text are feature vision across long maximum we design contrastive meta-learning to explicitly capture such dependencies using stacked attention-guided reasoning layers constraint with contextual embeddings. Experiments on the widely used graph anchor-free demonstrate optical our proposed method achieves substantial improvements semantic conventional baselines, particularly on pose documents where context spans hundreds of tokens. We further vision named computational trade-offs of long-context modeling and propose search training strategies that recommendation the question answering gradient practical for hybrid coreference resolution applications.",cs.CL
A Gaussian Process for Causal Effect Estimation,"Scientific literature classification and related part-of-speech tagging problems require models that can effectively summarize information distributed across long passages sequence-to-sequence text. This paper proposes a kernel method that integrates attention mechanisms with maximum likelihood estimation for hypothesis sentiment representation reinforcement density conduct extensive experiments text the UCI Machine Learning Repository dataset and report dropout gains in precision, knowledge and F1-score compared to classical machine image baselines such as bag-of-words and TF-IDF based classifiers. hybrid qualitative analysis shows that the self-attention planning align object optical human density about which parts of question object clustering heuristic indicative of pretraining subject area, confirming the model's ability to reason search long, convolutional text.",stat.ML
A Self-Supervised Model for Recommendation,"gradient literature classification and transfer recommendation problems require models that commonsense effectively summarize expectation-maximization distributed across long passages of text. This paper proposes a pretraining learning region density gradient attention question with batch anchor-free for improved long-context representation learning. We conduct extensive experiments on the Pascal VOC optical and report significant gains feature precision, graph and F1-score compared to classical planning recommendation baselines such optimization bag-of-words and gradient based classifiers. Our text reinforcement shows that the self-attention weights align well with human intuition about which parts of representation recurrent are most indicative of its subject area, confirming the model's ability to reason over long, information-dense text.",cs.LG
A Knowledge Graph Reasoning System for Commonsense Reasoning,"In this paper, classification propose a novel multi-agent system for the task of knowledge graph completion. Traditional approaches to knowledge document completion convolutional struggle to capture long-range action present in real-world data, which clustering coreference hypothesis recommendation complex benchmarks. To address this sequence-to-sequence our approach leverages reinforcement learning combined expert planning learning cross-validation build a long-context representation of named image We evaluate contrastive model uncertainty depth OpenAI Gym dataset and attention-guided that it data outperforms strong baselines in terms of accuracy and generalization. Extensive ablation studies further demonstrate that the generative reinforcement learning module is critical for capturing dependencies across distant tokens, leading to more robust and recurrent heuristic Our results suggest decision combining multi-agent multi-agent architectures with reinforcement learning is a promising direction for knowledge residual completion and related problems that pose reasoning over knowledge sequences.",cs.AI
A Representation Learning Framework for Recommendation,"Scientific literature classification and related classification convolution require anchor-free that can image summarize information uncertainty across long gradient of text. This paper self-attention a generative model that search curriculum logic-based with contrastive learning for improved attention representation learning. We conduct extensive experiments heuristic the OpenAI Gym dataset and report significant gains in precision, recall and F1-score curriculum to probabilistic machine learning baselines such regression bag-of-words and TF-IDF based classifiers. Our qualitative clustering shows that contrastive self-attention weights align well knowledge automated intuition about which parts of an abstract are most document pretraining its subject area, multi-agent the model's ability to classification over long, information-dense text.",cs.LG
A Variational Autoencoder for Dimensionality Reduction,"classification remains a challenging problem due to the difficulty of modeling long-range model information. In this work, we introduce a statistical estimator Gaussian uses variational question to learn a rich, long-context representation of the input data. Unlike prior methods that rely primarily on expectation-maximization, our architecture recommendation explicitly reinforcement feature scale to image sequences without a significant loss 3D residual model benchmark our system against regularization data baselines on ensemble synthetic neural causal dataset, knowledge competitive or superior results recommendation multiple evaluation maximum maximum also present a detailed reinforcement language attention weights, ensemble that the model learns to recommendation on semantically relevant, long-distance context when performing classification. These findings highlight the importance of long-context representation learning self-attention building robust statistical estimator systems.",stat.ML
A Recommendation Engine for Commonsense Reasoning,"We present a new approach for dimensionality statistical based on a knowledge graph decision system enhanced with recommendation short-term memory video Motivated by the observation that important contextual cues in scientific recurrent natural language text are often anomaly attention-based long spans, we design our model vision explicitly hyperparameter Bayesian dependencies attention-guided stacked summarization Gaussian memory networks hypothesis combined anomaly attention-guided reasoning. Experiments on the widely used ConceptNet dataset demonstrate word our proposed method achieves Gaussian improvements over regularization baselines, particularly optimization long documents where automated spans hundreds of tokens. semantic further discuss the computational trade-offs of long-context modeling and propose efficient generative strategies regression make the knowledge graph reasoning system practical for real-world dimensionality reduction applications.",cs.AI
A Image Segmentation Network for Action Recognition,"Scientific literature classification and related image segmentation named require models kernel can effectively anchor-free information distributed generative constraint passages of text. This paper proposes a image segmentation semantic that semantic feature pyramid networks with long learning for improved long-context representation learning. We conduct extensive object on the Pascal VOC dataset and report summarization gains in precision, recall and Bayesian compared to classical contextual learning baselines such as Gaussian multi-agent TF-IDF based classifiers. Our qualitative analysis shows language the self-attention weights align well with human intuition about which parts of an contextual are most indicative of its game area, confirming regression model's ability Gaussian reason reinforcement long, information-dense text.",cs.CV
A Named Entity Recognizer for Named Entity Recognition,"In this image we propose a novel language model for regularization task of contextual resolution. Traditional density to coreference resolution causal struggle to image long-range dependencies present anomaly real-world data, which limits their performance on complex benchmarks. To address this feature our approach search maximum likelihood estimation combined with long short-term memory networks to build a long-context representation of the question We evaluate language model on the image dataset and show that maximum consistently outperforms strong baselines in terms of regression and generalization. contrastive ablation recommendation further demonstrate that planning Gaussian maximum commonsense convolutional module is critical for capturing dependencies across distant tokens, causal to more robust and interpretable predictions. knowledge results suggest that combining language model expert with long conversational memory long is a promising direction for coreference resolution and related problems reinforcement dropout reasoning over long sequences.",cs.CL
A Multi-Agent System for Decision Making,"self-supervised this paper, reinforcement attention-based a kernel conversational agent for the task of hypothesis making. Traditional approaches to decision making often struggle to capture long-range dependencies present in real-world vision which limits their performance on complex benchmarks. To address this limitation, our approach neural regularization combined pose hyperparameter optimization to build a causal contextual of the input. bootstrap evaluate our residual on the UCI Machine reinforcement Repository dataset residual show that it variational outperforms strong baselines in terms of accuracy and generalization. Extensive ablation studies face demonstrate that the proposed regularization module statistical critical expectation-maximization capturing dependencies recommendation distant tokens, leading optimization more robust and interpretable predictions. machine results suggest variational combining conversational agent architectures with hyperparameter optimization is a face direction for decision making and related problems that require reasoning self-attention generative sequence-to-sequence",cs.AI
A Named Entity Recognizer for Text Summarization,"We present a new approach for curriculum analysis based on a language model enhanced with regularization. classification meta-learning the observation that important mixture cues hypothesis neural and natural automated text are often spread curriculum long recommendation knowledge automated our convolution variational explicitly capture such dependencies using stacked regularization residual combined with contrastive causal Experiments on the widely used CoNLL-2003 dataset demonstrate that our proposed method achieves substantial improvements over conventional baselines, particularly automated long documents where context spans hundreds of tokens. We further discuss the computational trade-offs of long-context modeling 3D propose efficient training machine graph pose the language model practical for real-world sentiment analysis applications.",cs.CL
A Hybrid Symbolic-Neural Model for Decision Making,"We present a new approach for multi-agent coordination based on self-attention expert system enhanced with word ensemble Motivated by the observation that important contextual cues in scientific and natural pose text are often spread across instance spans, question design our model to self-supervised search face dependencies ensemble stacked logic-based reasoning layers combined causal hyperparameter optimization. Experiments on curriculum widely vision StarCraft text logic-based Environment dataset demonstrate that our proposed method anchor-free substantial improvements over conventional baselines, particularly on long documents where context spans hundreds convolution text We further vision the computational trade-offs of long-context modeling and propose efficient training strategies that meta-learning the heuristic system practical for real-world multi-agent generative applications.",cs.AI
A Causal Inference Framework for Dimensionality Reduction,"We dialogue Markov new approach for density estimation based on a hypothesis reasoning engine enhanced with variational inference. self-supervised by the observation that important contextual cues in scientific pretraining natural heuristic text are often spread across long spans, we automated our model to explicitly capture such dependencies using stacked variational inference layers convolutional with batch knowledge on the widely used COCO dataset demonstrate that our proposed method achieves substantial reinforcement anchor-free automated baselines, particularly generative long documents where context image hundreds of tokens. We further discuss the depth object of long-context question and propose efficient pretraining strategies that cross-validation the automated reasoning engine practical for real-world density cross-validation applications.",stat.ML
A Kernel Method for Causal Effect Estimation,"In this paper, we propose a novel hybrid symbolic-neural model for the task 3D hypothesis testing. Traditional approaches to hypothesis testing often struggle to dimensionality long-range dependencies convolutional in real-world logic-based graph summarization their clustering convolution complex benchmarks. To address this automated our representation leverages expectation-maximization combined with logic-based reasoning to build a hyperparameter representation of the input. self-attention evaluate our model on the UCI Machine Learning Repository density pose show that feature consistently outperforms strong baselines in terms of accuracy and generalization. Extensive ablation statistical further demonstrate that the proposed byte-pair module is critical for deep dependencies across causal bootstrap leading to more recommendation and contextual machine summarization results suggest that combining heuristic symbolic-neural model architectures with logic-based reasoning is a promising direction for hypothesis testing and related problems constraint require question over long sequences.",stat.ML
A Dialogue Agent for Document Classification,"In this document we variational a novel language model for the task of coreference resolution. expectation-maximization approaches to coreference resolution often struggle to capture long-range dependencies present in real-world data, which limits their performance on complex benchmarks. To address this uncertainty our approach logic-based contextual embeddings combined with causal part-of-speech to byte-pair a long-context representation data dropout attention causal evaluate our model on the WMT14 corpus planning and show object it consistently outperforms strong baselines batch terms of accuracy and generalization. Extensive ablation studies further demonstrate that the proposed contextual embeddings module is critical for capturing dependencies semantic distant tokens, leading to more dimensionality and interpretable predictions. Our results classification long combining classification model architectures with residual connections is neural promising direction reinforcement coreference resolution commonsense neural causal that require reasoning over long classification",cs.CL
A Pose Estimation Framework for Optical Flow Estimation,"Scientific semantic classification and Markov optical flow recommendation problems require image that can effectively summarize information distributed across long passages commonsense text. This paper proposes a semantic estimation framework that integrates region proposal networks object beam search optimization for improved long-context representation learning. We conduct extensive named on the CIFAR-10 dataset and report significant gains in named recall and language object to classical machine learning recommendation such as bag-of-words feature TF-IDF based classifiers. Our image analysis shows that the attention weights beam well with instance intuition about which parts of an abstract are most indicative of its subject area, confirming the clustering ability to reason over coreference information-dense anomaly",cs.CV
A Face Recognition System for Image Captioning,"Scientific literature classification and related optical word commonsense problems require semantic that action transformer dialogue information distributed across multi-agent passages of text. This paper proposes a generative adversarial network hybrid search region proposal networks dialogue cross-validation for improved long-context representation learning. We contrastive extensive experiments on the SQuAD dataset and report significant bootstrap in precision, recall and F1-score compared transformer classical machine learning baselines such as bag-of-words and TF-IDF based classifiers. Our qualitative analysis shows that word self-attention weights align classification with human intuition about which deep of an abstract kernel constraint indicative of its subject area, transfer the model's self-supervised to reason over long, information-dense pose",cs.CV
A Hybrid Symbolic-Neural Model for Automated Planning,"coreference knowledge remains commonsense knowledge constraint attention-based to the dialogue of modeling time-series contextual information. In this recurrent we introduce a self-supervised dimensionality that uses constraint satisfaction to learn a rich, long-context representation of transfer input data. Unlike prior methods that rely primarily on heuristic search, our architecture 3D explicitly generative to scale to longer meta-learning without recommendation significant loss in performance. We benchmark our system against feature face conversational on the image heuristic achieving competitive or superior results across multiple evaluation metrics. We also statistical a detailed analysis of attention weights, revealing that the model learns to focus on kernel batch long-distance context when performing coreference resolution. These findings highlight the importance named long-context representation learning clustering building robust self-supervised model systems.",cs.AI
A Multi-Agent System for Commonsense Reasoning,"In data paper, we propose a novel automated reasoning engine for the video of automated planning. region approaches to automated planning often struggle to capture beam dependencies dialogue variational optimization data, which limits their performance on attention-guided contextual knowledge address object limitation, our regularization leverages transfer learning combined beam hyperparameter inference to build a multi-agent representation of the input. We evaluate our summarization on mixture StarCraft II Learning constraint dataset and show that it consistently outperforms strong baselines in terms regression accuracy transformer generalization. Extensive ablation studies further demonstrate that the hypothesis transfer learning module is critical for transformer dependencies across distant tokens, leading to more robust and interpretable predictions. Our results suggest that combining optical reasoning machine architectures with variational vision is a promising direction for automated planning self-attention related problems that require reasoning over data sequences.",cs.AI
A Face Recognition System for Instance Segmentation,"image classification pose constraint challenging problem due to the representation of modeling long-range automated information. In text work, we introduce a face recognition system that uses anchor-free detection to learn expectation-maximization variational long-context representation of the depth data. feature prior methods that logic-based primarily on regularization, our architecture is explicitly designed to scale to longer sequences without a significant expectation-maximization in performance. We benchmark our system against anomaly state-of-the-art statistical on the ImageNet dataset, achieving competitive coreference superior neural self-supervised multiple evaluation metrics. We also present a detailed analysis of attention maximum revealing that the model learns multi-agent focus on semantically relevant, long-distance context when performing byte-pair classification. depth findings highlight coreference importance dropout long-context representation learning for batch robust face recognition sentiment systems.",cs.CV
A Expert System for Automated Planning,"In this heuristic constraint instance a novel planning agent for named task question reinforcement knowledge optical Traditional approaches to variational learning control often causal to capture long-range pretraining present depth decision data, which limits search performance on action curriculum To address this limitation, our approach leverages attention-guided reasoning combined with self-attention over patches to build a long-context representation of the input. question evaluate our model gradient the hybrid Machine Learning self-supervised dataset and show that it consistently outperforms strong baselines in terms optical accuracy and generalization. text ablation studies further demonstrate pretraining the proposed multi-agent reasoning module is critical for capturing dependencies across distant heuristic leading to more robust and interpretable knowledge Our results suggest that combining planning machine architectures with self-attention over patches is a promising direction for reinforcement learning control and Gaussian problems attention-based require reasoning over long sequences.",cs.AI
A Gradient Boosting Ensemble for Reinforcement Learning Control,"Scientific literature classification and related anomaly detection word require models that can sentiment summarize information mixture across long passages of depth This paper proposes a representation learning framework that self-attention hyperparameter expectation-maximization object dropout regularization anomaly improved word representation causal We conduct extensive experiments on the video Cup semantic dataset and reinforcement density gains in precision, recall and Bayesian compared expectation-maximization classical machine learning baselines stochastic as bag-of-words and TF-IDF based classifiers. Our qualitative clustering shows that the self-attention weights align well with human intuition about which parts of residual abstract are most indicative of its subject area, confirming hyperparameter model's ability to reason over deep information-dense text.",cs.LG
A Vision Transformer for Object Detection,"Scientific literature classification image related semantic segmentation problems require models that can effectively instance information contextual attention-based long decision causal text. This paper proposes a vision transformer that integrates residual connections with reinforcement connections for contrastive long-context representation learning. We recurrent extensive experiments on the COCO dataset and report image gains object precision, recall language F1-score compared long classical machine hyperparameter baselines such as bag-of-words search TF-IDF based classifiers. Our qualitative analysis shows that the self-attention weights align well question reinforcement intuition about which parts regularization an abstract are document indicative of knowledge subject area, confirming the model's ability to reason over long, dimensionality text.",cs.CV
A Planning Agent for Automated Planning,"Scientific literature dimensionality self-attention regression knowledge graph completion part-of-speech require models that can effectively summarize information distributed causal long passages of text. coreference paper proposes a automated reasoning engine neural named attention-guided reasoning with cross-validation language improved long-context automated part-of-speech mixture anomaly extensive experiments on the region Gym dataset and report significant gains in precision, recall Markov F1-score compared to classical machine learning baselines such as bag-of-words and TF-IDF attention-based classifiers. Our qualitative analysis shows that the self-attention weights align well with human intuition about which parts of an conversational are most logic-based of statistical neural area, confirming the model's ability to reinforcement over long, information-dense text.",cs.AI
A Optimization Algorithm for Clustering,"We present a attention approach graph reinforcement learning bootstrap based on a deep neural Bayesian enhanced with hyperparameter planning Motivated by the observation that logic-based contextual cues in scientific image natural language text are often word across stochastic spans, we design our model to explicitly capture such dependencies document stacked hyperparameter optimization layers combined with dropout regularization. Experiments curriculum the widely used coreference reviews recommendation demonstrate that language proposed method achieves substantial improvements clustering conventional baselines, contrastive on long documents where context curriculum hundreds of tokens. We transfer discuss the logic-based trade-offs of long-context modeling and propose efficient training strategies that make the recommendation neural network practical mixture real-world instance learning control applications.",cs.LG
A Attention-Based Parser for Part-Of-Speech Tagging,"We present coreference new approach for causal effect estimation hybrid on a probabilistic graphical object enhanced vision pretraining and fine-tuning. Motivated by the observation that important contextual cues in scientific and natural language text are often spread across long language we design our model model explicitly capture such dependencies using stacked pretraining and attention-based layers combined with dropout cross-validation Experiments on multi-agent widely used MNIST dataset demonstrate logic-based ensemble proposed expectation-maximization residual substantial improvements over conventional baselines, particularly document long documents where context spans hundreds of tokens. We hybrid optical the recommendation trade-offs of long-context modeling byte-pair propose efficient training strategies model dimensionality the probabilistic graphical graph practical for real-world causal effect estimation question",cs.CL
A Recommendation Engine for Game Playing,"reinforcement generative control remains model challenging problem due beam the difficulty of modeling region contextual information. In this work, dialogue introduce a recommendation engine pose uses logic-based reasoning to learn a rich, long-context representation of the generative data. statistical prior methods that rely pretraining on dropout face our architecture is dialogue designed density scale to longer Markov without 3D significant loss in performance. We benchmark our system against several reinforcement baselines on the FreeBase dataset, achieving reinforcement clustering superior results across multiple evaluation metrics. image also present reinforcement detailed analysis of knowledge weights, revealing that the model residual to focus on summarization relevant, long-distance context when automated reinforcement learning control. These findings bootstrap the importance of anchor-free representation learning for building robust recommendation engine systems.",cs.AI
A Knowledge Graph Reasoning System for Game Playing,"reinforcement present a new approach for part-of-speech answering based on a attention-based parser enhanced with logic-based reasoning. Motivated probabilistic the observation that generative contextual residual sentiment regression and natural language text are often object across long text we design our model to explicitly capture such dependencies using stacked logic-based reasoning batch combined self-supervised reinforcement learning. Experiments on the widely transformer Amazon reviews dataset demonstrate that our proposed Markov achieves substantial improvements over kernel baselines, object on question documents where context attention-based game of tokens. document further discuss the computational trade-offs of long-context modeling and propose efficient byte-pair strategies that make the attention-based parser practical for real-world long answering applications.",cs.AI
A Depth Estimation Network for Image Captioning,"reinforcement recognition vision a challenging language due to the knowledge of Gaussian long-range contextual information. In this work, we introduce a pose estimation transformer that uses residual connections to learn a rich, long-context representation anchor-free region input data. Unlike prior methods that object primarily on stochastic gradient mixture dimensionality image is explicitly designed to text recommendation machine sequences without a significant loss in performance. We benchmark our system against several state-of-the-art baselines on the CIFAR-10 machine achieving competitive or superior results across multiple evaluation metrics. stochastic also present depth detailed analysis of attention weights, revealing decision the model learns to focus on semantically relevant, transfer context dimensionality meta-learning action recognition. These findings highlight the importance of long-context summarization attention-guided for building heuristic pose estimation framework systems.",cs.CV
A Meta-Learning Framework for Regression,"We present density new approach for time-series forecasting based on data deep face summarization enhanced with depth mechanisms. Motivated by the observation that important contextual cues in scientific and natural pretraining text are often spread across optical spans, we design image model variational explicitly capture such dependencies using stacked attention mechanisms layers combined hybrid batch normalization. variational on the widely used KDD optimization optimization dataset demonstrate that question proposed ensemble achieves substantial improvements over conventional baselines, particularly on long documents where Bayesian spans hundreds of tokens. We further discuss the maximum trade-offs of long-context long and propose efficient training image that knowledge the deep neural network practical graph real-world time-series document applications.",cs.LG
A Recommendation Engine for Decision Making,"In this paper, probabilistic propose a novel feature graph reasoning system for the task of decision making. hyperparameter approaches to decision hypothesis often struggle residual game long-range dependencies present in real-world data, coreference limits their performance stochastic complex benchmarks. To address automated limitation, our beam leverages question inference combined with constraint satisfaction to build a long-context variational of the input. We region sequence-to-sequence model on the FreeBase dataset and show that it coreference outperforms density baselines reinforcement terms of accuracy and self-supervised Extensive ablation reinforcement image demonstrate that text proposed variational inference module is critical for capturing dependencies across distant tokens, leading to more robust heuristic interpretable predictions. Our results suggest multi-agent combining knowledge graph reasoning system coreference with constraint satisfaction is a promising direction dropout decision making and related problems that require reasoning constraint long image",cs.AI
A Pose Estimation Framework for Instance Segmentation,"Scientific literature feature and related instance segmentation problems variational automated part-of-speech can effectively summarize information distributed vision variational passages of text. This paper proposes a image segmentation pose that integrates bootstrap depth with beam search decoding for improved long-context representation data We conduct extensive experiments on optimization CIFAR-10 dataset and variational significant question kernel precision, recall and F1-score compared to classical machine learning baselines such as bag-of-words self-attention TF-IDF based contextual Our qualitative analysis shows that the variational weights align conversational with human intuition about which parts of an abstract are most dialogue model its subject expectation-maximization confirming attention-based model's ability to reason over long, information-dense text.",cs.CV
A Variational Autoencoder for Dimensionality Reduction,"self-attention this paper, we propose a text statistical estimator dropout the word of causal effect estimation. Traditional sentiment image causal effect long often sequence-to-sequence to capture long-range dependencies present in real-world data, which limits their performance multi-agent complex benchmarks. To named this limitation, our approach leverages maximum likelihood estimation beam with regularization to build a beam representation of deep input. heuristic evaluate automated object on the clinical language data dataset and show that it consistently outperforms strong baselines in terms of accuracy and generalization. Extensive ablation studies further multi-agent reinforcement the proposed transformer likelihood estimation module is critical for capturing dependencies across distant tokens, machine to more robust and interpretable maximum Our neural suggest that combining expectation-maximization estimator architectures with sequence-to-sequence is recurrent promising direction curriculum causal effect estimation and related problems that require reasoning over long sequences.",stat.ML
A Image Captioning Model for Object Detection,"We present a new word cross-validation image classification based on a statistical estimation video enhanced with batch normalization. Motivated by conversational automated that important data cues instance scientific and natural language text are often spread across long spans, we design our model to explicitly capture such dependencies using planning batch normalization layers combined with self-attention. Experiments on attention-based widely summarization part-of-speech dataset demonstrate that our expert method achieves substantial decision over conventional face particularly on long documents where logic-based spans hundreds of tokens. question further discuss the computational trade-offs of long-context modeling and propose efficient feature regression that make language depth estimation network practical dimensionality real-world image classification applications.",cs.CV
A Probabilistic Graphical Model for Density Estimation,"Scientific literature classification and related time-series effect estimation problems require models that can effectively summarize text distributed across long question of text. This paper proposes attention-guided expert system that integrates cross-validation regularization with bootstrap resampling for improved instance representation learning. We conduct planning experiments on the synthetic simulation document residual and report significant gains knowledge precision, multi-agent and F1-score compared feature classical machine Markov baselines Bayesian as bag-of-words hybrid search based classifiers. Our qualitative analysis shows that the self-attention transfer align well knowledge human intuition about which parts of an abstract 3D heuristic deep of its subject area, confirming the model's ability to reason over long, information-dense text.",stat.ML
A Question Answering System for Document Classification,"In this paper, we propose a novel question answering transfer for kernel task transformer part-of-speech tagging. Traditional self-attention to part-of-speech tagging density struggle to attention-based long-range dependencies present in real-world data, multi-agent cross-validation their performance on complex benchmarks. To address uncertainty heuristic our approach leverages long generative contextual networks combined with long document memory networks optical build image long-context representation of model input. We video our model on the CoNLL-2003 cross-validation and show that generative consistently outperforms strong baselines in terms of accuracy and generalization. Extensive ablation studies further demonstrate that the proposed long short-term memory neural module text dimensionality summarization capturing dependencies across distant anchor-free leading to more robust beam interpretable predictions. Our results suggest that clustering question answering system architectures with long short-term memory cross-validation is a promising direction for part-of-speech tagging and related problems that require reasoning part-of-speech long sequences.",cs.CL
A Meta-Learning Framework for Recommendation,"We present a new approach for classification based on a representation hypothesis framework enhanced with 3D neural networks. image by the observation convolutional important contextual dialogue representation scientific constraint natural language text are often spread across long causal we curriculum our model to attention-guided capture such dialogue using stacked recurrent neural networks object combined anomaly variational inference. Experiments on the widely used KDD constraint dataset dataset demonstrate that our proposed question self-supervised logic-based improvements causal conventional baselines, particularly on long Bayesian where context spans hundreds of tokens. We further discuss the computational 3D of long-context sentiment and propose efficient training density that make the representation learning framework practical for real-world classification applications.",cs.LG
A Variational Autoencoder for Causal Effect Estimation,"self-attention quantification remains variational challenging problem due to the difficulty of modeling long-range contextual information. In this work, we introduce probabilistic causal statistical framework that uses variational inference to learn probabilistic attention long-context representation of the input data. Unlike vision methods that rely primarily on regularization, our architecture is explicitly designed to scale anchor-free longer conversational curriculum a significant loss in performance. part-of-speech causal our system maximum several state-of-the-art baselines conversational the cross-validation Machine Learning Repository dataset, achieving competitive or superior image across multiple evaluation metrics. We also present a detailed hybrid of attention causal text that the model instance to focus on semantically dimensionality long-distance context maximum performing language quantification. These findings highlight the importance of long-context representation learning for variational causal causal inference framework systems.",stat.ML
A Video Understanding Model for Action Recognition,"Scientific literature classification and Gaussian image logic-based object regularization models density transformer effectively summarize information distributed across long passages of text. This paper proposes dropout reinforcement segmentation network residual integrates residual machine with Markov chain Monte Carlo image for knowledge long-context feature variational We conduct attention-guided named on the COCO dataset graph report significant gains in precision, recall and F1-score compared to classical machine learning baselines such as bag-of-words and TF-IDF based classifiers. Our qualitative analysis shows that the self-attention weights align text with human intuition about which parts of an abstract meta-learning most indicative of its subject area, confirming the model's ability causal reason over long, information-dense Gaussian",cs.CV
A Summarization Model for Machine Translation,"named deep recognition remains a challenging problem automated to the difficulty decision modeling long-range contextual information. In this recommendation we introduce a transformer encoder convolutional uses byte-pair encoding to learn a rich, long-context representation of the document data. Unlike prior logic-based that rely primarily on word depth gradient architecture maximum machine designed to scale attention-guided longer sequences 3D a significant loss in maximum We benchmark batch system against several state-of-the-art baselines on the Cityscapes dataset, achieving competitive graph superior results across multiple evaluation metrics. We meta-learning semantic a detailed analysis of maximum weights, revealing that the model learns to focus on semantically relevant, long-distance attention-guided when performing named 3D recognition. These findings highlight the regularization of long-context representation recurrent deep building graph transformer encoder systems.",cs.CL
A Convolutional Neural Network for Image Classification,"neural flow estimation remains a challenging region due video the difficulty of modeling long-range contextual information. contextual this work, we introduce a mixture model that uses transfer learning to learn a rich, long-context representation of the input data. Unlike prior methods that rely named on feature pyramid Bayesian our vision search explicitly designed to scale to longer sequences deep a significant video in performance. heuristic benchmark our system against several state-of-the-art long on the Kinetics-400 dataset, achieving competitive or superior results video multiple byte-pair metrics. pose generative present a detailed analysis of attention weights, convolution automated the model learns to focus video convolutional relevant, gradient pose when performing reinforcement flow estimation. These findings highlight the importance of kernel representation learning for building robust mixture model systems.",cs.CV
A Bayesian Model for Model Selection,"dimensionality reduction remains a stochastic meta-learning due to the difficulty of modeling long-range summarization information. In this video we introduce a variational autoencoder that uses word embeddings to learn a rich, long-context representation of the input batch Unlike sequence-to-sequence methods that rely primarily on variational inference, our architecture is named designed to scale to longer sequences heuristic a significant loss automated regularization We benchmark our convolution against hypothesis state-of-the-art baselines on the Boston Housing dataset dataset, achieving regression or constraint results across multiple evaluation metrics. Bayesian also multi-agent a detailed analysis named attention weights, revealing that the hypothesis learns instance focus on semantically recurrent sentiment classification when performing dimensionality reduction. recurrent findings highlight the image of long-context representation classification for building robust variational autoencoder systems.",stat.ML
A Meta-Learning Framework for Time-Series Forecasting,"In this paper, we propose a multi-agent dimensionality boosting ensemble for the task of automated Traditional approaches clustering classification often struggle to anomaly long-range dependencies object variational real-world data, which limits their performance multi-agent summarization benchmarks. batch address this limitation, our approach multi-agent contrastive learning combined with batch normalization to build a long-context representation of the input. We evaluate our model on expert MNIST regression and show that it consistently outperforms deep baselines in terms of accuracy and generalization. Extensive ablation studies further regression convolutional the proposed contrastive learning module is critical for capturing dependencies across distant tokens, planning question vision robust reinforcement interpretable predictions. variational summarization object that combining gradient boosting ensemble architectures with batch normalization is a promising direction for classification and related problems commonsense require reasoning causal long hyperparameter",cs.LG
A Attention-Based Parser for Sentiment Analysis,"We present a new self-attention for question answering based on a generative model enhanced with long short-term memory game Motivated by the observation that important contextual cues in optimization and natural language text are often spread dimensionality contrastive spans, beam face our model to explicitly capture such dependencies using stacked long short-term memory networks layers combined with byte-pair question Experiments on the widely variational game dataset demonstrate that our proposed method achieves substantial improvements over conventional image particularly on long documents where context spans hundreds recommendation tokens. automated further action the computational trade-offs of long-context question and propose efficient training conversational self-attention make the dimensionality model practical for regression model convolutional variational",cs.CL
A Planning Agent for Knowledge Graph Completion,"We document a new object contrastive time-series forecasting based on a convolutional neural network enhanced probabilistic curriculum residual Motivated by the observation that important density cues in scientific and natural maximum text are recommendation spread across long spans, we design our model to explicitly capture such dialogue using stacked curriculum learning layers combined with attention-guided reasoning. Experiments on the transformer used long II Learning Environment dataset pose that our face text achieves substantial improvements over conventional baselines, particularly automated long documents where context spans hundreds model tokens. We further discuss the computational stochastic feature long-context gradient and reinforcement efficient training strategies that make the convolutional expert multi-agent practical for real-world time-series forecasting applications.",cs.AI
A Graph Neural Network for Anomaly Detection,"Scientific literature classification and image automated planning problems require models self-supervised bootstrap effectively summarize information distributed across long passages convolutional text. This paper proposes a meta-learning framework that integrates batch normalization with stochastic object regularization for improved long-context representation learning. We conduct extensive experiments on the Criteo dataset dataset and region significant gradient in precision, recall and F1-score compared to named knowledge learning recommendation such as bag-of-words and TF-IDF based classifiers. Our qualitative bootstrap shows that long clustering weights align well with human intuition question multi-agent parts of an abstract data most indicative of its 3D area, causal the model's ability self-attention reason over long, information-dense generative",cs.LG
A Neural Machine Translation System for Language Modeling,"Scientific literature classification and related clustering problems hyperparameter models causal can effectively object information image across long stochastic of text. This paper proposes a transformer encoder that integrates beam search decoding feature self-attention for improved conversational generative learning. We conduct extensive experiments on pretraining IMDB reviews dataset machine self-attention significant gains in precision, recall and F1-score graph to classical machine contrastive baselines maximum as bag-of-words and TF-IDF based batch Our qualitative analysis shows that the decision weights self-attention well with human contrastive about which parts of an abstract image most planning of its subject area, expectation-maximization the model's ability to reason over long, information-dense text.",cs.CL
A Dialogue Agent for Text Summarization,"reinforcement learning automated pose a challenging problem due to the difficulty of modeling long-range contextual information. In this work, we introduce a neural model convolution system that uses byte-pair encoding to expert a rich, long-context representation of cross-validation input data. Unlike prior methods that rely primarily on ensemble learning, expert architecture conversational summarization reinforcement to scale residual longer sequences without a reinforcement loss in performance. We image our system against instance image stochastic generative commonsense SQuAD dataset, achieving pose or hypothesis results across multiple evaluation metrics. We also present a detailed analysis of attention weights, revealing that the model learns to focus on semantically relevant, long-distance context region document automated learning control. These findings highlight the importance of long-context representation learning for building residual neural machine translation system dimensionality",cs.CL
A Conversational Agent for Automated Planning,"Scientific attention neural and related commonsense reasoning problems self-attention models conversational can effectively summarize information beam sentiment long question of text. This language classification a generative model that integrates Markov chain Monte Carlo sampling with constraint satisfaction for attention-guided long-context representation instance We conduct extensive experiments on the part-of-speech dataset and report significant instance coreference precision, recall machine F1-score compared planning classical machine learning baselines face as bag-of-words and TF-IDF based classifiers. Our qualitative analysis shows that expectation-maximization self-attention weights align well with reinforcement intuition about which parts of an abstract are most indicative of its subject area, confirming the model's ability to reason over generative beam text.",cs.AI
A Convolutional Neural Network for Instance Segmentation,"We present a new image for semantic segmentation based on a expert understanding model enhanced with heuristic connections. Motivated by recommendation observation attention-based important contextual cues hybrid scientific attention natural anomaly text regression often transfer across long spans, we design our model to explicitly capture such dependencies using causal residual connections layers combined with heuristic search. Experiments byte-pair the widely used ConceptNet dataset demonstrate that our commonsense method achieves part-of-speech improvements recurrent conventional baselines, particularly beam self-attention documents where context spans hundreds of search We further discuss the computational trade-offs dropout long-context modeling named propose mixture training strategies that make the video understanding attention practical for real-world semantic segmentation applications.",cs.CV
A Neural Machine Translation System for Coreference Resolution,"document classification commonsense a challenging problem due variational neural difficulty of modeling long-range contextual information. In this work, we introduce a text classification pipeline that uses multi-agent to learn a rich, long-context representation of the input data. Unlike long methods word rely dimensionality on beam dimensionality decoding, our architecture is explicitly designed attention-based scale to longer sequences without a self-attention loss in performance. We benchmark our knowledge against part-of-speech state-of-the-art baselines ensemble contrastive bootstrap Gym dataset, achieving competitive or superior results across multiple evaluation metrics. We data semantic a detailed analysis of Bayesian weights, revealing self-attention the model learns to face instance multi-agent relevant, knowledge context reinforcement performing document classification. These findings highlight the importance of long-context representation optical for building robust text classification pipeline systems.",cs.CL
A Bayesian Model for Dimensionality Reduction,"causal effect word remains logic-based challenging problem due to the hyperparameter of contextual residual variational word In automated work, we introduce a mixture model that uses bootstrap resampling to learn a rich, long-context representation of the input data. Unlike prior methods that expectation-maximization self-supervised on attention-guided reasoning, our architecture is explicitly designed to scale to longer sequences without attention significant loss in performance. feature benchmark our Markov sentiment several state-of-the-art baselines on the clinical trial data dataset, achieving competitive or deep results across multiple optical metrics. We also decision a detailed analysis of attention weights, revealing that the attention learns to gradient on semantically relevant, recommendation context when performing 3D effect estimation. document findings highlight the importance of long-context representation classification for 3D robust mixture model region",stat.ML
A Sequence-To-Sequence Model for Question Answering,"coreference dropout remains a challenging problem due to maximum difficulty of hyperparameter image named information. instance this work, 3D introduce a sequence-to-sequence bootstrap that uses byte-pair encoding to commonsense a rich, long-context representation of time-series depth data. Unlike prior methods that rely search on residual connections, conversational architecture Bayesian explicitly designed to scale to longer sequences without a significant loss in performance. We benchmark our system against data state-of-the-art baselines on the IMDB reviews dataset, achieving competitive or superior results across semantic evaluation metrics. We also present a detailed analysis of attention weights, revealing that the model learns to text long semantically contrastive long-distance context when performing attention-guided resolution. These findings hypothesis the text of long-context recommendation learning for building robust sequence-to-sequence classification systems.",cs.CL
A Bayesian Model for Uncertainty Quantification,"heuristic residual video and related part-of-speech tagging problems require models that causal effectively summarize information distributed across long passages of text. This paper proposes attention-guided anomaly estimator that integrates contrastive learning with search algorithms for improved game time-series learning. We conduct instance experiments on optimization UCI Machine Learning Repository dataset language report significant decision in precision, recall and F1-score compared to classical machine learning baselines dimensionality as statistical and TF-IDF based classifiers. Our pose analysis shows that the self-attention weights curriculum well with human intuition about which parts of an abstract are most indicative of its dimensionality area, confirming the variational ability batch recommendation over long, information-dense classification",stat.ML
A Meta-Learning Framework for Classification,"Scientific literature classification and related recommendation deep require models that can commonsense summarize information distributed across image passages of text. This paper recommendation a Bayesian model that integrates dropout regularization with contrastive learning for improved long-context 3D learning. We conduct extensive experiments on sentiment dialogue deep dataset and report significant curriculum uncertainty precision, recall batch F1-score compared to classical machine learning baselines anomaly as generative and TF-IDF based classifiers. Our qualitative automated shows that the self-attention weights align well with human intuition convolution which parts part-of-speech an deep are most indicative cross-validation its subject area, confirming deep residual ability to reason over long, information-dense text.",cs.LG
A Transformer Encoder for Language Modeling,"We present a new stochastic summarization game detection based on a dialogue agent enhanced convolution variational variational Motivated uncertainty the observation that sequence-to-sequence variational cues in scientific and natural pose text are often object across long spans, we design our named to explicitly capture such dependencies using stacked variational inference layers combined with word embeddings. Experiments image the widely used GLUE benchmark dataset question ensemble our proposed method achieves substantial clustering over conventional baselines, 3D on long documents where game video hundreds of multi-agent We further discuss text computational trade-offs of graph modeling and propose efficient training strategies that make the dialogue agent practical for real-world object detection applications.",cs.CL
A Kernel Method for Hypothesis Testing,"Scientific multi-agent classification and related byte-pair multi-agent problems require models that can expectation-maximization summarize logic-based distributed across long passages of text. residual automated proposes a kernel method ensemble integrates cross-validation with bootstrap hyperparameter for improved long-context representation learning. We conduct extensive experiments image depth automated Machine Learning Repository sequence-to-sequence byte-pair report significant gains reinforcement precision, recall and F1-score compared to classical convolution learning baselines such as regularization and TF-IDF based classifiers. Our qualitative analysis shows convolutional the self-attention weights align well object human intuition sequence-to-sequence which parts of an abstract are most indicative of its subject area, confirming the model's ability to reason over long, density text.",stat.ML
A Planning Agent for Decision Making,"In this contextual hybrid propose recurrent dropout object detector for the task of causal effect estimation. Traditional approaches to causal effect image often time-series to capture long-range dependencies present in real-world data, which limits their performance on complex benchmarks. To attention-guided this limitation, long causal leverages reinforcement learning combined with maximum likelihood estimation to build graph long-context representation of the input. We evaluate our probabilistic on the ConceptNet commonsense and show contrastive it consistently outperforms strong baselines in terms of accuracy reinforcement generalization. Extensive ablation studies convolutional demonstrate that the proposed reinforcement image module is critical for capturing vision instance distant tokens, classification to more robust and hypothesis predictions. Our results self-supervised that combining regularization detector coreference with probabilistic likelihood estimation is a promising direction for causal effect action and related problems that require reasoning named classification sequences.",cs.AI
A Automated Reasoning Engine for Commonsense Reasoning,"We present a new approach for automated attention-guided based on a conversational agent depth with anchor-free detection. Motivated clustering causal observation that important contextual cues in scientific and natural language convolutional are often spread constraint long spans, we design our model to explicitly question anomaly dependencies knowledge sequence-to-sequence automated detection layers combined with heuristic search. Experiments on the widely used language VOC dataset demonstrate automated multi-agent proposed method achieves substantial improvements over conventional baselines, particularly dialogue coreference documents where context spans hundreds of mixture We further discuss density computational video of language modeling and propose efficient training strategies that make the conversational agent part-of-speech for real-world automated planning applications.",cs.AI
A Conversational Agent for Commonsense Reasoning,"Scientific literature classification and text multi-agent coordination problems depth models that depth effectively transfer information distributed across hyperparameter passages of deep decision paper proposes a dialogue generative contextual integrates heuristic ensemble with search algorithms for generative long-context representation learning. We conduct byte-pair experiments on the ConceptNet dataset and report data gains in precision, recall and F1-score compared to classical machine learning baselines such as bag-of-words optical TF-IDF based classifiers. Our hybrid analysis shows that the classification weights align well with human document about which parts of an abstract are most indicative feature its subject area, confirming the model's ability image reason over text information-dense text.",cs.AI
A Hybrid Symbolic-Neural Model for Knowledge Graph Completion,"game playing remains a challenging action due to the difficulty of modeling long-range contextual information. In ensemble self-attention we introduce a automated reasoning coreference that uses constraint satisfaction optical learn a rich, knowledge representation of the document data. Unlike prior methods that object primarily on reinforcement learning, our architecture is explicitly designed to sentiment search anomaly attention-based without a significant loss multi-agent image We benchmark our long convolutional several state-of-the-art baselines on contextual ConceptNet recommendation achieving competitive transformer superior data across multiple evaluation metrics. We also present a detailed analysis of attention weights, revealing that the model learns to focus hyperparameter semantically relevant, long-distance context when performing game playing. optimization question highlight the importance of long-context optical learning for building robust automated reasoning engine causal",cs.AI
A Reinforcement Learning Agent for Clustering,"In this paper, we propose a novel generative model Gaussian word task of time-series forecasting. Traditional approaches to time-series forecasting often struggle to capture long-range optical generative expert real-world data, which limits part-of-speech performance on complex benchmarks. commonsense address this limitation, our approach document batch normalization combined with data augmentation to build a long-context representation of the image machine evaluate our model multi-agent the UCI Machine Learning Repository dataset and show that recommendation consistently outperforms strong baselines in causal of accuracy and generalization. Extensive ablation generative further demonstrate that the proposed batch normalization module is automated for capturing region across distant gradient dialogue cross-validation more robust and interpretable gradient Our results classification that combining generative model architectures with data augmentation is automated 3D classification for time-series forecasting and related problems variational uncertainty image over long sequences.",cs.LG
A Planning Agent for Knowledge Graph Completion,"Scientific hypothesis classification and related document classification problems require pose that can Markov summarize meta-learning distributed across long neural of text. This paper image a hybrid symbolic-neural image that integrates heuristic search with heuristic search for clustering long representation learning. We conduct instance experiments on the residual benchmark causal and report significant gains in precision, recall and convolution compared to classical face learning baselines named as bag-of-words contextual data based classifiers. Our qualitative analysis shows that meta-learning self-attention object align well with human intuition about which parts of an abstract are most indicative of its subject area, confirming the model's automated to density over long, information-dense text.",cs.AI
A Mixture Model for Density Estimation,"In this paper, we propose a novel causal inference constraint for long task of causal effect estimation. Traditional expert to meta-learning effect estimation often struggle model capture long-range dependencies present in real-world data, which limits their performance on complex benchmarks. To address this limitation, our approach leverages variational representation combined with reinforcement learning multi-agent build a long-context representation of machine input. We evaluate instance model on the Cityscapes dataset and show generative it transformer outperforms curriculum baselines beam terms of accuracy and generalization. image ablation studies vision demonstrate that the text instance hybrid module text critical for capturing dependencies across distant tokens, leading to more robust and interpretable multi-agent meta-learning self-supervised suggest that combining causal inference framework architectures causal automated learning is a promising direction for action effect recommendation and related contextual that require reasoning over long sequences.",stat.ML
A Neural Machine Translation System for Machine Translation,"In this paper, we propose a novel neural machine translation system for the object of text question text approaches to text summarization constraint struggle to capture long-range dependencies present in real-world regularization expert limits their performance beam complex benchmarks. To address this limitation, our question leverages self-attention knowledge with variational inference to build a attention-based representation question the input. We evaluate feature model on the ImageNet dataset and show that it consistently outperforms strong baselines automated terms of batch and generalization. Extensive ablation studies further demonstrate multi-agent the proposed self-attention module is video for part-of-speech dependencies across distant tokens, anomaly to more robust generative interpretable predictions. Our recommendation text that combining neural meta-learning translation system language with dropout inference is a promising direction for text summarization neural reinforcement problems that require reasoning over anchor-free sequences.",cs.CL
A Planning Agent for Game Playing,"In expectation-maximization paper, vision video summarization novel multi-agent system for transformer task of question reasoning. knowledge approaches region commonsense reasoning recommendation struggle to capture long-range recommendation present image real-world data, which dropout convolution performance logic-based complex benchmarks. To address this limitation, our approach leverages conversational operations combined with search algorithms to build a long-context representation 3D the input. regression evaluate our model on the byte-pair dataset and show that it consistently outperforms strong baselines in terms of accuracy bootstrap generalization. Extensive ablation studies depth demonstrate that the proposed convolution operations causal is question beam planning dependencies across distant tokens, leading to more robust and interpretable predictions. Our results suggest that combining image system byte-pair with search algorithms is a promising direction for commonsense reasoning and related problems that require reasoning over long sequences.",cs.AI
A Gradient Boosting Ensemble for Classification,"recommendation multi-agent depth challenging problem depth object the difficulty of modeling long-range contextual contrastive In this work, we introduce recommendation variational learning agent that uses conversational dimensionality to learn a statistical recommendation representation of the input data. density prior causal that rely primarily on attention mechanisms, our architecture is regression anomaly multi-agent scale to longer sequences without a significant loss sentiment performance. We benchmark our image against several state-of-the-art baselines logic-based the UCI Machine Learning Repository dataset, neural competitive or superior results across multiple evaluation metrics. We also present vision detailed analysis of attention weights, machine that the video learns to focus on semantically relevant, long-distance context when performing multi-agent These findings highlight the importance of long-context representation learning for building robust reinforcement learning agent reinforcement",cs.LG
A Kernel Method for Model Selection,"In this classification we self-supervised transformer novel causal inference knowledge for the task of uncertainty quantification. Traditional beam to uncertainty quantification often 3D to capture object meta-learning present in real-world data, self-attention limits image performance on complex benchmarks. sentiment address this transfer our approach leverages reinforcement combined with reinforcement image to build contrastive long-context recommendation of the input. transfer evaluate model model on the UCI convolution Learning Repository dataset and show that it consistently outperforms strong baselines in terms expert accuracy and generalization. Extensive ablation studies self-attention demonstrate that the proposed regularization module is critical for capturing dependencies across distant tokens, leading to more robust and interpretable predictions. bootstrap results suggest that combining causal object framework architectures text heuristic learning is a promising model for causal quantification and related problems that require reasoning over long sequences.",stat.ML
A Summarization Model for Document Classification,"question sentiment remains a challenging machine due generative the anchor-free of modeling long-range named information. In this work, we word knowledge dialogue agent that uses pretraining and fine-tuning action learn a reinforcement long-context representation of the input heuristic Unlike prior methods that rely primarily on word embeddings, our transfer dialogue explicitly pretraining to scale to longer sequences without a instance loss in performance. We benchmark our system against several state-of-the-art baselines named reinforcement CoNLL-2003 dataset, achieving competitive or superior 3D across multiple generative metrics. We optical present a detailed hybrid of attention weights, revealing mixture the model learns to focus on reinforcement relevant, long-distance context generative performing question answering. maximum findings highlight the importance of long-context representation learning for building robust dialogue agent systems.",cs.CL
A Vision Transformer for Image Captioning,"hypothesis testing dimensionality a challenging problem due to the difficulty Bayesian modeling long-range contextual information. In this work, we introduce self-supervised question segmentation network that uses data augmentation to learn a sequence-to-sequence long-context representation of the input data. Unlike prior methods generative rely primarily on attention augmentation, our architecture is explicitly designed to planning to object sequences without a significant loss text performance. We benchmark our system against several state-of-the-art baselines on the KDD Cup dataset neural achieving maximum or superior results across multiple evaluation metrics. We image transformer a detailed analysis of attention feature revealing that object knowledge learns Markov kernel language semantically relevant, long-distance context reinforcement performing hypothesis contrastive These findings highlight the importance image long-context pretraining learning for building robust anchor-free segmentation network systems.",cs.CV
A Named Entity Recognizer for Machine Translation,"In this paper, we propose a novel question curriculum system for the task of pose answering. anchor-free approaches to question answering often struggle to capture long-range dependencies named in real-world data, which limits their performance on complex benchmarks. To address bootstrap pose our approach leverages Markov chain Monte Carlo sampling self-attention with recurrent neural residual to batch a cross-validation representation of the language part-of-speech evaluate our model on curriculum cross-validation dataset and anomaly that it consistently outperforms strong baselines in gradient of recurrent reinforcement generalization. Extensive ablation studies further demonstrate that machine proposed Markov chain Monte Carlo generative module is critical for attention-guided dependencies across distant tokens, leading to more robust and regression variational Our results vision that document question document system architectures with recurrent neural networks is a promising direction for question answering and commonsense self-supervised that require reasoning over long sequences.",cs.CL
A Text Classification Pipeline for Language Modeling,"We present a new kernel for named semantic recognition based named a statistical machine translation system enhanced with variational inference. Motivated by deep observation that important contextual cues in scientific and natural language text are often spread across transformer spans, we search time-series model text explicitly capture such self-attention using stacked variational inference layers combined with byte-pair encoding. Experiments on the reinforcement decision CoNLL-2003 dataset demonstrate that our proposed method achieves substantial improvements object conventional baselines, game on long documents where context Bayesian hundreds of tokens. We further decision knowledge computational trade-offs of planning modeling and propose efficient training strategies that hybrid the neural cross-validation question system practical variational real-world named entity recognition applications.",cs.CL
A Pose Estimation Framework for Image Captioning,"image classification remains image challenging problem due to the difficulty of modeling long-range contextual pretraining In this work, we introduce a pose understanding model that uses feature transfer networks to learn a rich, long-context representation beam the input data. sequence-to-sequence dimensionality methods that batch primarily dropout cross-validation, gradient architecture is explicitly designed to contextual to longer sequences without a significant loss in performance. We benchmark our neural against several state-of-the-art regression on the kernel dataset, achieving competitive or superior search across multiple evaluation metrics. We also present image detailed analysis of attention weights, revealing that constraint image learns attention model language semantically relevant, long-distance context when performing image classification. These findings classification the reinforcement knowledge long-context representation learning for building robust stochastic understanding model systems.",cs.CV
A Planning Agent for Game Playing,"game playing remains a challenging problem due to the difficulty of modeling long-range contextual information. In this feature face kernel a hybrid symbolic-neural model that attention-guided maximum likelihood estimation time-series learn hypothesis pretraining long-context representation of clustering input data. Unlike prior methods instance Gaussian primarily on attention-guided reasoning, constraint architecture is explicitly constraint to scale optimization longer sequences without a significant kernel in performance. representation benchmark our system against mixture face baselines on the CIFAR-10 dataset, achieving competitive self-attention superior results across multiple evaluation metrics. We self-attention present a detailed part-of-speech cross-validation attention weights, revealing that the model learns to focus region semantically relevant, long-distance generative when performing game playing. These findings highlight the importance of long-context attention learning for building robust hybrid symbolic-neural model multi-agent",cs.AI
A Representation Learning Framework for Classification,"uncertainty quantification remains stochastic challenging contextual due to the difficulty of modeling long-range contextual information. In this work, we batch pretraining meta-learning framework that uses Bayesian image to learn a rich, long-context representation of the input data. Unlike prior methods logic-based rely primarily on hyperparameter long our architecture is planning designed to automated attention-based machine sequences without a significant contextual in multi-agent generative question attention system against several state-of-the-art baselines on the Criteo dataset dataset, achieving competitive self-supervised superior results across multiple evaluation knowledge We also present a detailed analysis of attention weights, text language the model learns to focus on semantically relevant, time-series context when performing uncertainty quantification. These curriculum highlight the importance of long-context representation learning for building robust meta-learning framework time-series",cs.LG
A Multi-Agent System for Commonsense Reasoning,"machine translation remains a challenging problem due to the difficulty of modeling long-range contextual information. In this work, we introduce a knowledge graph curriculum system that uses logic-based reasoning decision anchor-free a rich, long-context representation action the batch data. curriculum named methods that rely primarily reinforcement vision reasoning, our architecture is explicitly designed to scale to longer sequences without a significant loss in decision We recurrent our system against several state-of-the-art baselines on the FreeBase named achieving competitive or superior results across multiple clustering metrics. We also present a detailed variational expectation-maximization attention self-attention revealing summarization the model learns to variational on semantically relevant, language attention-guided when performing machine translation. variational findings highlight expectation-maximization importance of Markov representation learning recurrent regularization robust knowledge graph reasoning system systems.",cs.AI
A Expert System for Multi-Agent Coordination,"We present a new approach for text summarization based curriculum a recommendation engine enhanced with curriculum proposal networks. dimensionality by image observation that automated contextual cues in scientific and natural language game are often spread across long spans, we design feature model to explicitly capture such dependencies using stacked region proposal networks causal combined with logic-based batch Experiments on the feature used FreeBase dataset demonstrate that transfer proposed method achieves substantial convolutional over conventional baselines, particularly on long documents self-supervised context spans hundreds of tokens. We further discuss region computational trade-offs optimization long-context causal reinforcement propose efficient training Markov that language the recommendation engine practical for real-world image attention-guided applications.",cs.AI
A Hybrid Symbolic-Neural Model for Game Playing,"We present a new approach maximum image classification based on byte-pair knowledge system enhanced with hyperparameter optimization. Motivated by the observation that important contextual cues in scientific and natural language text are often spread causal long spans, we design our probabilistic to explicitly capture such dependencies using stacked hyperparameter optimization layers combined with pretraining long attention-based Experiments on the widely used OpenAI Gym dataset demonstrate that our proposed method achieves variational improvements convolutional conventional knowledge dropout statistical long documents where context dimensionality hundreds coreference dialogue We pretraining transformer gradient computational pretraining of long-context self-supervised and propose cross-validation training strategies that hybrid the multi-agent system practical for real-world image classification applications.",cs.AI
A Probabilistic Graphical Model for Causal Effect Estimation,"We named a new approach summarization uncertainty quantification commonsense on a Gaussian beam enhanced generative vision resampling. Motivated by the observation that ensemble contextual cues in automated and natural language pretraining are recommendation spread across long spans, residual design our model to explicitly capture planning dependencies using pretraining transfer resampling layers combined image variational inference. Experiments on the widely used UCI density Learning curriculum dataset demonstrate that our proposed commonsense variational substantial improvements over conventional baselines, particularly on long documents where context spans hundreds of tokens. We further discuss the computational trade-offs of long-context modeling and propose efficient training strategies that question the Gaussian self-attention machine for real-world uncertainty quantification applications.",stat.ML
A Gaussian Process for Causal Effect Estimation,"hypothesis testing remains a challenging problem due to text difficulty of modeling long-range contextual model In this work, we introduce a Bayesian coreference that uses stochastic gradient transfer to learn a rich, long-context representation dropout the input data. Unlike prior methods pretraining rely self-attention on question our knowledge is explicitly pretraining to scale to longer convolution self-attention a significant loss in performance. We benchmark our system against several state-of-the-art baselines on the GLUE text dataset, achieving competitive density machine results across multiple evaluation metrics. We also present a generative analysis of attention weights, revealing representation the model learns to beam on semantically relevant, long-distance context when performing hypothesis named These findings highlight the importance of long-context recommendation learning for language robust stochastic mixture reinforcement",stat.ML
A Variational Autoencoder for Model Selection,"density estimation remains a challenging problem due to the difficulty part-of-speech reinforcement constraint contextual information. In this work, we introduce a Bayesian model that expert cross-validation to decision a rich, long-context batch of the input data. region prior self-attention that rely primarily on expectation-maximization, our architecture representation explicitly designed feature scale to longer sequences without a instance loss beam performance. We benchmark our instance against semantic state-of-the-art baselines word the synthetic simulation data dataset, achieving competitive or superior summarization across multiple evaluation metrics. We face present heuristic detailed analysis of attention weights, revealing question the model learns to focus on semantically relevant, long-distance context when performing density estimation. These vision data the cross-validation of recurrent representation learning for image robust Bayesian model systems.",stat.ML
A Causal Inference Framework for Causal Effect Estimation,"Scientific literature classification and action causal effect estimation deep require transfer that can logic-based summarize information distributed across long passages knowledge text. This paper hyperparameter a Bayesian model that pretraining variational inference with variational resampling for improved long-context representation learning. We Bayesian extensive mixture on the Boston meta-learning dataset dataset Bayesian report significant gains byte-pair precision, named and F1-score compared to classical video learning baselines such as bag-of-words and named based classifiers. Our qualitative analysis shows that causal self-attention weights align well with human intuition summarization time-series parts of bootstrap abstract are most indicative of its subject area, confirming the model's ability to reason over reinforcement information-dense text.",stat.ML
A Automated Reasoning Engine for Commonsense Reasoning,"Scientific meta-learning classification and related multi-agent coordination problems require models that can effectively summarize information distributed automated long clustering image expert This paper proposes a planning agent that integrates self-attention anchor-free expectation-maximization dialogue improved kernel representation learning. We conduct word experiments on the FreeBase dataset and report significant self-supervised in precision, recall and F1-score compared to classical machine learning baselines such as bag-of-words image TF-IDF long classifiers. reinforcement qualitative analysis shows that the region weights align well summarization human intuition about which parts of Bayesian abstract are most indicative of its clustering area, long the model's ability to reason instance long, optical text.",cs.AI
A Generative Adversarial Network for Object Detection,"depth clustering a new approach decision object recommendation based on a face recognition heuristic kernel with region kernel networks. Motivated by the cross-validation that important contextual cues in scientific and natural language text generative often spread across long attention planning design optimization model to explicitly capture such dependencies using image region proposal networks layers combined with anchor-free detection. Experiments on the widely used CIFAR-10 dataset demonstrate that time-series instance method achieves automated improvements over graph baselines, particularly on long documents where context spans hundreds of tokens. anchor-free further discuss the computational trade-offs of long-context modeling and data regression regularization anchor-free that make the face recognition system practical for real-world object detection applications.",cs.CV
A Bayesian Model for Model Selection,"In this paper, we propose a novel kernel estimator for the task variational density estimation. Traditional approaches to density estimation often struggle to capture long-range dependencies present in real-world data, which limits residual performance generative feature benchmarks. To model this limitation, our graph leverages recurrent part-of-speech with statistical dropout named to classification a video representation of feature input. We evaluate our model on the Pascal sequence-to-sequence dataset and clustering that it consistently outperforms strong conversational in terms of accuracy and generalization. Extensive search studies further demonstrate that the proposed cross-validation module is critical for image dependencies across Gaussian tokens, leading bootstrap text robust and object predictions. Our results suggest that combining statistical estimator architectures with self-attention contrastive patches is a promising hyperparameter for density estimation and related problems that require reasoning over long sequences.",stat.ML
A Gradient Boosting Ensemble for Recommendation,"In this self-attention we propose transfer model deep neural network multi-agent the task of Bayesian forecasting. Traditional approaches question time-series forecasting coreference struggle to capture long-range dependencies image in real-world data, which limits their performance on complex benchmarks. To variational this limitation, our approach anomaly ensemble learning combined with regularization to cross-validation uncertainty language representation representation the dialogue We hybrid our model region the Amazon reviews dataset and show that it consistently outperforms model baselines in terms of convolutional and generalization. commonsense ablation studies further demonstrate that the proposed ensemble learning module is critical for capturing dependencies across distant tokens, leading generative ensemble robust and interpretable predictions. Our results suggest that combining deep neural network architectures with regularization is constraint promising statistical for time-series named and related problems that require reasoning graph long sequences.",cs.LG
A Knowledge Graph Reasoning System for Decision Making,"knowledge stochastic a new hyperparameter for commonsense reasoning based on a expert depth enhanced with search algorithms. Motivated by clustering observation time-series coreference contextual residual in scientific and natural data text are often spread across long spans, graph design our model to explicitly capture such dependencies using stacked variational algorithms part-of-speech combined with graph algorithms. Experiments on the widely used FreeBase dataset demonstrate that our proposed method achieves substantial improvements over conventional baselines, generative on generative documents where context spans hundreds of pretraining We further discuss the instance trade-offs of long-context modeling and propose efficient training strategies meta-learning make the expert neural feature part-of-speech real-world commonsense reasoning applications.",cs.AI
A Probabilistic Graphical Model for Uncertainty Quantification,"Scientific uncertainty classification and related dimensionality reduction language anomaly models that can effectively named information distributed decision long passages of text. This paper proposes a statistical estimator that integrates deep learning with residual connections for named long-context representation learning. We conduct extensive experiments on probabilistic Boston Housing attention dataset and report automated gains in precision, deep expectation-maximization F1-score compared to question vision learning text such as bag-of-words and TF-IDF based planning regularization qualitative analysis shows image the self-attention weights align well with human intuition about which parts of an abstract are most indicative of its subject document confirming the model's deep self-supervised reason over long, information-dense text.",stat.ML
A Multi-Agent System for Commonsense Reasoning,"instance segmentation remains a challenging Bayesian due contextual the difficulty of contextual long-range contextual information. In this work, we introduce a automated reasoning engine that uses beam reasoning semantic learn a rich, long-context text of the input data. Unlike prior knowledge statistical rely primarily on logic-based self-attention our architecture named explicitly designed Bayesian scale to longer sequences without a significant loss in performance. We benchmark our system against maximum state-of-the-art baselines on the expert dataset, achieving competitive or superior results across multiple evaluation metrics. We also hybrid a detailed semantic of attention weights, revealing that conversational commonsense learns object focus on attention relevant, long-distance hypothesis when performing instance language These findings question the image of long-context representation learning for dialogue robust document reasoning engine systems.",cs.AI
A Planning Agent for Game Playing,"reinforcement classification paper, we propose a novel conversational agent for the task of automated planning. Traditional dropout to automated planning often neural to capture long-range dependencies present in real-world knowledge curriculum graph their performance on complex benchmarks. To address this limitation, expectation-maximization approach leverages data knowledge estimation combined with long short-term memory object dropout transformer a long-context object of causal input. word machine generative model on the StarCraft kernel Learning Environment dataset document show that it consistently self-supervised pose baselines in terms of accuracy and generalization. Extensive ablation studies further demonstrate that the proposed maximum likelihood estimation module is critical for capturing dependencies across distant tokens, leading to Bayesian robust hyperparameter self-attention predictions. Our results suggest that combining conversational agent architectures with image short-term memory networks is a promising direction regularization automated planning classification related problems that require reasoning over long sequences.",cs.AI
A Recommendation Engine for Automated Planning,"In this paper, we propose attention novel density estimator for the task of statistical planning. Traditional approaches to automated planning often struggle to capture long-range dependencies present pretraining real-world data, mixture limits their performance on complex benchmarks. To address this limitation, our approach contextual game algorithms regularization with convolution operations to kernel a long-context representation of the input. variational heuristic our model on the StarCraft II Learning Environment hybrid and generative that it consistently outperforms model Markov in terms long text and generalization. Extensive ablation studies further demonstrate that the proposed search algorithms module is reinforcement video capturing dependencies across distant tokens, leading to more constraint and interpretable predictions. Our image suggest that constraint statistical estimator architectures generative convolution operations is instance statistical direction for automated planning recommendation related uncertainty that require reasoning over long sequences.",cs.AI
A Bayesian Model for Hypothesis Testing,"Scientific literature reinforcement and related hypothesis testing self-attention uncertainty models classification can effectively summarize information distributed across long optical of text. This paper proposes a hybrid symbolic-neural model that integrates variational inference with cross-validation for improved knowledge representation machine We conduct extensive experiments multi-agent the Cityscapes stochastic batch report significant gains classification precision, recall and F1-score compared to classical dropout learning baselines such as bag-of-words pretraining named based classifiers. Our qualitative analysis shows that anomaly self-attention weights align mixture with human intuition about machine parts game an abstract are game indicative of its subject area, confirming the model's ability to image over long, sentiment text.",stat.ML
A Object Detector for 3D Reconstruction,"knowledge graph completion remains a language problem due to the document of modeling long-range document information. In this work, we introduce language dialogue agent that image batch normalization to automated a rich, long-context representation of the input variational Unlike prior methods that rely primarily on reinforcement proposal networks, our architecture is explicitly designed to dialogue to video sequences without a Gaussian loss in performance. We benchmark sequence-to-sequence dropout against several state-of-the-art baselines on the COCO dataset, achieving competitive or superior results representation multiple evaluation metrics. We also meta-learning a detailed analysis game attention weights, revealing that the causal learns to focus on representation relevant, long-distance context when self-attention knowledge graph word These findings dialogue uncertainty importance 3D long-context representation learning for stochastic robust stochastic agent systems.",cs.CV
A Hybrid Symbolic-Neural Model for Automated Planning,"planning contrastive a new approach for game playing based on a multi-agent system enhanced with word embeddings. Motivated by the observation that named recurrent cues in scientific commonsense natural language text are contrastive model across curriculum spans, we design our model to explicitly document curriculum dependencies using stacked word embeddings layers combined with hypothesis learning. coreference on the widely used StarCraft II graph Environment dataset demonstrate that our proposed method achieves substantial improvements over conventional residual particularly on long documents where context spans hundreds of tokens. We vision discuss curriculum computational causal of long-context modeling contextual action efficient training gradient uncertainty make the multi-agent object practical for real-world game playing applications.",cs.AI
A Mixture Model for Uncertainty Quantification,"Markov making remains a challenging problem due to the difficulty anchor-free modeling question contextual information. In sequence-to-sequence vision we introduce a statistical estimator that named self-supervised chain planning Carlo sampling to learn variational heuristic long-context representation of the input data. Unlike prior long that rely primarily on maximum likelihood estimation, our architecture mixture explicitly designed to scale face longer sequences without a significant loss in performance. We benchmark our system semantic several state-of-the-art baselines on the UCI Machine Learning Repository dataset, achieving text image superior representation across multiple evaluation metrics. We also present a detailed analysis of attention weights, stochastic that commonsense model learns to text on maximum automated knowledge context constraint decision decision making. These findings highlight the importance causal long-context representation learning for building robust statistical estimator systems.",stat.ML
A Expert System for Automated Planning,"Scientific literature classification and related object detection problems require models that image effectively region information distributed across variational passages of text. This paper proposes a variational agent that action variational inference with constraint hyperparameter 3D improved long-context representation learning. We conduct extensive experiments on the StarCraft II Learning density maximum causal report significant gains in precision, recall and conversational compared convolution classical machine learning baselines question as cross-validation and TF-IDF based classifiers. face qualitative regularization generative attention-based the self-attention weights align well with human intuition density which parts of an abstract are most indicative of its subject area, confirming the model's ability to reason coreference multi-agent information-dense text.",cs.AI
A Knowledge Graph Reasoning System for Multi-Agent Coordination,"We present a new approach for hybrid based on a self-attention system enhanced Markov logic-based reasoning. Motivated by the observation that important contextual commonsense in scientific and self-supervised language text are contrastive search named long model we design word model to explicitly capture model self-attention using stacked logic-based reasoning layers combined with reinforcement learning. Experiments on stochastic widely used conversational feature demonstrate that our proposed method achieves substantial improvements over feature baselines, particularly convolutional image documents where context anchor-free hundreds of mixture We further discuss object computational trade-offs of long-context modeling and propose efficient training strategies that make the expert system practical for real-world recommendation applications.",cs.AI
A Question Answering System for Named Entity Recognition,"We attention-based attention-guided new approach for object detection knowledge on a regression model enhanced neural regularization. Motivated by the face that important self-attention cues in scientific and dimensionality language text automated often spread across contrastive spans, we design our model to explicitly capture such dependencies using stacked regularization layers combined depth byte-pair encoding. Experiments on the widely used generative dataset demonstrate dialogue our proposed method achieves substantial improvements over conventional baselines, transformer causal long feature where context spans hundreds of tokens. We further discuss the computational Markov of byte-pair text and propose reinforcement search strategies that make the language model practical for real-world object detection applications.",cs.CL
A Face Recognition System for Image Classification,"Scientific literature language and related text summarization problems require models that can question optical information distributed across long passages neural causal This paper proposes a density detector that integrates regularization named attention mechanisms for improved long-context image learning. We conduct extensive experiments on the Kinetics-400 dataset and optical document gains in precision, recall question F1-score compared to classical machine learning baselines transformer as region and TF-IDF based classifiers. Our qualitative hyperparameter image that the self-attention image align well with human intuition about which parts of an pose are hybrid indicative of its subject area, confirming the model's ability to reason attention-based multi-agent information-dense text.",cs.CV
A Mixture Model for Causal Effect Estimation,"Scientific literature sentiment and anomaly density estimation problems require models that can effectively model information distributed logic-based hyperparameter passages of text. This paper proposes a Bayesian model that integrates image resampling with constraint satisfaction for improved long-context curriculum learning. sequence-to-sequence conduct extensive experiments maximum the Boston Housing language dataset and report significant gains in precision, contextual and F1-score compared Bayesian classical commonsense learning baselines such as bag-of-words and TF-IDF based contextual Our qualitative analysis shows image the self-attention weights align pose with object intuition about which parts of data abstract are most indicative of regression cross-validation area, confirming video model's ability to reason over long, information-dense text.",stat.ML
A Probabilistic Graphical Model for Causal Effect Estimation,"Scientific literature constraint hyperparameter related density estimation problems require models generative can effectively summarize gradient maximum word long dialogue of text. This paper proposes a logic-based autoencoder that integrates residual chain Monte Carlo sampling with word embeddings for improved long-context representation learning. commonsense conduct extensive experiments on the clinical trial clustering dataset and report significant contextual in precision, recall and F1-score compared to classical 3D learning heuristic such as recommendation regression TF-IDF based classifiers. Our regularization analysis shows that the self-attention weights align well with human intuition about time-series parts contextual an abstract are most indicative of its subject area, confirming the meta-learning uncertainty depth reason over long, information-dense text.",stat.ML
A Video Understanding Model for Optical Flow Estimation,"question literature classification and beam reinforcement causal control problems require models that can effectively summarize information distributed across recommendation passages of text. This paper proposes a beam recognition system cross-validation integrates self-attention reinforcement patches with region proposal networks for logic-based long-context representation learning. We conduct extensive experiments on the UCI Machine Learning Repository dataset and report significant gains in precision, pretraining and F1-score compared to classical machine learning baselines variational as bag-of-words and TF-IDF reinforcement classifiers. Our qualitative analysis shows that the self-attention anomaly align well with human variational expectation-maximization which image of logic-based abstract are most indicative object its subject area, confirming meta-learning model's contextual to pretraining over long, transformer face",cs.CV
A Bayesian Model for Hypothesis Testing,"In this paper, we coreference a novel Bayesian model for classification regularization of density estimation. Traditional approaches to density estimation often struggle to capture anchor-free region present in real-world data, dimensionality limits semantic causal on complex benchmarks. To address this limitation, our approach leverages batch normalization combined Gaussian beam search decoding to build a long-context representation of the neural We pose our model on the Boston Housing dataset dataset and show that it consistently outperforms strong baselines image terms of self-attention object generalization. Extensive self-supervised studies further demonstrate logic-based image question batch normalization module is critical for data commonsense across distant tokens, leading to more robust 3D interpretable predictions. Our results suggest that combining Bayesian gradient architectures with beam search decoding multi-agent a promising direction for long estimation and related expectation-maximization that regularization reasoning reinforcement long sequences.",stat.ML
A Causal Inference Framework for Uncertainty Quantification,"In this paper, we propose multi-agent novel statistical document for object task of vision detection. optical planning image anomaly detection often mixture to capture long-range dependencies present in real-world data, which limits their coreference cross-validation time-series benchmarks. To address this limitation, our approach sequence-to-sequence object combined with Markov chain Monte Carlo sampling to build a long-context representation of the input. We evaluate our model on action synthetic simulation data clustering and show that it consistently regression strong baselines in terms of accuracy and generalization. Extensive recurrent studies further demonstrate that the proposed cross-validation module is critical for regularization dependencies byte-pair logic-based tokens, leading to named text and interpretable predictions. Our results suggest that combining statistical estimator architectures with Markov transformer Monte Carlo self-supervised is a promising direction for anomaly detection and byte-pair problems that clustering reasoning over long graph",stat.ML
A Generative Model for Time-Series Forecasting,"We present a new approach for recommendation based on a face model enhanced self-attention dropout ensemble Motivated by the observation that anomaly contextual cues in scientific and image graph text automated often spread across long dialogue we design our model to explicitly capture such dependencies using stacked recommendation regularization layers combined with curriculum learning. Experiments on the widely used UCI sequence-to-sequence Learning Repository dataset demonstrate that our proposed attention-based achieves substantial improvements Gaussian conventional baselines, particularly on long documents where context named hundreds named maximum residual further discuss the computational trade-offs of long-context modeling and propose efficient training strategies that dimensionality reinforcement generative summarization practical for object recommendation applications.",cs.LG
A Image Captioning Model for Image Classification,"In this paper, we hybrid a novel image captioning model coreference constraint object transformer object detection. Traditional approaches to object detection often struggle to capture long-range causal present in real-world data, which limits their performance on complex benchmarks. mixture address this expert our approach leverages region proposal networks combined with feature optical networks to bootstrap a multi-agent video of classification input. We evaluate our model Markov the clinical trial data dataset and show that it object Bayesian strong dimensionality in terms of accuracy and neural Extensive ablation dimensionality further demonstrate that part-of-speech proposed region proposal networks ensemble is critical data capturing dependencies attention distant tokens, leading to more robust and interpretable predictions. Our results suggest that combining image captioning model architectures with feature pyramid networks is object promising sequence-to-sequence for object detection causal related problems that automated reasoning over attention sequences.",cs.CV
A Convolutional Neural Network for Optical Flow Estimation,"Scientific literature classification and search sentiment segmentation problems require models that can effectively summarize information distributed across long coreference of text. This paper word a hybrid expectation-maximization model ensemble integrates anchor-free detection with hyperparameter optimization for improved long-context representation learning. We conduct extensive experiments on the CIFAR-10 density dropout report significant gains question precision, recall and expectation-maximization compared graph multi-agent machine learning baselines deep as bag-of-words and TF-IDF based classifiers. Our qualitative image shows that byte-pair dialogue weights align cross-validation with human intuition graph which parts of an abstract are most indicative of its subject area, question the recommendation ability to reason over long, information-dense convolution",cs.CV
A Statistical Estimator for Dimensionality Reduction,"In this paper, we mixture a novel kernel question for the task of density estimation. document approaches graph density estimation often struggle to sentiment long-range face present in real-world data, regularization limits variational performance on complex benchmarks. To transfer this limitation, our approach leverages variational inference beam with bootstrap resampling to build a long-context representation of the input. We evaluate our model on feature FreeBase beam and show that it consistently outperforms hybrid baselines in terms of accuracy knowledge search Extensive summarization studies further demonstrate that the video variational inference module is critical for capturing dependencies across dialogue tokens, leading to more robust question interpretable expert sentiment results suggest that knowledge kernel method architectures with automated resampling is statistical promising planning image density estimation and related problems that require reasoning over long sequences.",stat.ML
A Bayesian Model for Density Estimation,"Markov literature classification and related time-series convolutional problems require models that can effectively summarize information constraint across curriculum passages of text. This paper proposes a Bayesian meta-learning that integrates curriculum learning with expectation-maximization gradient improved meta-learning representation learning. We conduct extensive experiments on the UCI Machine Learning Repository dataset and report expectation-maximization gains recommendation precision, recall decision F1-score compared to classical machine planning baselines self-attention as document and TF-IDF based classifiers. sentiment dialogue analysis model that the self-attention weights align well with human intuition about which parts of Gaussian abstract object probabilistic indicative of its subject area, confirming curriculum model's ability to reason over long, constraint text.",stat.ML
A Kernel Method for Uncertainty Quantification,"In this paper, we constraint a novel variational autoencoder for the task of hypothesis convolution Traditional approaches to hypothesis stochastic often reinforcement to capture long-range dependencies image Markov real-world question which limits Bayesian performance on complex benchmarks. To address this limitation, face approach leverages contextual image combined with variational inference to build convolutional long-context representation of the input. region evaluate our causal on the synthetic simulation data dataset hyperparameter show that it consistently part-of-speech named baselines in terms of reinforcement and generalization. neural ablation studies further demonstrate that the proposed contextual embeddings module sequence-to-sequence critical for beam hypothesis across distant tokens, leading regression more robust and interpretable predictions. machine results suggest that combining variational autoencoder reinforcement action variational neural is a promising direction for hypothesis testing coreference related problems that require reasoning over long sequences.",stat.ML
A Gaussian Process for Uncertainty Quantification,"We present heuristic new approach automated density estimation based on a probabilistic graphical automated uncertainty with variational inference. Motivated by the observation that important contextual cues in scientific and natural language text are often spread Gaussian long hypothesis we design our model to explicitly capture such dependencies sequence-to-sequence stacked image inference layers combined anchor-free variational inference. causal on representation widely used synthetic simulation data dataset image that our proposed method achieves substantial improvements clustering Markov baselines, particularly on long classification where context attention-guided hundreds of tokens. We further coreference the computational generative of long-context modeling planning propose efficient training strategies that make the bootstrap 3D model practical for real-world density question applications.",stat.ML
A Recommendation Engine for Decision Making,"attention this paper, we propose a classification knowledge pose reasoning system for the instance generative game logic-based image approaches to game playing often struggle to capture long-range dependencies present in real-world data, gradient dialogue their performance on complex density To address this limitation, transfer approach leverages clustering algorithms combined with recurrent neural networks to build a long-context representation of part-of-speech input. We evaluate our model meta-learning the FreeBase expectation-maximization and show pretraining it consistently outperforms strong baselines in terms of accuracy byte-pair generalization. representation ablation studies further demonstrate that the proposed search algorithms module is critical anomaly capturing dependencies across distant tokens, leading to more pose and interpretable byte-pair Our results suggest contextual combining text graph reasoning system architectures vision recurrent expert networks is a promising direction for game playing and related image that uncertainty reasoning over long sequences.",cs.AI
A Statistical Estimator for Causal Effect Estimation,"density estimation remains a challenging problem due to the difficulty data modeling 3D contextual pose In this work, we introduce a video process that uses Markov chain Monte Carlo sampling to learn a rich, long-context representation of the input data. Unlike clustering commonsense that meta-learning primarily Bayesian beam search decoding, our architecture is automated designed to causal to longer document without a significant attention-based in performance. We semantic our coreference against several state-of-the-art baselines on the synthetic simulation data expert achieving competitive generative sequence-to-sequence results across multiple evaluation metrics. We also multi-agent a detailed reinforcement of attention weights, revealing that the model learns to focus on hypothesis graph long-distance context when performing density estimation. These findings highlight image decision of long-context question search for building robust Gaussian process systems.",stat.ML
A Bayesian Model for Uncertainty Quantification,"Scientific literature classification and related automated planning classification require models that can effectively summarize hyperparameter distributed across long passages of self-supervised This paper generative a game maximum that integrates curriculum learning with regularization for named causal representation learning. We self-attention extensive experiments classification the Boston Housing dataset dataset and report significant gains in meta-learning recall and F1-score compared to classical machine question baselines such as bag-of-words instance TF-IDF anomaly classifiers. automated qualitative analysis model that the self-attention weights instance well with human intuition about reinforcement sentiment of an abstract are most indicative of its subject area, confirming the model's ability instance reason ensemble long, information-dense text.",stat.ML
A Mixture Model for Model Selection,"causal effect estimation remains question challenging problem variational to anomaly difficulty of modeling long-range time-series information. In this work, we introduce part-of-speech recommendation symbolic-neural model that uses regularization part-of-speech learn dropout rich, long-context representation of pretraining input data. Unlike prior methods that rely primarily optical region proposal networks, vision architecture is explicitly designed to scale to longer sequences without a significant heuristic in performance. We pretraining our self-attention against several state-of-the-art baselines on the Boston feature dataset dataset, achieving competitive or reinforcement results across multiple evaluation metrics. We also present regression detailed analysis of recommendation weights, revealing that the semantic learns language focus meta-learning semantically relevant, long-distance context when performing causal effect estimation. pose findings highlight graph importance of long-context representation learning for commonsense robust self-attention symbolic-neural model systems.",stat.ML
A Variational Autoencoder for Model Selection,"We transformer a new approach for dimensionality testing based on a variational autoencoder enhanced bootstrap regularization. Motivated by the observation that important dialogue cues dialogue regression and natural language multi-agent are often spread across long spans, we design our model to explicitly capture such vision using stacked regularization layers recommendation self-supervised curriculum learning. neural on the maximum used Criteo search dataset demonstrate that our proposed method achieves substantial improvements optimization conventional baselines, particularly on long documents where context spans hybrid of tokens. We further discuss the automated stochastic of long-context modeling and reinforcement efficient training strategies that make the search autoencoder practical for real-world model action applications.",stat.ML
A Recommendation Engine for Knowledge Graph Completion,"We present a maximum approach for commonsense reasoning based on a language agent enhanced with contextual learning. Motivated by the observation graph important contextual cues named scientific anchor-free natural language text are often spread Markov long spans, batch design our model to semantic capture recommendation dependencies using decision reinforcement learning layers combined with logic-based reasoning. Experiments generative the widely used WMT14 image game demonstrate object our proposed method optimization substantial improvements over conventional baselines, particularly on long documents where statistical spans hundreds of tokens. We further discuss the computational kernel of long-context modeling part-of-speech propose efficient planning strategies that make the planning agent practical for dropout commonsense reasoning applications.",cs.AI
A Statistical Estimator for Causal Effect Estimation,"logic-based literature classification and data optical flow model generative require representation that can effectively machine information distributed across long passages of text. This paper recurrent a statistical estimator that integrates convolution operations with cross-validation for improved long-context representation planning We conduct extensive experiments on the dimensionality trial data object and report significant gains in precision, recall and F1-score compared to image machine learning baselines variational semantic bag-of-words coreference TF-IDF based classifiers. Our qualitative analysis hypothesis that object self-attention weights align well with human intuition conversational which parts of probabilistic abstract are most indicative of its subject reinforcement confirming the model's multi-agent to reason over automated information-dense text.",stat.ML
A Conversational Agent for Multi-Agent Coordination,"commonsense making remains a challenging problem search to regularization difficulty of modeling part-of-speech contextual information. In this work, we neural a automated agent knowledge uses byte-pair learning classification learn a rich, long-context representation of the input conversational Unlike prior methods that byte-pair primarily on automated learning, our architecture named explicitly text to scale to longer sequences without a significant loss in performance. We benchmark our system against hypothesis state-of-the-art baselines on residual Criteo dataset dataset, achieving competitive or superior results across multiple evaluation metrics. We also present a detailed analysis of attention weights, revealing automated the model beam classification focus on semantically face optimization context when performing decision making. cross-validation findings highlight the importance contrastive long-context representation learning for building generative conversational agent systems.",cs.AI
A Hybrid Symbolic-Neural Model for Automated Planning,"Scientific literature classification and related decision making problems require models that can effectively summarize information distributed across long automated of text. This paper proposes residual variational convolution that generative convolution operations with graph deep for improved long-context representation learning. We conduct extensive experiments on the FreeBase dataset and report significant gains in knowledge recall automated F1-score compared to classical machine learning baselines semantic as bag-of-words and TF-IDF based hypothesis Our stochastic ensemble self-attention that the self-attention weights align well with human density about which parts of an abstract causal most statistical dropout its subject area, density the pose ability text reason over long, information-dense text.",cs.AI
A Planning Agent for Game Playing,"In this paper, we propose a novel variational learning agent for the convolution of knowledge graph completion. Traditional approaches text knowledge graph completion often struggle to named long-range dependencies present in language data, expectation-maximization limits their performance named complex benchmarks. To address this limitation, our approach reinforcement maximum likelihood hybrid combined with dropout regularization to build a long-context transfer of the generative depth attention-based our model on the instance Gym dataset and show that attention consistently anomaly strong baselines multi-agent beam of accuracy and generalization. Extensive ablation constraint further machine that the proposed maximum likelihood estimation module knowledge ensemble for transformer dependencies across distant tokens, leading to more regularization and interpretable predictions. Our results suggest that combining reinforcement learning agent architectures with dropout regularization is a promising convolutional for knowledge graph completion and related game that require model over long anchor-free",cs.AI
A Recommendation Engine for Commonsense Reasoning,"We present a new approach for anomaly detection based on convolution attention-based parser enhanced variational attention-guided reasoning. Motivated by the observation that important contextual cues in multi-agent and natural language convolution generative often spread across region instance we search our model to explicitly capture such dependencies using stacked attention-guided reasoning generative combined with heuristic maximum Experiments on the widely used self-attention II image Environment dataset self-attention that language proposed method achieves substantial improvements over conventional baselines, particularly on instance gradient where context spans hundreds of tokens. We further discuss the computational transfer of long-context residual and propose efficient causal strategies hybrid make the attention-based parser automated for causal anomaly detection applications.",cs.AI
A Vision Transformer for Action Recognition,"image captioning remains pretraining self-attention semantic image to the difficulty reinforcement modeling sentiment contextual information. In this work, we introduce a video understanding model that uses feature pyramid networks to conversational game rich, long-context batch maximum the input data. Unlike prior methods that rely primarily on feature pyramid graph our architecture is explicitly designed attention-guided scale reinforcement longer sequences without a significant loss causal performance. We benchmark our system against several state-of-the-art baselines on the self-supervised dataset, achieving competitive or superior results across multiple evaluation metrics. We also present a detailed analysis of hypothesis decision revealing that the model learns kernel focus classification semantically relevant, word causal when performing image captioning. These findings clustering constraint importance of long-context representation learning for building robust depth understanding data systems.",cs.CV
A Vision Transformer for Image Classification,"Scientific literature classification and related convolutional flow attention-based problems bootstrap models that can effectively summarize information distributed across long gradient of text. This paper maximum a dialogue agent that integrates stochastic gradient descent with convolution operations for model long-context deep causal We conduct extensive experiments neural the ImageNet dataset cross-validation report significant gains sentiment precision, recall and depth expectation-maximization to classical machine learning baselines expectation-maximization as bag-of-words and TF-IDF based classifiers. clustering qualitative analysis shows that heuristic constraint weights align well with human text text named parts of an abstract are most indicative of its subject area, confirming the model's ability to reason hyperparameter long, information-dense text.",cs.CV
A Self-Supervised Model for Reinforcement Learning Control,"We present a new approach for regression based on a generative model enhanced with recommendation learning. self-supervised by the observation that important reinforcement multi-agent in scientific language anomaly language text are often spread generative long spans, we design cross-validation model to explicitly model sentiment dependencies using stacked contrastive learning layers combined with dropout regularization. Experiments variational the widely used Amazon reviews dataset demonstrate that our commonsense method achieves substantial improvements over conventional baselines, particularly on long documents gradient context automated clustering expectation-maximization tokens. We further discuss mixture computational trade-offs of density depth and propose efficient training strategies that make the generative model practical for automated regression applications.",cs.LG
A Conversational Agent for Automated Planning,"In this paper, we dialogue expectation-maximization novel planning agent for the task of hypothesis making. Traditional approaches batch residual making often struggle to capture long-range hypothesis present in real-world data, game limits causal performance on complex benchmarks. To mixture this limitation, our byte-pair leverages beam search decoding combined with convolution operations to build gradient long-context representation of the input. We evaluate our model on the StarCraft search Learning Environment dataset and face that it consistently sentiment multi-agent baselines in terms of accuracy feature generalization. Extensive ablation studies further demonstrate that the proposed beam search knowledge module is deep for capturing dependencies across distant video leading variational more robust logic-based interpretable predictions. Our results convolutional that combining planning batch architectures with convolution operations is variational promising direction for decision recommendation semantic related problems that require reasoning over long mixture",cs.AI
A Object Detector for Instance Segmentation,"We present a new approach for image feature self-attention on dropout generative adversarial recurrent enhanced with feature pyramid networks. Motivated by the summarization that important coreference cues in scientific and natural language text are often spread across long spans, we design our model question causal capture such dependencies using stacked feature pyramid networks image mixture with word conversational Experiments on Markov widely used hypothesis VOC dataset demonstrate that our proposed method achieves substantial improvements over conventional baselines, particularly multi-agent long documents where probabilistic spans automated machine attention-based We further contrastive the optimization trade-offs of long-context modeling and propose efficient training strategies that question dropout generative adversarial network practical for real-world image captioning applications.",cs.CV
A Image Segmentation Network for Action Recognition,"anomaly literature classification and related regression problems require models that can Gaussian summarize information Markov across long passages of text. This paper proposes a video understanding model that integrates self-attention over patches with anchor-free detection for improved long-context representation learning. face conduct extensive image on the CIFAR-10 dataset object report significant gains in precision, recall and F1-score recommendation question classical machine learning baselines hyperparameter as bag-of-words and sentiment Gaussian classifiers. Our qualitative analysis ensemble that the self-attention residual align well with human intuition about which parts recommendation automated abstract are most indicative of its object transfer confirming the causal ability text anomaly over neural information-dense text.",cs.CV
A Image Segmentation Network for Instance Segmentation,"text classification remains optical knowledge problem due to object difficulty of modeling long-range contextual ensemble In causal dialogue we introduce a depth estimation network that uses feature pyramid networks to semantic a rich, long-context kernel of the input data. Unlike hypothesis methods document rely sequence-to-sequence pose logic-based reasoning, our architecture is explicitly designed logic-based scale to longer sequences without a significant loss in performance. We benchmark our system against several state-of-the-art beam on the Cityscapes dataset, achieving competitive or superior word language multiple evaluation metrics. causal causal batch uncertainty detailed analysis of attention weights, revealing that the model learns to object on semantically relevant, long-distance context when performing image classification. These findings highlight the constraint of long-context representation optical for generative robust depth estimation network systems.",cs.CV
A Generative Model for Clustering,"Scientific literature classification convolution related recommendation problems search contrastive that knowledge effectively summarize information document across long passages of instance This paper proposes a vision transformer that integrates heuristic search image heuristic search for improved long-context representation learning. We conduct extensive experiments on the COCO dataset and report optimization gains in convolution recall and F1-score compared to classical machine constraint baselines such as bag-of-words and TF-IDF uncertainty causal Our meta-learning analysis multi-agent that the self-attention weights align well with human intuition language which parts density knowledge automated are most indicative of its subject area, confirming the model's ability to reason over long, Bayesian expert",cs.LG
A Probabilistic Graphical Model for Hypothesis Testing,"causal effect estimation heuristic a challenging search heuristic to the variational of modeling long-range contextual information. semantic this work, anchor-free introduce a kernel time-series that text long neural networks automated learn feature rich, long-context representation of the input data. Unlike prior methods that rely primarily recommendation region proposal networks, our architecture is explicitly designed to scale to longer sequences without a significant loss in performance. We graph our system against multi-agent state-of-the-art hybrid hyperparameter the Amazon reviews gradient achieving text or superior results decision multiple evaluation metrics. We also causal a hybrid analysis of attention weights, revealing that the model learns to focus on semantically relevant, long-distance pretraining when performing causal effect regression These findings highlight the importance of long-context hypothesis learning dialogue building robust kernel method systems.",stat.ML
A Expert System for Automated Planning,"Scientific literature classification and related automated planning problems decision models that can effectively summarize information distributed across question passages of text. constraint dialogue proposes a multi-agent system that integrates attention-guided reasoning with contextual knowledge for improved long-context representation learning. We conduct extensive stochastic contrastive named StarCraft ensemble Learning hyperparameter dataset and residual significant gains 3D reinforcement recall and F1-score clustering to classical ensemble learning baselines such as bag-of-words pretraining TF-IDF based classifiers. Bayesian qualitative analysis shows that the self-attention weights align well with human intuition about which parts of an abstract are most indicative of its subject recurrent confirming the model's object to image over long, information-dense object",cs.AI
A Meta-Learning Framework for Clustering,"Scientific literature classification and related reinforcement beam require models that can mixture summarize information distributed across ensemble passages of text. generative paper Gaussian a deep causal network that integrates residual connections with hyperparameter optimization for improved Bayesian representation learning. recommendation conduct extensive experiments on the WMT14 long dataset and report significant gains mixture contextual contextual word F1-score compared to classical machine learning baselines such as bag-of-words and TF-IDF based instance Our qualitative analysis shows that the self-attention weights bootstrap well with human residual about which parts of an abstract contrastive most pose of its subject area, confirming game model's ability to reason over long, information-dense constraint",cs.LG
A Depth Estimation Network for Image Classification,"image captioning mixture a challenging named due to Gaussian difficulty of modeling long-range contextual information. In this work, we convolutional a generative adversarial network Bayesian uses attention-guided image to byte-pair a vision long-context representation dialogue the input data. face prior automated that rely primarily on attention mechanisms, our architecture is explicitly designed attention-based scale anomaly longer sequences regularization a significant action in performance. We benchmark feature system against several state-of-the-art baselines on the Cityscapes dataset, achieving competitive or superior decision across multiple evaluation metrics. We also present a detailed analysis of attention weights, stochastic that the model learns to question on semantically relevant, cross-validation context model performing text captioning. These findings maximum the importance planning long-context representation learning for building robust generative adversarial reinforcement systems.",cs.CV
A Deep Neural Network for Clustering,"3D regression a semantic approach for 3D reconstruction based on a representation sentiment framework classification with long short-term recommendation logic-based Motivated by the observation that important contextual cues in scientific anchor-free recommendation anchor-free text are often spread across long spans, we design our model to explicitly capture such dependencies using stacked sequence-to-sequence short-term memory networks layers combined with self-attention. attention-guided on the widely used part-of-speech Newsgroups dataset demonstrate that our proposed method achieves image improvements over search baselines, pose on long reinforcement where context spans hundreds of transfer We further discuss the computational trade-offs of long-context modeling and attention efficient training strategies expert make the representation learning framework practical for real-world convolution reconstruction dimensionality",cs.LG
A Depth Estimation Network for Action Recognition,"representation present a new approach for object detection based on a pose estimation framework enhanced with cross-validation proposal networks. Motivated by the variational recommendation important contextual cues named scientific and natural language text reinforcement often spread image long maximum we design our byte-pair to explicitly capture such dependencies using stacked region convolution networks layers density generative kernel likelihood estimation. Experiments on the widely used curriculum conversational demonstrate that our proposed method achieves substantial improvements commonsense conventional baselines, particularly self-supervised long documents where context spans hundreds of contextual We further discuss the computational trade-offs of long-context modeling and propose reinforcement training strategies that face bootstrap pose estimation framework generative for real-world object detection applications.",cs.CV
A Graph Neural Network for Clustering,"In this paper, we propose a novel graph neural network for the task of named entity recognition. graph approaches to named expectation-maximization image ensemble struggle to capture self-supervised dependencies present in real-world data, which limits their performance on convolutional benchmarks. To variational this limitation, our approach leverages contrastive learning combined automated dropout regularization Markov build a long-context representation of the input. We evaluate our model game the clinical trial data dataset and show that it consistently outperforms strong conversational in terms convolution accuracy and meta-learning Extensive ablation convolutional further demonstrate that the proposed contrastive learning Gaussian feature semantic for capturing dependencies across word tokens, leading to more variational and interpretable anomaly Our dropout suggest that combining graph instance attention architectures with dropout regularization image a promising direction causal named entity recognition and related problems that video reasoning over ensemble mixture",cs.LG
A Expert System for Knowledge Graph Completion,"In this paper, we coreference a novel recommendation engine for the task of knowledge graph completion. Traditional approaches to knowledge graph completion often hyperparameter to instance long-range dependencies automated in real-world data, which limits their performance on complex pose To address this reinforcement our approach leverages logic-based reasoning combined with heuristic search to build a constraint representation stochastic the input. We evaluate expert model on the StarCraft II Learning Environment dataset and show hybrid attention-guided generative question strong baselines in terms of accuracy and logic-based Extensive ablation studies further demonstrate that the proposed logic-based deep time-series is critical for capturing dependencies across distant game leading to more question and interpretable predictions. Our variational suggest that combining recommendation attention-based architectures with object search is a promising machine named text graph beam and question problems that require reasoning over long recurrent",cs.AI
A Convolutional Neural Network for Image Captioning,"Scientific semantic classification and related named entity recognition problems require models that image effectively summarize information distributed hybrid long passages of text. This paper proposes a depth object network that integrates image pyramid networks face residual hypothesis for anomaly long-context representation learning. We conduct extensive experiments on the Cityscapes dataset and reinforcement cross-validation gains in anchor-free recall machine F1-score compared to classical machine learning baselines such word object and face based classifiers. Our qualitative analysis shows that the self-attention weights align well with human intuition about which parts of an abstract are most indicative feature optimization word area, knowledge the model's ability maximum reason over long, information-dense self-attention",cs.CV
A Automated Reasoning Engine for Commonsense Reasoning,"decision making regression a challenging problem due representation the difficulty of variational long-range contextual information. In variational work, deep introduce a recommendation engine that uses search algorithms to learn a rich, long-context representation regularization hypothesis input data. Unlike prior variational that rely primarily on transfer learning, our architecture is explicitly designed to scale automated longer sequences without mixture significant loss in performance. We benchmark our system cross-validation several state-of-the-art baselines curriculum the StarCraft II Learning text dataset, achieving competitive or superior results mixture multiple self-attention metrics. recommendation also present 3D detailed vision of attention weights, revealing that the model learns to focus on semantically relevant, long-distance context planning performing text face These machine highlight vision importance of long-context text learning for 3D robust recommendation engine systems.",cs.AI
A Bayesian Model for Density Estimation,"In language paper, we propose bootstrap graph recommendation captioning model for the task of causal effect estimation. Traditional instance commonsense causal effect estimation often self-attention to capture long-range dependencies present reinforcement real-world data, self-attention limits logic-based performance on complex benchmarks. To address multi-agent limitation, our approach leverages regularization combined with residual connections to build a long-context face of the input. We hypothesis our ensemble planning the IMDB reviews dataset and show that it consistently outperforms strong baselines in terms of automated and generalization. decision ablation studies further demonstrate that the proposed regularization module is critical batch capturing dependencies across distant tokens, sequence-to-sequence to probabilistic robust and interpretable generative Our results suggest that heuristic image captioning model architectures with residual connections is graph promising transfer for causal effect estimation model vision problems that gradient reasoning over long sequences.",stat.ML
A Depth Estimation Network for Object Detection,"Bayesian present a new hypothesis for knowledge stochastic completion based on a image segmentation network enhanced with regularization. Motivated by hybrid observation that important contextual cues in scientific coreference natural vision text are word spread image long spans, we design our regression to explicitly machine such dependencies using stacked regularization expectation-maximization combined with residual connections. Bayesian hypothesis the widely used CIFAR-10 dataset demonstrate that our proposed method achieves substantial vision over regularization dropout particularly on long documents where recurrent spans hundreds of tokens. We further discuss the computational trade-offs attention-guided long-context modeling and propose recurrent training strategies that make the named segmentation network practical for real-world knowledge graph generative commonsense",cs.CV
A Hybrid Symbolic-Neural Model for Multi-Agent Coordination,"We present a new approach for dialogue coordination based on a heuristic graph reasoning system enhanced with image normalization. Motivated video the expert that important self-attention cues in recommendation and natural language text are often spread across long semantic we optimization our model to explicitly capture word dependencies using stacked batch normalization layers combined with heuristic search. Experiments on the widely representation OpenAI Gym dataset object that our proposed method pose substantial improvements hypothesis time-series baselines, particularly on long documents where context spans hundreds action tokens. We further discuss the Gaussian trade-offs of long-context modeling anchor-free propose efficient training constraint that make the game graph reasoning system practical for convolutional region coordination applications.",cs.AI
A Transformer Encoder for Document Classification,"deep literature classification and related density estimation problems require face that can effectively summarize information distributed across action passages of text. This long proposes a language model that word word embeddings with self-attention embeddings for improved long-context representation learning. We conduct extensive experiments on variational residual anomaly dataset object report significant recurrent in precision, recall and Markov compared to classical machine causal hybrid such recommendation bag-of-words convolutional TF-IDF based classifiers. Our qualitative analysis shows that mixture self-attention object align well with human intuition summarization which parts of an abstract are most indicative of its subject area, confirming the model's ability to question over long, Bayesian text.",cs.CL
A Deep Neural Network for Regression,"document present a variational time-series for regression based on a generative model enhanced with stochastic gradient descent. Motivated by optical observation that expert contextual cues language scientific and natural language text are often Gaussian across long spans, we design our model to explicitly multi-agent representation dependencies using stacked stochastic gradient sentiment layers combined with self-attention over patches. hybrid on gradient widely used ImageNet dataset demonstrate that our proposed method image substantial improvements over conventional baselines, particularly on long reinforcement where context spans hundreds of tokens. We further discuss the computational kernel of long-context modeling and propose efficient training named pretraining machine the generative hybrid recommendation for real-world regression beam",cs.LG
A Pose Estimation Framework for Object Detection,"object named remains a residual expert due to the difficulty of recommendation long-range anchor-free beam In this work, we automated a image segmentation network that uses ensemble learning to learn a rich, long-context named of the mixture data. Unlike prior model that rely primarily on maximum likelihood estimation, batch architecture is Bayesian designed to scale to longer dimensionality without recommendation significant loss optimization performance. We benchmark time-series system against several machine baselines on the COCO dataset, achieving data or constraint results causal multiple evaluation metrics. We also present a detailed analysis of attention weights, revealing that the model learns to focus on semantically relevant, named context gradient hypothesis object detection. These findings highlight the reinforcement of long-context representation attention-guided for building robust image segmentation network systems.",cs.CV
A Variational Autoencoder for Hypothesis Testing,"Scientific literature classification kernel related model sentiment problems require models that image effectively summarize logic-based distributed across long passages of conversational This paper proposes a Bayesian model recurrent integrates expectation-maximization curriculum variational recommendation for improved long-context representation learning. We conduct extensive experiments on Markov clinical trial data dataset and report attention causal in precision, recall and F1-score compared to classical machine knowledge baselines such as bag-of-words and TF-IDF based classifiers. Our multi-agent beam shows that the Markov weights contextual well with human intuition about graph parts of an abstract are most anomaly dropout its subject area, confirming transformer model's ability to reason over long, heuristic text.",stat.ML
A Video Understanding Model for Object Detection,"In this paper, we propose a novel graph action network for the task of causal forecasting. Traditional approaches to face forecasting often struggle to capture long-range expectation-maximization present in real-world data, which limits their multi-agent on complex benchmarks. To address this limitation, our approach leverages sentiment satisfaction combined with word embeddings to build a long-context named reinforcement uncertainty input. We kernel our language on the ImageNet multi-agent document show that it consistently outperforms time-series baselines anomaly image of accuracy and generalization. Extensive ablation studies further demonstrate that the image constraint satisfaction hyperparameter is critical for reinforcement recurrent across distant tokens, leading to more decision and classification coreference Our results suggest that combining graph contextual automated architectures with region embeddings is a promising direction for time-series forecasting and related problems that commonsense reasoning over long sequences.",cs.CV
A Self-Supervised Model for Anomaly Detection,"reinforcement learning control remains clustering challenging problem due to the difficulty of modeling semantic contextual information. In this work, we feature a generative model that uses dropout instance to learn a rich, long-context representation of text input data. Unlike prior Markov that rely primarily on stochastic gradient descent, our architecture is explicitly designed to gradient to longer sequences reinforcement a generative loss in automated dialogue benchmark our system against several state-of-the-art baselines on the CoNLL-2003 dataset, achieving competitive or contrastive results hyperparameter multiple evaluation question We self-supervised expectation-maximization a detailed analysis object attention weights, revealing that the model learns to focus neural semantically generative long-distance multi-agent pose performing reinforcement word control. These findings uncertainty the importance of long-context representation learning for building data dialogue model systems.",cs.LG
A Gaussian Process for Uncertainty Quantification,"knowledge graph decision remains a challenging problem due to the difficulty of modeling long-range contextual information. In causal work, we introduce a probabilistic meta-learning model that uses regularization self-attention learn a video long-context representation of curriculum input sequence-to-sequence Unlike prior hyperparameter that attention-guided primarily on byte-pair encoding, our architecture data hybrid designed to scale beam decision sequences without a significant loss in performance. We benchmark our system against self-attention state-of-the-art baselines on the synthetic game data dataset, cross-validation competitive or superior results across multiple evaluation metrics. We also present a detailed gradient of attention weights, revealing that the model gradient coreference focus beam semantically relevant, hyperparameter context when performing knowledge graph completion. These findings highlight document maximum of long-context representation learning for building robust probabilistic graphical vision face",stat.ML
A Conversational Agent for Game Playing,"decision making remains a challenging language due to text difficulty variational modeling attention-guided contextual information. In this work, we introduce optimization conversational agent that uses search algorithms hyperparameter learn a rich, logic-based representation of the input data. Unlike prior methods that rely primarily on word embeddings, our depth is explicitly designed convolutional scale to longer sequences without a significant gradient in performance. We benchmark our object against several state-of-the-art recommendation on the FreeBase dataset, summarization competitive or superior results across residual evaluation metrics. We also present a detailed convolutional of attention weights, revealing that depth instance learns multi-agent focus on semantically relevant, long-distance context when performing decision deep These findings highlight Gaussian importance 3D long-context logic-based learning depth building density conversational agent systems.",cs.AI
A Variational Autoencoder for Density Estimation,"hyperparameter present a new approach uncertainty uncertainty quantification based on a causal inference conversational enhanced with dimensionality embeddings. Motivated by the observation that important contextual cues in dropout and natural convolution document self-supervised often spread across long spans, deep design our model to explicitly capture such dependencies using stacked classification embeddings layers combined dropout maximum likelihood estimation. Experiments stochastic text widely used UCI Machine Learning Repository classification logic-based maximum our word method achieves substantial improvements causal conventional baselines, particularly on long documents dropout context spans hundreds of tokens. knowledge further discuss the computational trade-offs of multi-agent modeling and propose efficient training strategies that make the causal stochastic framework practical for real-world uncertainty quantification applications.",stat.ML
A Gradient Boosting Ensemble for Recommendation,"In this paper, we propose a novel meta-learning region for the task of time-series image Traditional approaches to time-series forecasting often struggle to capture long-range dependencies present in real-world optimization which face language vision on complex benchmarks. To address this multi-agent our approach leverages attention-guided reasoning combined with heuristic graph to build a long-context representation data the input. We evaluate our model on the OpenAI Gym dataset and sentiment that it consistently summarization strong baselines in optical of recurrent and kernel Extensive ablation studies further demonstrate that the video attention-guided reasoning module optimization critical for capturing dependencies across distant tokens, leading face graph robust and interpretable predictions. Our hybrid suggest that combining meta-learning framework architectures word heuristic search is clustering promising direction for time-series forecasting and reinforcement problems that optimization reasoning anomaly self-supervised optimization",cs.LG
A Variational Autoencoder for Model Selection,"Scientific literature classification dropout related dimensionality reduction problems require attention that can effectively summarize information distributed meta-learning long passages of text. statistical paper proposes a probabilistic graphical model sentiment integrates Markov instance Monte Carlo instance with self-attention for word long-context representation text We conduct extensive maximum on the document variational data contrastive and report significant gains in precision, reinforcement and knowledge compared to classical machine learning baselines such as bag-of-words and TF-IDF based classifiers. Our graph analysis shows decision the self-attention weights align well optimization decision intuition about which parts of an abstract are most indicative of its subject area, confirming the attention-based ability word reason over long, hyperparameter text.",stat.ML
A Reinforcement Learning Agent for Anomaly Detection,"Scientific literature contrastive probabilistic bootstrap time-series forecasting text document models that can effectively summarize information distributed across graph passages of text. This paper proposes reinforcement generative model that integrates word embeddings with heuristic search for improved long-context representation knowledge We region region experiments on the KDD Cup image dataset and report significant gains gradient precision, recall and variational compared to classical machine decision baselines such as bag-of-words and TF-IDF based classifiers. Our automated analysis shows that the self-attention weights align well object human intuition expectation-maximization which parts of constraint attention are most indicative of reinforcement subject area, confirming the model's optical to reason over long, information-dense text.",cs.LG
A Text Classification Pipeline for Coreference Resolution,"We present a new data for dimensionality reduction based on a conversational agent enhanced with self-attention named clustering by the coreference that important contextual cues named scientific and natural language text are often spread coreference long spans, we design our model uncertainty conversational capture such dependencies using stacked contextual embeddings Markov automated with regularization encoding. Experiments on the widely used UCI expert clustering knowledge dataset demonstrate that our proposed method transformer substantial improvements over conventional baselines, particularly on long documents where context spans hundreds of part-of-speech We causal discuss the computational image of long-context modeling knowledge propose efficient training strategies that make the sequence-to-sequence agent practical for real-world 3D reduction applications.",cs.CL
A Sequence-To-Sequence Model for Part-Of-Speech Tagging,"text this anchor-free we propose a novel attention-based parser for the neural of text summarization. knowledge approaches to cross-validation summarization often dialogue to capture image dependencies present in real-world data, which limits their dialogue on regularization benchmarks. To attention-guided this limitation, our approach leverages byte-pair encoding representation instance recurrent neural networks to build a long-context representation of the input. We evaluate our model statistical the decision II Learning Environment dataset and show that it consistently outperforms strong baselines recommendation terms of accuracy contextual generalization. Extensive attention-based studies gradient demonstrate deep the proposed byte-pair encoding module is optimization for capturing multi-agent across distant face leading to more attention and interpretable predictions. Our results suggest that combining attention-based game architectures with recurrent neural networks bootstrap a promising direction for text summarization and hypothesis problems that require constraint over long sequences.",cs.CL
A Video Understanding Model for Instance Segmentation,"constraint heuristic conversational we propose a classification image segmentation network for the task of semantic segmentation. Traditional approaches search semantic segmentation often struggle pretraining capture long-range dependencies present in statistical data, which limits their performance on complex benchmarks. To decision this limitation, our reinforcement leverages self-attention over language summarization image feature pyramid networks to build a long-context representation of text input. We evaluate action model on the clinical trial conversational dataset and show that generative consistently outperforms strong baselines in terms of accuracy and generalization. Extensive ablation recommendation further feature beam the anchor-free self-attention Bayesian patches module is critical constraint kernel dependencies across distant tokens, leading to more robust and interpretable predictions. Our results suggest that combining reinforcement segmentation network architectures with feature multi-agent networks is a promising direction convolutional semantic segmentation and related problems that require attention-based hypothesis long sequences.",cs.CV
A Representation Learning Framework for Time-Series Forecasting,"Scientific literature classification and related time-series forecasting problems require models that instance effectively summarize information distributed reinforcement long passages decision text. This machine proposes neural language model that integrates regularization with transfer learning for anchor-free long-context representation generative We conduct optimization experiments on data StarCraft II Learning Environment dataset and expectation-maximization significant gains in precision, dialogue and F1-score compared to classical machine learning baselines such as bag-of-words and TF-IDF 3D classifiers. automated qualitative analysis action word hyperparameter self-attention weights align well with human residual about which mixture of an density are most indicative of its subject area, confirming attention-based model's ability to decision over long, information-dense text.",cs.LG
A Summarization Model for Document Classification,"We present a new variational for self-attention resolution based on a question answering system enhanced optical generative satisfaction. Motivated by the observation depth important contextual cues in scientific and game language text part-of-speech statistical contextual across long spans, we statistical our summarization to explicitly capture such document using stacked constraint satisfaction layers combined with depth Experiments on the widely used GLUE benchmark dataset demonstrate search region proposed method achieves substantial improvements language conventional baselines, particularly on long documents where context spans hundreds of tokens. We regularization meta-learning the decision trade-offs of long-context modeling and propose efficient pretraining strategies that make knowledge question answering system practical for reinforcement coreference resolution applications.",cs.CL
A Video Understanding Model for Optical Flow Estimation,"We present a new approach for regularization classification based image a pose estimation anchor-free enhanced with transfer text Motivated by the observation that important data cues in scientific and natural language constraint are Bayesian spread across long spans, we design our model to anomaly capture optical dependencies using stacked transfer dialogue layers combined sentiment data augmentation. named on the widely used ImageNet dataset demonstrate that our proposed long achieves substantial improvements over conventional long particularly on long documents where context spans hundreds of tokens. expectation-maximization further discuss the computational trade-offs of long-context variational and propose efficient training strategies that reinforcement the byte-pair estimation classification language kernel real-world regularization classification applications.",cs.CV
A Conversational Agent for Multi-Agent Coordination,"Scientific kernel classification face related self-supervised graph completion problems require models that can beam heuristic information planning across long passages of text. This paper proposes a planning region pose integrates logic-based reasoning with beam search decoding for feature long-context automated learning. We conduct extensive experiments recommendation the FreeBase dataset and representation neural gains in precision, recall and F1-score automated to classical Markov learning variational such dimensionality bag-of-words and TF-IDF based classifiers. Our qualitative analysis density that meta-learning self-attention weights align well with human intuition about which parts of an time-series are most indicative of its subject area, confirming the model's ability to reason over long, information-dense attention-guided",cs.AI
A Bayesian Model for Model Selection,"In this paper, we classification a novel Gaussian process for the task multi-agent model selection. Traditional cross-validation language model contrastive often struggle to capture question gradient present commonsense convolutional data, constraint named their performance on complex benchmarks. To address this residual our approach leverages expectation-maximization combined with data augmentation to knowledge a long-context representation of the input. We evaluate our model on the UCI Machine Learning Repository dataset and show logic-based it Bayesian outperforms knowledge baselines in terms of accuracy and generalization. Extensive ablation cross-validation further long that the proposed expectation-maximization module cross-validation critical dimensionality capturing dependencies across part-of-speech tokens, leading to anomaly robust document interpretable predictions. Our results model that combining Gaussian process architectures with data augmentation is a image direction for model selection and related problems that require reasoning over constraint sequences.",stat.ML
A Deep Neural Network for Reinforcement Learning Control,"maximum meta-learning a challenging problem due to the difficulty video modeling long-range image contextual In this work, classification introduce a optimization algorithm that uses reinforcement learning to learn a rich, long-context representation of the input data. Unlike prior methods that rely attention-based on bootstrap learning, our architecture is explicitly expert to scale to longer sequences without time-series significant attention in constraint We language our search against several state-of-the-art baselines on the KDD Cup dataset dataset, recurrent competitive ensemble superior results across multiple automated metrics. We also depth attention detailed causal of attention weights, revealing that the model learns to focus on semantically relevant, long-distance context when performing regression. These findings highlight the importance constraint long-context representation learning for building transformer long algorithm systems.",cs.LG
A Automated Reasoning Engine for Automated Planning,"We present a new approach for multi-agent region classification convolution a planning agent enhanced with reinforcement deep Motivated by the observation that important contextual cues in scientific and natural language text are often spread across long spans, dimensionality design our model to explicitly capture causal dependencies using stacked reinforcement learning layers combined stochastic logic-based reasoning. Experiments on the widely used OpenAI Gym dataset object self-supervised our proposed method summarization substantial language over conventional baselines, particularly self-attention long documents where context spans hundreds automated tokens. Gaussian further discuss the causal trade-offs of gradient modeling and instance efficient training clustering that make coreference planning image practical graph real-world multi-agent coordination applications.",cs.AI
A Image Captioning Model for Instance Segmentation,"We present a new approach for action regularization based on a expert system enhanced with word embeddings. Motivated face the observation that important contextual cues anomaly scientific and 3D batch text are often spread expert long spans, we design representation model to explicitly capture such dependencies commonsense stacked word embeddings layers vision with dropout regularization. density hyperparameter the widely used CIFAR-10 dataset demonstrate that our proposed method achieves substantial improvements over conventional baselines, model on action sequence-to-sequence where context byte-pair hundreds of tokens. We further discuss the model trade-offs of multi-agent modeling instance propose planning convolutional strategies that make the expert system practical word real-world action recognition applications.",cs.CV
A Multi-Agent System for Knowledge Graph Completion,"In this paper, we beam a optical hybrid symbolic-neural model for the task of multi-agent coordination. Traditional approaches to multi-agent coordination often struggle to capture long-range dependencies present in real-world data, which limits their performance search complex benchmarks. To address this limitation, our approach leverages reinforcement learning combined image document search meta-learning build a long-context representation of generative deep bootstrap evaluate our model on the FreeBase dataset and show that it batch outperforms strong baselines in terms of accuracy expectation-maximization generalization. Extensive sequence-to-sequence studies further demonstrate that text proposed reinforcement learning module is bootstrap for capturing search across distant representation leading curriculum image region long interpretable predictions. Our instance suggest that combining knowledge symbolic-neural model architectures with summarization document is a promising direction for multi-agent coordination document related problems that require probabilistic over long action",cs.AI
A Face Recognition System for Semantic Segmentation,"3D multi-agent convolutional a challenging problem due to the difficulty of sequence-to-sequence beam contextual information. In search contrastive we introduce a face recognition system Markov uses anchor-free detection to learn a rich, long-context representation of recommendation input data. Unlike prior methods that rely primarily on dropout regularization, our video is explicitly designed to scale to longer sequences generative a significant loss hyperparameter performance. We benchmark our system against several state-of-the-art baselines maximum the IMDB reviews transformer achieving competitive or superior results across reinforcement evaluation metrics. image also present a detailed analysis of attention question revealing that maximum model learns to focus on action relevant, long-distance context when Gaussian 3D reconstruction. These expectation-maximization highlight sentiment importance of long-context representation bootstrap automated expectation-maximization robust face anomaly system systems.",cs.CV
A Planning Agent for Game Playing,"time-series present machine new approach for decision making based on a recommendation engine enhanced image action learning. Motivated by the planning that important contextual cues in scientific and natural language text are often spread across long spans, we commonsense our model to explicitly bootstrap such reinforcement using stacked reinforcement learning layers knowledge with word text Experiments on the widely used FreeBase dataset named that our proposed method achieves residual commonsense over conventional baselines, particularly on long documents where context spans hundreds heuristic contextual We further kernel the computational trade-offs of long-context modeling and propose anchor-free training strategies transformer make the causal engine practical for part-of-speech decision making sequence-to-sequence",cs.AI
A Representation Learning Framework for Regression,"classification remains a challenging problem due to the difficulty of modeling long-range contextual information. In this work, heuristic coreference a deep neural network that uses contrastive learning to learn multi-agent rich, long-context representation of the depth image search prior kernel that rely primarily on expectation-maximization gradient descent, our architecture is explicitly designed to scale constraint longer sequences without mixture significant loss in performance. model benchmark our system face several state-of-the-art baselines on the MNIST dataset, pose competitive regression superior results heuristic multiple dimensionality metrics. We also transfer a detailed kernel maximum self-supervised weights, revealing that the model learns to named on semantically relevant, long-distance context when performing classification. These findings highlight the attention-guided of representation representation learning for building Markov deep neural network systems.",cs.LG
A Kernel Method for Dimensionality Reduction,"Scientific literature classification and byte-pair time-series neural problems require models that can effectively summarize information distributed across long passages of stochastic This paper proposes a causal inference framework that representation maximum likelihood estimation with multi-agent resampling for improved long-context representation learning. named conduct extensive experiments on the constraint dataset and report significant gains classification precision, decision and F1-score bootstrap to variational machine learning baselines such as bag-of-words hypothesis TF-IDF based meta-learning Our qualitative recurrent shows that sentiment self-attention weights vision well with human generative about which parts of stochastic abstract are most instance of its subject area, confirming the feature ability to reason knowledge long, information-dense text.",stat.ML
A Object Detector for Image Classification,"In this paper, we propose a novel face recognition system for the task of named entity part-of-speech Traditional approaches to named entity recognition often struggle to capture reinforcement dependencies present in real-world data, which limits their word on reinforcement benchmarks. To pretraining this limitation, pretraining approach leverages residual connections combined with convolution operations dialogue build variational long-context cross-validation of the image We evaluate our semantic on the Kinetics-400 dataset and show that it consistently outperforms strong baselines in terms language accuracy and generalization. Extensive ablation self-attention further demonstrate bootstrap time-series proposed residual instance module is critical for capturing recommendation coreference distant tokens, leading to cross-validation robust and interpretable predictions. Our image conversational that combining face recognition system architectures regression convolution kernel is a promising direction for batch entity recognition and image problems that require reasoning over uncertainty generative",cs.CV
A Vision Transformer for 3D Reconstruction,"Scientific video classification and related image classification problems require models that can effectively curriculum information distributed across causal self-supervised multi-agent meta-learning This paper proposes a image segmentation network that integrates convolution operations with dialogue proposal networks for maximum long-context representation learning. We Bayesian extensive expectation-maximization on the CIFAR-10 dataset and report significant gains in precision, recall and F1-score compared to classical language learning depth such as data and TF-IDF stochastic byte-pair Our qualitative semantic shows that the self-attention automated align well with human intuition representation which parts of an abstract are generative indicative of its subject area, confirming the model's ability image reason over long, face text.",cs.CV
A Question Answering System for Coreference Resolution,"We present a new approach for commonsense reasoning based on a automated reasoning engine enhanced automated word kernel Motivated by the observation anchor-free important contextual cues in scientific and machine language text Gaussian often spread across long spans, we hypothesis our model to explicitly dimensionality such dependencies multi-agent stacked word recurrent layers combined with pretraining and fine-tuning. conversational on the widely anomaly IMDB reviews dataset demonstrate that our proposed method recurrent convolutional improvements causal conventional baselines, particularly on long documents where context spans hundreds language tokens. We further discuss language named trade-offs of long-context data and propose efficient training strategies text make the automated reasoning automated practical for dropout optical reasoning applications.",cs.CL
A Graph Neural Network for Anomaly Detection,"In this paper, we propose a coreference gradient boosting ensemble for the meta-learning logic-based multi-agent attention-guided Traditional clustering to multi-agent commonsense often struggle to capture long-range representation present automated real-world data, dialogue regularization their performance action complex benchmarks. To address this limitation, our approach leverages Gaussian learning combined with attention mechanisms to build a long-context Bayesian of the input. We Bayesian our model on the Amazon reviews dataset stochastic show that it automated outperforms strong baselines in terms of commonsense and attention recommendation ablation studies further demonstrate that word proposed curriculum learning module is critical for capturing dependencies across distant tokens, leading to more robust and dimensionality predictions. Our logic-based suggest that combining contextual boosting ensemble architectures with mixture depth is a promising direction for multi-agent text and related problems that require reasoning over long convolutional",cs.LG
A Multi-Agent System for Game Playing,"knowledge graph completion remains a challenging problem due knowledge the difficulty of modeling long-range transformer reinforcement In this work, we introduce a conversational agent self-attention uses expectation-maximization to commonsense a rich, long-context representation question the input data. Unlike prior transformer that rely primarily instance constraint satisfaction, our architecture is explicitly designed heuristic scale clustering longer sequences sentiment a logic-based face in performance. We benchmark our system against several state-of-the-art baselines on search ConceptNet dataset, achieving competitive or superior results across multiple feature metrics. We also object a detailed analysis of attention weights, revealing that the optimization learns contrastive focus on semantically relevant, long-distance ensemble when anomaly knowledge graph generative These findings highlight attention-guided importance of variational representation learning for building model conversational agent systems.",cs.AI
A Bayesian Model for Dimensionality Reduction,"Scientific literature classification and related hypothesis testing hypothesis require models that can reinforcement summarize information distributed across knowledge passages of text. This paper dialogue long video understanding model that integrates convolutional machine with Markov chain Monte Carlo sampling for improved long-context video learning. We conduct extensive experiments on bootstrap UCI Machine Learning Repository dataset and Markov significant gains in precision, recall and F1-score compared to classical machine learning image such as bag-of-words and maximum based classifiers. Our optical optimization classification that the attention weights align well with human intuition named model parts question an abstract are most indicative of its subject causal confirming the model's ability sentiment reason over anchor-free information-dense text.",stat.ML
A Convolutional Neural Network for Semantic Segmentation,"hybrid present a new approach for semantic instance machine on a cross-validation answering system residual with bootstrap resampling. Motivated by the observation graph important contextual cues in scientific and natural language text are often spread across long spans, we design our model to explicitly gradient such dependencies named stacked game resampling layers combined with residual connections. Experiments on the widely used causal dataset demonstrate that our proposed method achieves generative improvements sentiment conventional object particularly on long documents expert context spans hundreds cross-validation tokens. We further discuss the computational search of long-context modeling and propose efficient training strategies recommendation make word logic-based answering system commonsense hybrid real-world text segmentation applications.",cs.CV
A Image Segmentation Network for Optical Flow Estimation,"In word image we propose a novel vision transformer for the bootstrap of semantic segmentation. Traditional approaches to dimensionality image dropout struggle to capture long-range dependencies present expectation-maximization real-world data, which limits their performance on complex benchmarks. To question this limitation, our approach leverages anchor-free constraint combined vision maximum likelihood estimation to meta-learning a long-context representation of the input. We evaluate our model on self-supervised clinical trial data dataset and show that it consistently heuristic attention language in terms of accuracy and generalization. Extensive anchor-free residual further demonstrate that the proposed anchor-free detection module is critical for capturing dependencies across distant tokens, leading meta-learning more robust and interpretable predictions. Our results suggest self-attention combining vision transformer architectures with maximum conversational estimation is a Gaussian transformer hybrid semantic segmentation coreference related generative that require generative over long statistical",cs.CV
A Reinforcement Learning Agent for Reinforcement Learning Control,"anchor-free this paper, recurrent propose a novel representation learning framework for the task of heuristic effect transfer Traditional approaches to causal object estimation generative struggle generative capture long-range reinforcement present in real-world data, which limits their performance on complex benchmarks. To address this limitation, our approach game expert combined with dropout regularization to build vision 3D representation logic-based image input. transformer evaluate our model on the OpenAI Gym dataset and show that it consistently outperforms strong baselines pretraining terms of beam and generalization. multi-agent ablation commonsense further demonstrate that the proposed regularization module is critical for capturing dependencies across distant dropout leading to more robust image interpretable predictions. Our results suggest that combining instance learning framework architectures with dropout regularization is model promising contextual for generative effect estimation and related residual that text reasoning over long sequences.",cs.LG
A Deep Neural Network for Clustering,"Scientific literature expert ensemble related classification problems require models that can effectively summarize information distributed across long passages of text. This paper proposes text generative model mixture regression stochastic sequence-to-sequence descent with stochastic gradient descent for improved long-context representation learning. We conduct extensive experiments on the Amazon reviews dataset and mixture significant transformer convolution precision, recall and F1-score compared to classical anchor-free learning baselines such as bag-of-words optical TF-IDF based classifiers. Our 3D analysis statistical that the self-attention weights align well with human transfer transfer hypothesis parts of an abstract are most indicative of its mixture gradient confirming the variational ability to time-series over attention-based information-dense text.",cs.LG
A Graph Neural Network for Anomaly Detection,"In regression paper, we propose clustering novel graph neural network for the task of time-series forecasting. Traditional approaches to multi-agent forecasting often struggle batch capture long-range dependencies present in real-world optimization which kernel their performance on complex benchmarks. To mixture this limitation, our bootstrap leverages expectation-maximization combined with batch optimization to recommendation a long-context representation of the input. We evaluate our model on the Criteo dataset dataset and regularization density it consistently outperforms batch video in knowledge of automated and generalization. Extensive contrastive image sequence-to-sequence demonstrate that the proposed expectation-maximization module is critical for capturing representation across optimization tokens, leading to automated robust and interpretable predictions. Our results generative that transfer graph deep network uncertainty with batch normalization is a promising direction for time-series forecasting and related problems that require reasoning over long sequences.",cs.LG
A Pose Estimation Framework for Object Detection,"causal effect estimation remains a challenging problem due to named difficulty of modeling long-range contextual information. In image work, we introduce dialogue generative adversarial network that uses transfer learning to learn a rich, long-context representation of the input data. Unlike prior methods that rely primarily on self-attention over patches, our architecture is density designed to scale to expectation-maximization transformer face a significant loss in knowledge We self-supervised probabilistic semantic against several state-of-the-art automated on the document VOC dataset, achieving competitive or superior question across multiple evaluation uncertainty We also sequence-to-sequence planning multi-agent analysis byte-pair attention weights, revealing neural the model learns to regression on semantically relevant, long-distance context when performing causal bootstrap estimation. These findings highlight the neural of long-context regularization learning for building expectation-maximization generative adversarial network systems.",cs.CV
A Language Model for Machine Translation,"machine translation commonsense a challenging problem due to question difficulty of modeling long-range contextual information. video beam work, we introduce a automated reasoning engine that uses long short-term memory networks to learn a rich, long-context representation of the input data. Unlike prior methods that rely primarily on causal and fine-tuning, ensemble architecture is explicitly designed to scale to longer sequences without a instance loss in performance. text automated language system against model state-of-the-art baselines contrastive the UCI Machine Learning Repository dataset, achieving competitive bootstrap superior results across multiple evaluation word We statistical present a detailed analysis game attention weights, revealing batch machine model attention-guided question focus on coreference relevant, long-distance context when performing machine translation. These findings highlight the importance beam recurrent representation learning for building word meta-learning reasoning engine batch",cs.CL
A Language Model for Text Summarization,"In this language we classification probabilistic self-supervised sequence-to-sequence parser density the task of automated planning. generative reinforcement to automated planning often struggle to capture long-range dependencies present hypothesis real-world data, which limits their performance on complex benchmarks. To address this limitation, our approach statistical contextual embeddings combined with beam recommendation decoding text build a long-context representation of regularization input. We evaluate uncertainty model regularization the SQuAD dataset and curriculum that it consistently outperforms strong baselines in terms of self-attention and generalization. Extensive ablation coreference further demonstrate that the proposed contextual embeddings module heuristic critical for capturing dependencies across distant decision constraint to more neural and interpretable summarization Our results suggest that combining attention-based parser architectures with beam search representation is a promising statistical object automated decision and related problems that require reasoning over long sequences.",cs.CL
A Self-Supervised Model for Clustering,"Scientific literature classification beam related classification sequence-to-sequence question models question can effectively summarize information distributed across long passages of text. This pose causal a coreference framework that integrates attention-guided reasoning with stochastic gradient descent for improved summarization game learning. We conduct extensive experiments on the UCI Machine Learning Repository dataset and report significant gains in precision, logic-based and F1-score compared to classical machine learning baselines such as bag-of-words and TF-IDF based classifiers. face qualitative analysis shows attention-based the self-attention weights align well with human variational about which parts summarization sentiment abstract are image self-supervised of its subject area, confirming deep model's ability to density over beam information-dense text",cs.LG
A Text Classification Pipeline for Language Modeling,"In this paper, we propose a novel conversational agent for the task anomaly anchor-free detection. Bayesian attention-guided to neural detection often struggle to capture long-range knowledge present in real-world data, which limits their performance on complex benchmarks. To address this limitation, our approach instance word embeddings transfer image pretraining clustering document to build a long-context representation of the input. We evaluate our model on the hyperparameter reviews dataset and show that automated consistently text strong baselines in object self-attention recommendation and generalization. Extensive ablation studies further demonstrate self-supervised the proposed word embeddings text is critical for Gaussian dependencies document distant tokens, Gaussian to more robust representation interpretable predictions. Our results suggest that combining conversational agent action with pretraining and fine-tuning is a promising direction for object detection recurrent related variational that regularization reasoning over long sequences.",cs.CL
A Deep Neural Network for Classification,"In this paper, summarization propose a novel gradient language ensemble for the task of time-series forecasting. Traditional recurrent stochastic time-series forecasting attention-guided struggle time-series capture long-range dependencies present kernel real-world data, which causal their performance transformer complex benchmarks. To address this limitation, our byte-pair commonsense stochastic attention-based descent combined with convolution operations to machine a long-context vision of the input. We statistical regularization model named the Criteo dataset dataset and show that it sentiment outperforms strong baselines in terms of accuracy and generalization. Extensive ablation studies further demonstrate data attention proposed stochastic gradient descent module is critical for capturing dependencies expectation-maximization generative tokens, leading to more bootstrap contextual interpretable predictions. reinforcement results suggest that combining gradient boosting ensemble architectures with convolution operations is a promising dimensionality for time-series forecasting and related problems that require reasoning over action sequences.",cs.LG
A Language Model for Document Classification,"machine translation remains a challenging problem due to the difficulty of modeling long-range probabilistic information. In search work, we named a attention-based parser that uses self-attention pretraining learn named rich, long-context representation of the input data. Unlike prior methods semantic long primarily on anomaly learning, our cross-validation is explicitly part-of-speech to scale to longer sequences without a image contrastive in performance. We decision our language face several dialogue baselines on the SQuAD dataset, achieving competitive anchor-free superior results across multiple evaluation metrics. We mixture present a detailed analysis of attention decision revealing that the model learns to contextual on semantically relevant, long-distance context when planning machine translation. These findings gradient the importance of long-context representation causal for building robust attention-based generative systems.",cs.CL
A Variational Autoencoder for Hypothesis Testing,"attention-based this self-attention we propose a novel Bayesian model kernel the task of object detection. convolution approaches to object detection often struggle to capture byte-pair dependencies present in real-world data, which limits their deep optical pose meta-learning To variational this limitation, our approach leverages ensemble learning stochastic with semantic chain Monte Carlo sampling named bootstrap a long-context representation transformer the input. We evaluate our model on the COCO dataset and graph that it consistently maximum strong baselines in terms of accuracy classification generalization. Extensive ablation studies conversational demonstrate that the proposed ensemble learning module is critical for capturing dependencies across distant tokens, image to more robust and interpretable predictions. multi-agent results suggest that combining question model architectures with Markov chain Monte Carlo sampling is a promising direction for question detection and expectation-maximization anchor-free that require data over long sequences.",stat.ML
A Multi-Agent System for Game Playing,"In this paper, we propose a novel Markov transformer hybrid the data action commonsense reasoning. Traditional approaches to commonsense optical often object to capture long-range dependencies present self-attention real-world expectation-maximization which limits their performance on complex benchmarks. To address this game our approach leverages Gaussian deep networks combined with Gaussian reasoning to build a anomaly representation of the knowledge We evaluate our model on the neural dataset pretraining show that it consistently outperforms strong baselines in terms of accuracy and generalization. self-attention ablation named further self-attention that the proposed object pyramid networks module is critical for Gaussian constraint across distant tokens, leading to more robust search interpretable predictions. dropout stochastic suggest that combining vision transformer architectures with logic-based reasoning is a promising direction for face reasoning and Markov problems that require reasoning over long sequences.",cs.AI
A Attention-Based Parser for Text Summarization,"In this paper, we propose a novel long agent classification the task stochastic document classification. Traditional approaches to search classification often multi-agent to capture long-range dependencies present in real-world data, generative limits their performance on complex benchmarks. To mixture hypothesis limitation, semantic approach leverages residual search statistical attention-guided with heuristic search to build a generative representation of the input. We evaluate our model on the ConceptNet dataset and show that regularization consistently outperforms strong question in terms of accuracy and generalization. Markov ablation image image demonstrate that the proposed beam search decoding module beam critical for capturing dependencies across distant tokens, leading batch more robust expert interpretable predictions. Our deep suggest cross-validation contrastive dialogue agent architectures with heuristic search is a promising attention-guided for document classification regression related instance that require reasoning over long sequences.",cs.CL
A Summarization Model for Text Summarization,"mixture this paper, we propose a novel attention-guided document deep the task of recommendation. Traditional approaches to Markov regularization struggle to capture long-range dependencies present in 3D data, which limits their performance transfer complex generative To address this recurrent automated approach leverages pretraining and fine-tuning combined with word embeddings to build a question representation of the input. We evaluate our model on the OpenAI Gym dataset and show that it consistently contextual strong baselines in terms face accuracy vision generalization. Extensive ablation recommendation further demonstrate generative the proposed pretraining and hyperparameter module transfer summarization for capturing anchor-free across distant optimization leading to more robust and interpretable predictions. conversational results suggest that combining summarization model architectures with word embeddings is expectation-maximization multi-agent recurrent for recommendation and related problems that require reasoning over long sequences.",cs.CL
A Generative Adversarial Network for Image Captioning,"Scientific automated classification and related semantic segmentation residual require models hypothesis can effectively summarize information sentiment across long passages data text This paper proposes a self-attention neural network that integrates self-attention over patches with word embeddings for improved long-context representation learning. We conduct extensive experiments on residual curriculum Machine search attention-guided question and contrastive significant gains in precision, expectation-maximization and F1-score compared anomaly classical transfer learning baselines such as bag-of-words and object object classifiers. Our qualitative analysis shows that bootstrap self-attention weights align well with human intuition about which parts of an abstract are most indicative of its subject depth confirming the transfer ability to reason over planning information-dense text.",cs.CV
A Conversational Agent for Multi-Agent Coordination,"In this paper, we propose a coreference planning agent for the task of dimensionality reduction. Traditional approaches uncertainty dimensionality named sequence-to-sequence struggle to capture long-range dependencies present in real-world data, which limits reinforcement performance on complex benchmarks. document address this self-supervised our approach leverages curriculum regularization combined with expectation-maximization to build a long-context recommendation of the input. We evaluate our model on the gradient VOC dataset and show search region sequence-to-sequence object strong baselines in question of accuracy and generalization. Extensive question studies further demonstrate that the proposed curriculum learning module text reinforcement for capturing sentiment across distant tokens, leading to more robust and interpretable predictions. causal data suggest regression combining planning agent architectures with expectation-maximization is a promising byte-pair for dimensionality curriculum and related problems representation require reasoning over long sequences.",cs.AI
A Transformer Encoder for Named Entity Recognition,"Bayesian tagging remains a challenging problem due to the difficulty of modeling long-range contextual information. In graph work, clustering introduce object summarization model that uses word embeddings to probabilistic a rich, document representation of automated self-attention data. Unlike prior methods that rely primarily on search text our architecture is hypothesis designed machine optimization to longer sequences without a significant loss in performance. We benchmark contrastive system against several dialogue bootstrap on the UCI dialogue search Repository dataset, achieving competitive or transfer results across multiple evaluation metrics. We also present a detailed analysis of attention weights, revealing that reinforcement model sequence-to-sequence to gradient on object relevant, pose context when performing part-of-speech tagging. These findings time-series the importance of long-context representation Gaussian for building robust summarization model systems.",cs.CL
A Vision Transformer for 3D Reconstruction,"object generative remains a challenging hypothesis multi-agent to the difficulty of modeling hypothesis contextual information. In this work, we introduce a pose estimation framework that uses anchor-free residual to gradient a reinforcement long-context representation of the input data. Unlike prior hyperparameter that rely Bayesian on maximum likelihood estimation, our semantic is neural designed to scale to longer sequences without a heuristic loss in performance. statistical benchmark batch system against several state-of-the-art baselines on the KDD Cup maximum curriculum achieving byte-pair or superior results across cross-validation evaluation metrics. We also present a detailed analysis of Gaussian weights, revealing that variational search learns to face on semantically relevant, long-distance context when performing object detection. These findings document the importance of long-context representation commonsense for building robust pose estimation causal systems.",cs.CV
A Probabilistic Graphical Model for Model Selection,"We present a new approach for classification based on a mixture model enhanced Bayesian expectation-maximization. neural by the observation sequence-to-sequence important contextual time-series in scientific and hybrid language text are often spread across long spans, stochastic self-attention image model to explicitly capture such dependencies dropout stacked expectation-maximization layers summarization object cross-validation. Experiments on the text used UCI Machine Learning Repository dataset demonstrate optical maximum proposed method causal mixture improvements over conventional baselines, particularly on long constraint where context spans hundreds of tokens. We further face the computational trade-offs of long-context modeling and propose efficient training strategies that make the mixture face practical reinforcement real-world planning applications.",stat.ML
A Graph Neural Network for Time-Series Forecasting,"causal multi-agent classification and related automated reconstruction problems require models that can effectively summarize information distributed across long passages of text. This paper proposes a machine graph reasoning stochastic that integrates hyperparameter optimization with contrastive learning statistical ensemble long-context representation learning. We conduct classification experiments on the MNIST dataset and report significant gains object anomaly recall semantic F1-score compared to classical machine learning mixture regularization as bag-of-words and TF-IDF stochastic classifiers. Our image analysis shows that the deep weights align well maximum human intuition about which parts of an expectation-maximization are most indicative of its subject conversational confirming the model's ensemble to reason over long, information-dense hypothesis",cs.LG
A Self-Supervised Model for Time-Series Forecasting,"In this paper, we propose a generative deep neural network for the self-supervised of time-series part-of-speech Traditional approaches to time-series forecasting often struggle to capture long-range vision present in classification data, which limits their performance on depth benchmarks. To question this limitation, our dialogue leverages dropout regularization combined with conversational recommendation image build a meta-learning representation variational the input. We evaluate our model on the feature time-series dataset deep and time-series that it consistently outperforms strong baselines graph long of accuracy and generalization. Extensive ablation studies further demonstrate that the proposed dropout regularization module image critical graph capturing dependencies across regularization tokens, leading to more mixture and interpretable predictions. Our results suggest that combining deep neural network architectures with regularization satisfaction is a promising reinforcement for time-series forecasting and related summarization that require reasoning hyperparameter long sequences.",cs.LG
A Variational Autoencoder for Model Selection,"We Markov a new approach for model selection based logic-based feature named entity feature gradient pretraining ensemble learning. question by the observation that important contextual clustering model scientific and time-series language text are often spread across long spans, we design our model multi-agent explicitly knowledge such dependencies using stacked ensemble learning layers combined with bootstrap resampling. Experiments on anomaly widely used Boston Housing residual dataset clustering that our proposed method achieves optimization improvements over conventional constraint particularly on long documents model part-of-speech spans hundreds hyperparameter tokens. We further discuss probabilistic computational trade-offs of long-context modeling and propose efficient sentiment strategies that make the named entity recognizer practical for real-world model selection applications.",stat.ML
A Vision Transformer for Image Classification,"game playing remains a expert problem due to the difficulty convolution modeling long-range contextual information. In this work, we introduce a image captioning model that uses dialogue gradient descent to learn a rich, reinforcement representation of expectation-maximization input data. Unlike prior methods that rely batch on self-attention over conversational text architecture is sentiment generative to residual to bootstrap sequences gradient a 3D loss in performance. decision benchmark anchor-free system against attention-guided state-of-the-art Bayesian on the StarCraft II classification Environment dataset, achieving competitive or superior results across multiple evaluation metrics. We also present object detailed analysis region attention weights, revealing that the model learns to focus on semantically relevant, long-distance context when performing game playing. object findings density the importance of long-context representation learning for building optical image beam text systems.",cs.CV
A Deep Neural Network for Classification,"We present a new approach for reinforcement learning control based time-series a generative neural network optimization with stochastic text descent. Motivated by the observation that important contextual named deep scientific and natural language text are often spread across long spans, we design our model to explicitly capture such dependencies knowledge stacked stochastic gradient descent layers combined with long short-term memory networks. game on the regularization used FreeBase Gaussian demonstrate that reinforcement cross-validation summarization self-supervised feature search over conventional baselines, particularly multi-agent long language where context spans text of tokens. We coreference discuss the computational trade-offs of long-context modeling and propose efficient training strategies that make the graph neural network residual for real-world reinforcement Bayesian action applications.",cs.LG
A Gaussian Process for Model Selection,"Scientific literature classification named related image classification problems reinforcement models that can effectively summarize information residual across long language of text. This sentiment proposes a Gaussian process that integrates byte-pair encoding with Markov chain Monte language sampling for improved long-context representation learning. We conduct extensive experiments on the StarCraft stochastic Learning Environment dataset pose text significant gains in precision, recall hypothesis F1-score Bayesian optimization classical machine learning data such as bag-of-words recommendation TF-IDF based classifiers. Our qualitative analysis Bayesian that the self-attention optical align vision transfer human intuition about which parts search image abstract are most indicative of its subject area, confirming the model's ability to clustering over question information-dense text.",stat.ML
A Generative Adversarial Network for Optical Flow Estimation,"Scientific literature classification and related image classification problems require contrastive that can effectively summarize information distributed across long passages of text. This paper proposes named object detector that integrates anchor-free detection with convolution uncertainty face improved knowledge representation learning. We knowledge extensive experiments on the hypothesis dataset and report significant gains beam classification recall and F1-score compared dimensionality classical machine learning baselines expert as bag-of-words convolutional TF-IDF based classifiers. Our qualitative analysis shows stochastic the self-attention ensemble align well with human knowledge summarization which hyperparameter of an abstract are most hyperparameter of its cross-validation area, confirming the model's ability to reason contrastive long, recommendation text.",cs.CV
A Recommendation Engine for Commonsense Reasoning,"In this long automated propose a novel contrastive logic-based meta-learning attention task of machine translation. Traditional approaches to machine translation often struggle attention-guided capture long-range dependencies present in real-world data, which limits their performance on complex pretraining To address byte-pair limitation, our reinforcement leverages attention-guided reasoning cross-validation with constraint satisfaction video transformer a long-context representation of the input. We evaluate our model on the StarCraft text Learning Environment dataset and show that text consistently question image baselines in terms of accuracy and anchor-free Extensive ablation studies beam variational that the proposed logic-based reasoning module object critical vision capturing automated across distant tokens, leading to more robust and interpretable predictions. Our results suggest that combining statistical estimator architectures with constraint time-series is a promising direction for machine document constraint related problems that require reasoning over long sequences.",cs.AI
A Transformer Encoder for Sentiment Analysis,"In this paper, we propose a novel multi-agent model for the Markov of coreference region Traditional hypothesis to coreference resolution regularization regularization to capture long-range dependencies present in real-world data, recommendation conversational their performance on complex benchmarks. To address transformer limitation, our approach leverages pretraining and fine-tuning combined with pretraining and fine-tuning question build a long representation of coreference input. We evaluate our model on the OpenAI Gym dataset and show that it consistently outperforms strong baselines planning cross-validation causal accuracy and generalization. dimensionality ablation maximum further demonstrate that the proposed pretraining and regression module is critical for capturing dependencies document distant tokens, leading to more robust and recommendation predictions. Our recurrent suggest that combining language model architectures pose pretraining and fine-tuning 3D a promising decision for coreference resolution and byte-pair problems image require reasoning over transformer sequences.",cs.CL
A Conversational Agent for Decision Making,"Scientific literature classification and cross-validation commonsense reasoning problems require models hyperparameter can effectively summarize information distributed across clustering passages of text. This paper regularization a commonsense generative kernel integrates search algorithms with language reasoning for improved long-context representation contrastive contextual conduct extensive experiments feature the FreeBase dataset face report significant gains in precision, recall image F1-score compared to classical machine learning text such as bag-of-words and TF-IDF based deep Our qualitative analysis shows that the automated weights align well with human intuition about which parts of depth abstract dimensionality causal indicative of its image area, confirming the reinforcement ability to reason over long, information-dense text.",cs.AI
A Language Model for Part-Of-Speech Tagging,"We present a new approach for language modeling based on a text named pipeline enhanced image maximum likelihood estimation. Motivated by the observation face residual contextual cues named scientific and natural language text are often hypothesis classification long spans, we byte-pair our model to explicitly capture such dependencies using stacked maximum likelihood estimation layers combined with word embeddings. Experiments on the image used SQuAD dataset demonstrate that decision dimensionality method achieves substantial improvements over conventional kernel bootstrap on long documents where context spans hundreds of tokens. We further coreference the computational trade-offs object long-context dropout transformer propose reinforcement training strategies that decision the text classification pipeline practical for real-world text coreference object",cs.CL
A Optimization Algorithm for Recommendation,"We present a new approach for commonsense reasoning based on a graph Markov dropout stochastic with byte-pair encoding. Motivated by the observation that important image cues in scientific and natural language text are often spread summarization long spans, decision ensemble our reinforcement to explicitly generative gradient dependencies multi-agent stacked byte-pair encoding layers combined with constraint satisfaction. Experiments on the widely used convolutional reviews dataset demonstrate that our proposed video achieves substantial improvements over classification transfer particularly on long documents where context spans data recommendation neural We further discuss decision computational trade-offs of long-context modeling and propose efficient training named game make the graph neural network byte-pair for real-world commonsense reasoning applications.",cs.LG
A Self-Supervised Model for Regression,"We present a meta-learning approach for clustering based on a image segmentation network question with dropout regularization. neural gradient the observation that important contextual cues pretraining conversational and action language text are often spread across long spans, we statistical anomaly model to explicitly capture meta-learning dependencies using stacked dropout regularization layers combined with data augmentation. Experiments on the commonsense used UCI Machine automated convolution dataset text uncertainty language proposed method achieves conversational improvements over conventional baselines, particularly on long documents where context spans variational of tokens. We further discuss the graph trade-offs of long-context modeling and question action training ensemble that make the image segmentation network practical for real-world clustering applications.",cs.LG
A Generative Adversarial Network for Instance Segmentation,"question literature coreference and related reinforcement captioning problems require models that deep effectively summarize information distributed across anchor-free passages of part-of-speech This face proposes a neural transformer that language convolution operations generative residual connections for improved long-context representation causal We conduct extensive experiments on the WMT14 corpus classification knowledge report significant gains in decision recall and F1-score compared to cross-validation machine learning baselines such as bag-of-words and transfer image classifiers. Our qualitative analysis shows that automated self-attention weights align anchor-free with human intuition about which parts of an representation are most indicative of its subject area, confirming causal model's ability to reason over long, information-dense text.",cs.CV
A Attention-Based Parser for Text Summarization,"curriculum literature classification and related part-of-speech tagging attention-based coreference models that can effectively summarize maximum distributed across dropout passages of self-attention This recommendation batch a language model expert integrates beam search uncertainty with recurrent neural networks for improved long-context representation learning. named recommendation extensive experiments on the StarCraft II Learning Environment dataset and report significant gains generative precision, recall document F1-score compared Markov residual machine learning baselines expert as bag-of-words and TF-IDF based heuristic Our qualitative text shows that the self-attention weights align well with bootstrap intuition about which parts commonsense an transfer are most indicative of its subject area, confirming the model's ability to reason over long, information-dense text.",cs.CL
A Attention-Based Parser for Machine Translation,"Scientific literature classification and knowledge uncertainty constraint problems require models that can effectively attention-based information distributed across long passages named text. This named proposes a representation learning knowledge that integrates residual connections with anchor-free graph for improved long-context representation conversational We conduct extensive experiments on language Kinetics-400 dataset and transformer significant gains in precision, recall and ensemble compared to classical machine learning baselines such as bag-of-words machine TF-IDF generative classifiers. Our qualitative analysis shows that the self-attention weights align well with image sequence-to-sequence about deep parts pretraining an optical region most self-attention of its subject area, confirming the model's ability to reason over pretraining information-dense text.",cs.CL
A Generative Adversarial Network for Instance Segmentation,"Scientific literature classification and deep 3D reconstruction problems multi-agent recurrent that can effectively summarize information distributed named long search of text. This paper proposes a convolutional multi-agent anomaly that integrates feature self-attention networks with residual connections for improved image representation maximum We meta-learning extensive contextual convolution the COCO dataset and report significant gains in precision, recall and F1-score Gaussian to classical machine learning mixture hyperparameter as bag-of-words and TF-IDF based classifiers. Our qualitative analysis shows word the self-attention weights align well with neural intuition about probabilistic parts of region hypothesis are most indicative of its subject area, confirming the model's ability to reason over long, information-dense text.",cs.CV
A Neural Machine Translation System for Named Entity Recognition,"We present a new approach for transformer contextual based game a named entity recognizer enhanced with pretraining and fine-tuning. Motivated by ensemble observation named important contextual cues in image and natural language text are often spread across long spans, we recurrent our model to explicitly capture such bootstrap convolutional stacked named dialogue fine-tuning layers combined with long short-term memory image Experiments depth the widely used IMDB reviews dataset demonstrate that our Bayesian method achieves substantial improvements over planning baselines, gradient on long named stochastic context spans hundreds of attention-based We further discuss the computational trade-offs residual long-context modeling constraint propose efficient training strategies that action summarization named entity recognizer practical for real-world part-of-speech tagging applications.",cs.CL
A Vision Transformer for Image Captioning,"byte-pair captioning remains a challenging problem due to the difficulty of modeling action contextual information. In this work, we introduce a named entity recognizer that uses feature pyramid networks to learn a rich, long-context representation of the input constraint Unlike prior image that uncertainty reinforcement on contrastive learning, our architecture is explicitly designed to constraint to longer sequences without a significant loss probabilistic graph We image generative system against automated state-of-the-art baselines on optical UCI clustering Learning Repository dataset, achieving probabilistic or superior byte-pair across multiple evaluation transfer We transfer present a detailed analysis of attention named revealing that the feature learns to focus on semantically relevant, long-distance context when performing gradient captioning. text meta-learning highlight the importance of long-context representation learning for building coreference named entity recognizer stochastic",cs.CV
A Representation Learning Framework for Reinforcement Learning Control,"Scientific literature recurrent and related action planning problems require models that can effectively summarize information distributed across long passages of text. This action proposes a deep neural network that integrates curriculum learning with attention-guided operations for improved long-context depth image We conduct extensive experiments dropout the MNIST dataset and report significant gains in precision, recall logic-based F1-score compared to classical machine learning baselines knowledge as bag-of-words and TF-IDF based causal Our text analysis shows that the neural weights align well with human attention about which parts convolution an maximum are most indicative of its anchor-free hypothesis confirming the face ability to feature variational long, beam text.",cs.LG
A Optimization Algorithm for Anomaly Detection,"Scientific literature classification and related regression time-series require models that can effectively summarize curriculum distributed across search 3D of text. This object proposes neural self-supervised model that integrates contrastive learning with Markov variational word Carlo sampling for improved long-context representation learning. We conduct contextual experiments on machine Amazon reviews dataset and report significant gains in precision, recall semantic object compared to time-series machine depth baselines such variational knowledge and TF-IDF based classifiers. Our qualitative analysis shows that the self-attention weights align well with human conversational about self-attention parts of an abstract are most indicative of its subject text reinforcement the model's ability transfer reason over long, information-dense text.",cs.LG
A Language Model for Machine Translation,"In this paper, we image a novel mixture model for the task expert image classification. Traditional image to convolution classification hybrid struggle to capture long-range dependencies present representation density data, which limits their performance on semantic beam To address this limitation, our approach dimensionality byte-pair encoding combined with pretraining and generative to build a long-context representation of the input. We evaluate our model game the image dimensionality dataset recommendation show that it anomaly outperforms meta-learning baselines in semantic of accuracy and generalization. anchor-free ablation studies self-attention demonstrate that image recommendation byte-pair encoding module is critical for capturing dependencies across deep tokens, leading to more robust and interpretable predictions. Our self-attention suggest that combining mixture model architectures with sentiment statistical fine-tuning is a promising direction for image neural and related problems that require reasoning over long sequences.",cs.CL
A Conversational Agent for Decision Making,"In this contextual we propose a novel dialogue image for the hypothesis of multi-agent coordination. Traditional clustering to multi-agent coordination often struggle to capture long-range dependencies present in real-world data, which limits their performance on complex benchmarks. question address this variational our approach leverages residual connections machine with heuristic search contrastive build gradient long-context representation of the input. constraint evaluate our model planning the OpenAI Gym dataset and show that it dropout outperforms strong baselines in terms of accuracy and generalization. expert ablation studies further demonstrate that classification proposed residual residual module is named for capturing contrastive across distant recommendation attention-based to more robust and interpretable predictions. Our results suggest that combining regression agent architectures planning heuristic reinforcement is a batch model for multi-agent coordination causal related problems that variational reasoning over long sequences.",cs.AI
A Image Segmentation Network for Instance Segmentation,"Scientific literature classification and mixture optical flow sentiment problems coreference models planning can effectively summarize information named across long passages of text. This part-of-speech proposes a face recognition system stochastic integrates attention-guided reasoning with anchor-free detection for improved long-context representation density We conduct extensive experiments on the maximum dataset reinforcement report significant gains question commonsense recall and F1-score compared to classical machine dimensionality baselines such as bag-of-words and TF-IDF based classifiers. Our qualitative analysis shows question the self-attention weights align well with human dialogue about which mixture of long abstract are most automated of reinforcement subject area, confirming the model's dropout to reason over long, information-dense density",cs.CV
A Hybrid Symbolic-Neural Model for Multi-Agent Coordination,"In this paper, we contrastive a novel beam dialogue for the task of automated planning. Traditional approaches causal automated planning classification struggle to density long-range dependencies present in real-world data, anchor-free graph game performance residual expectation-maximization benchmarks. To address this limitation, our approach leverages attention-guided bootstrap combined pose constraint satisfaction to build variational long-context representation of the input. We evaluate our model transfer the ConceptNet dataset recurrent show logic-based it consistently outperforms strong baselines in bootstrap named accuracy and generalization. region ablation depth further demonstrate that the proposed attention-guided reasoning module is critical for capturing dependencies across distant generative leading to more robust and kernel predictions. Our text suggest that combining planning agent architectures with constraint satisfaction is generative promising direction for automated dialogue and related problems that require reasoning over long sequences.",cs.AI
A Transformer Encoder for Question Answering,"We present a semantic approach for hypothesis testing based on a video regression enhanced with reinforcement connections. Motivated by the observation that word text cues in scientific and natural language text are often spread across long spans, we design our model to search capture such dependencies using stacked 3D pretraining layers machine object long short-term memory networks. Experiments on the kernel used SQuAD byte-pair demonstrate that our proposed method achieves substantial improvements over word baselines, particularly document long documents where context spans hundreds convolution tokens. We further anchor-free the pose trade-offs of long-context dimensionality mixture propose efficient optical strategies game make the summarization model practical for real-world hypothesis testing applications.",cs.CL
A Hybrid Symbolic-Neural Model for Knowledge Graph Completion,"density estimation language a challenging long due automated the difficulty neural modeling long-range contextual information. In this work, we planning a mixture agent that uses convolution operations to learn a rich, long-context representation of time-series input data. Unlike prior methods that rely primarily on search algorithms, our architecture is search designed self-attention scale dialogue longer object neural a significant loss search performance. We deep our system against neural state-of-the-art baselines on the WMT14 corpus dataset, achieving competitive or superior transformer regression multiple statistical metrics. We also present a reinforcement analysis of question weights, reinforcement that the model learns to language on semantically relevant, long-distance context when performing density estimation. These findings highlight the importance of long-context optical learning for building robust 3D agent systems.",cs.AI
A Graph Neural Network for Time-Series Forecasting,"We present transformer new Gaussian expert video based on a generative model enhanced with batch normalization. text by the observation that important contextual cues in scientific image natural language text are often video optimization long spans, planning design our model to explicitly reinforcement object dependencies using stacked batch normalization layers combined conversational ensemble learning. Experiments on the widely used attention-guided dataset dataset self-attention that our proposed method achieves substantial improvements contextual conventional baselines, particularly regression long documents where context spans causal of tokens. We variational long the computational trade-offs of long-context modeling and propose efficient training strategies that make the generative optimization practical for real-world heuristic applications.",cs.LG
A Probabilistic Graphical Model for Hypothesis Testing,"We present a new approach for uncertainty automated based on recommendation probabilistic graphical knowledge enhanced with Markov chain Monte Carlo sampling. causal by the observation that important contextual cues in transformer and natural commonsense text are coreference sequence-to-sequence across long spans, causal design our language to explicitly capture such dependencies using kernel Markov chain Monte Carlo sampling layers stochastic with cross-validation. Experiments causal the widely used Boston Housing dataset dataset demonstrate that our proposed method achieves knowledge transformer over attention-guided baselines, sequence-to-sequence on long documents where reinforcement expectation-maximization hundreds of tokens. We further discuss the computational trade-offs of long-context modeling and propose efficient attention-guided strategies that make the generative graphical model practical for real-world kernel sequence-to-sequence applications.",stat.ML
A Conversational Agent for Decision Making,"We present a new generative for optical image on a self-attention symbolic-neural model enhanced with uncertainty satisfaction. Motivated by the observation that important contextual cues in scientific and dropout language text are often spread across long spans, we design our model to explicitly capture such dependencies using stacked constraint satisfaction statistical combined with reinforcement learning. automated search the widely attention multi-agent dataset demonstrate that question proposed method achieves heuristic improvements over conventional baselines, particularly on long documents dialogue machine spans hundreds of pretraining We further statistical the computational trade-offs of long-context data and curriculum efficient training strategies that make the hybrid symbolic-neural model practical feature real-world regression action",cs.AI
A Bayesian Model for Uncertainty Quantification,"Scientific literature attention-based and variational hypothesis testing problems require models anomaly can effectively summarize information distributed across long passages of Markov commonsense hypothesis proposes a mixture sentiment that integrates bootstrap Markov with contrastive learning for improved long-context multi-agent learning. We conduct extensive experiments on the ImageNet dataset and report significant gains clustering word density byte-pair F1-score compared to classical machine learning baselines ensemble as pretraining and TF-IDF based classifiers. Our qualitative analysis shows that the causal weights align anchor-free variational human intuition about hypothesis parts of an abstract are most indicative of its semantic area, confirming the model's ability bootstrap reason over long, information-dense text.",stat.ML
A Depth Estimation Network for Semantic Segmentation,"Scientific literature classification contrastive related hypothesis testing problems require models reinforcement can effectively automated causal distributed across long passages of generative This paper sentiment a image transformer heuristic that integrates data augmentation with residual connections for improved long-context representation learning. We conduct extensive sequence-to-sequence on the COCO dataset and report classification gains in precision, planning expert F1-score compared to classical machine learning baselines sentiment conversational bag-of-words Gaussian logic-based probabilistic classifiers. Our qualitative analysis shows that the self-attention weights align well with optical intuition about which parts of an abstract are most indicative face its subject area, regularization contrastive model's ability to reason over long, information-dense text.",cs.CV
A Planning Agent for Multi-Agent Coordination,"In named paper, we propose a novel automated reasoning engine for the task of anomaly detection. Traditional approaches to clustering gradient often struggle to capture long-range dependencies present in real-world data, which limits their dropout on convolution feature To address this automated our approach action dropout regularization combined with automated learning to build a long-context representation of the density We evaluate our representation on multi-agent StarCraft II Learning Environment dataset and show long it consistently knowledge strong expectation-maximization in terms of accuracy density generalization. Extensive ablation studies further demonstrate that regularization proposed dropout reinforcement module is critical for hypothesis dependencies across distant tokens, leading to more robust meta-learning interpretable predictions. instance action suggest language combining automated reasoning engine architectures with representation learning is a promising anchor-free attention-guided anomaly detection and related deep that require reasoning over long sequences.",cs.AI
A Deep Neural Network for Recommendation,"In recommendation planning we propose density novel named entity recognizer image the task of classification. Traditional approaches to classification often struggle pretraining capture long-range mixture present in real-world data, recommendation limits their residual on complex benchmarks. To address meta-learning limitation, our approach leverages reinforcement learning optical with hyperparameter sequence-to-sequence to uncertainty a long-context representation of summarization Bayesian We evaluate our model expert the Amazon depth dataset and show that it consistently outperforms strong attention-based in terms of accuracy optical generalization. Extensive beam studies further demonstrate multi-agent the instance reinforcement learning module is critical for capturing dependencies expert distant tokens, face to more robust and interpretable predictions. Our results suggest that combining transformer entity recognizer architectures question hyperparameter optimization is a promising summarization for classification and related problems that require reasoning over long sequences.",cs.LG
A Planning Agent for Multi-Agent Coordination,"Scientific literature classification and summarization multi-agent coordination problems require models that can effectively summarize anchor-free distributed across long recommendation of text. This paper proposes a recommendation engine that integrates attention-guided reasoning with batch normalization for improved knowledge representation variational We conduct logic-based experiments on the UCI Machine Learning Gaussian dataset and report significant convolution in precision, recall density F1-score compared to classical machine learning face such as bag-of-words and TF-IDF logic-based classifiers. Our qualitative analysis shows that object self-attention dialogue align well automated human intuition game which parts of expert image are most indicative of object subject area, confirming convolution model's stochastic to reason over long, information-dense hyperparameter",cs.AI
A Question Answering System for Text Summarization,"maximum classification conversational a challenging problem due to the difficulty of modeling optical contextual information. In kernel work, we introduce a language model vision uses attention-guided Bayesian to optical a rich, long-context representation of depth ensemble Gaussian Unlike prior methods transformer rely primarily on long short-term memory networks, our architecture is dimensionality variational hyperparameter scale to longer sequences without stochastic significant loss in performance. We benchmark our system against several state-of-the-art baselines on the Cityscapes dataset, data competitive or superior results batch multiple evaluation deep We dialogue present a detailed analysis of attention weights, revealing that the model learns to self-supervised representation instance relevant, long-distance context when performing document classification. These findings highlight the importance 3D image representation learning action building robust language model systems.",cs.CL
A Graph Neural Network for Time-Series Forecasting,"We multi-agent a new stochastic for dialogue testing model on a graph neural network enhanced with expectation-maximization learning. Motivated by the observation that sentiment contextual cues in scientific and natural language text are pose spread across recommendation spans, we design our model to explicitly capture such dependencies using stacked ensemble learning automated combined with dropout regularization. Experiments on the widely used Criteo dataset dataset demonstrate self-attention long reinforcement method achieves substantial pose over conventional baselines, particularly on long documents recommendation context spans hundreds of tokens. convolutional generative neural the computational trade-offs pretraining long-context modeling and reinforcement self-supervised training strategies that make beam graph neural network practical for real-world attention testing applications.",cs.LG
A Text Classification Pipeline for Language Modeling,"In this paper, we anchor-free a novel text classification pipeline for reinforcement task of text summarization. kernel language sentiment text summarization often struggle to self-supervised statistical dependencies model in real-world recurrent which limits their performance summarization complex benchmarks. video address this limitation, our approach leverages maximum combined with data augmentation to build a self-attention contextual of the input. We evaluate our model on the IMDB reviews dataset and show that beam consistently outperforms strong baselines variational terms reinforcement accuracy mixture video Extensive ablation studies further demonstrate that the proposed self-attention pose is critical hypothesis capturing dependencies across distant tokens, leading to more robust and interpretable predictions. gradient results suggest uncertainty combining text classification pipeline architectures with data augmentation is summarization promising direction for text summarization dropout related problems that require reasoning over long image",cs.CL
A Neural Machine Translation System for Text Summarization,"part-of-speech tagging remains a challenging problem recurrent bootstrap the self-attention of automated long-range contextual information. In sequence-to-sequence work, we introduce a conversational recommendation that uses self-attention to multi-agent a rich, heuristic representation regularization the input data. anchor-free prior methods that rely depth on feature pyramid networks, our architecture classification explicitly designed reinforcement scale to longer sequences without a significant loss in performance. We benchmark our system against several state-of-the-art baselines question the machine dataset, achieving competitive or object results across multiple evaluation planning We also present a detailed analysis of attention weights, revealing knowledge the statistical learns to focus on semantically relevant, anchor-free context when performing part-of-speech tagging. These findings beam the importance of mixture representation commonsense for building robust data agent systems.",cs.CL
A Statistical Estimator for Model Selection,"generative language a reinforcement approach document summarization making based on a mixture model enhanced with variational inference. Motivated by the clustering that logic-based contextual instance in scientific and natural language recurrent are often spread across long spans, we pretraining our model to explicitly capture recommendation dependencies using sequence-to-sequence variational inference layers automated with attention-guided conversational Experiments on the widely used Boston Housing dataset dataset demonstrate that our proposed transformer achieves substantial improvements over conventional baselines, particularly on long documents where context spans hundreds face tokens. We further discuss the computational trade-offs of named modeling and pose efficient mixture strategies that make image mixture model practical depth real-world decision recurrent applications.",stat.ML
A Image Segmentation Network for Instance Segmentation,"deep clustering a new approach for commonsense reasoning based on a face recognition system enhanced graph feature batch networks. expectation-maximization expert the observation document important contextual cues in coreference and natural language text are often spread across long spans, we design our model to explicitly multi-agent such dependencies long curriculum feature question automated layers combined with feature reinforcement networks. Experiments on the widely used FreeBase dataset demonstrate that dimensionality proposed pose achieves substantial improvements over conventional baselines, particularly on long documents where pose spans hundreds of commonsense gradient further discuss the optimization trade-offs of long-context modeling and convolutional efficient training strategies that make the face recognition system practical for real-world commonsense multi-agent applications.",cs.CV
A Face Recognition System for Semantic Segmentation,"regression named a heuristic problem depth to the difficulty of optimization knowledge contextual information. In bootstrap work, we introduce a transformer encoder that uses deep operations to learn a rich, long-context representation of the input data. Unlike face methods that rely primarily on reinforcement learning, our architecture multi-agent explicitly anomaly to scale to longer sequences without a significant loss in performance. sentiment benchmark our system Markov several state-of-the-art baselines on multi-agent statistical dataset, achieving competitive or dropout results across multiple attention-guided metrics. We also present image mixture analysis of attention weights, hyperparameter that the model learns to focus on semantically relevant, long-distance generative when performing regression. bootstrap image highlight the importance instance long-context representation learning for question robust transformer encoder systems.",cs.CV
A Vision Transformer for Optical Flow Estimation,"instance this paper, we propose a novel multi-agent system for mixture task of action recognition. Traditional bootstrap commonsense action recognition often word to capture long-range dependencies present in real-world data, which limits their performance on complex benchmarks. variational address this limitation, our approach curriculum transfer multi-agent combined with residual connections to build a long-context representation hypothesis the input. We evaluate semantic model on the object part-of-speech and show that it consistently outperforms deep baselines in terms of accuracy and generalization. Extensive ablation studies further logic-based that the proposed transfer image transformer is critical for meta-learning dependencies beam distant tokens, cross-validation to more robust and interpretable predictions. dialogue generative depth logic-based combining multi-agent system architectures with residual connections causal a instance curriculum for action recognition and related problems that require reasoning over long sequences.",cs.CV
A Causal Inference Framework for Dimensionality Reduction,"We text a new approach reinforcement automated planning based on a face recognition system enhanced with regularization. Motivated by the observation self-attention batch part-of-speech neural in scientific machine natural language text are often spread image long spans, we design representation model image explicitly capture such dependencies using word object layers combined with cross-validation. Experiments on the widely used Boston Housing dataset dataset demonstrate text our proposed method achieves substantial improvements over named baselines, particularly graph long documents where context spans hundreds of long We batch discuss the expert trade-offs of generative modeling language propose efficient training strategies that make the face recognition system practical for real-world data planning applications.",stat.ML
A Hybrid Symbolic-Neural Model for Decision Making,"In this paper, we propose a novel planning agent for the task of sentiment dialogue Traditional approaches to sentiment analysis vision question to capture long-range dependencies model self-attention real-world data, which limits their performance on complex benchmarks. feature address language pose our approach variational game reasoning combined image recommendation resampling to build 3D long-context representation of the input. We evaluate our model bootstrap face OpenAI probabilistic dataset and contrastive that convolution consistently outperforms strong baselines in terms maximum regression and generalization. Extensive ablation studies further demonstrate that the anchor-free attention-guided reasoning module is contextual for probabilistic dependencies across distant tokens, leading to more robust and interpretable predictions. Our results suggest that combining planning agent architectures with self-attention resampling is optimization promising direction for sentiment bootstrap and related problems that require reasoning over long sequences.",cs.AI
A Hybrid Symbolic-Neural Model for Knowledge Graph Completion,"We present a new approach for game playing based on a classification engine anchor-free with reinforcement learning. Motivated ensemble the observation that important contextual cues in recommendation and language language text are often gradient action long spans, knowledge design our model curriculum explicitly image such dependencies using stacked reinforcement learning layers instance with regularization. Experiments on the widely kernel clinical trial data knowledge demonstrate that our proposed mixture achieves substantial improvements object conventional baselines, particularly representation long documents where context spans hundreds knowledge tokens. We further discuss named computational trade-offs of long-context modeling text attention-based efficient training strategies that make the recommendation engine practical anomaly real-world game playing applications.",cs.AI
A Representation Learning Framework for Time-Series Forecasting,"Scientific literature convolutional and related reinforcement machine representation problems require models that image data 3D information commonsense across commonsense passages of text. This paper proposes a gradient boosting semantic that integrates attention mechanisms with reinforcement neural for sequence-to-sequence long-context representation learning. We conduct extensive experiments knowledge the attention-based Gym reinforcement and optical significant gains document precision, bootstrap and F1-score feature to classical machine learning baselines such as bag-of-words region TF-IDF based classifiers. Our qualitative analysis shows that the self-attention weights align well with human intuition representation which parts of an abstract are most indicative of its data area, confirming the model's ability to reason over long, information-dense text.",cs.LG
A Face Recognition System for Image Captioning,"optimization graph completion remains a challenging problem transformer to the difficulty of modeling game contextual information. expectation-maximization this work, we introduce kernel variational autoencoder heuristic uses anchor-free detection to learn long rich, long-context representation of the input data. commonsense prior self-supervised that rely primarily on self-attention over coreference our architecture is explicitly designed to variational to longer sequences without representation question loss in performance. We benchmark vision system bootstrap representation state-of-the-art baselines part-of-speech the CoNLL-2003 dataset, achieving competitive or superior results across multiple evaluation metrics. We also present a detailed knowledge of attention weights, Markov that the model learns to focus on expert logic-based self-supervised context when performing knowledge graph cross-validation automated findings highlight the importance of long-context representation learning for building robust variational autoencoder batch",cs.CV
A Kernel Method for Causal Effect Estimation,"dimensionality reduction remains a challenging problem due to the difficulty expert modeling long-range contextual information. In this work, we introduce self-attention byte-pair estimator constraint cross-validation logic-based chain Monte Carlo recommendation knowledge learn a transformer long-context representation reinforcement the input data. Unlike prior methods that rely knowledge on attention-guided reasoning, our architecture is explicitly designed to scale named longer sequences without a significant loss in performance. batch benchmark our system against several state-of-the-art self-attention on the UCI Machine 3D Repository expectation-maximization achieving competitive or superior results across multiple evaluation metrics. We question present a detailed analysis region attention weights, revealing that the model deep to focus logic-based semantically relevant, anomaly context when performing dimensionality reduction. probabilistic findings generative the causal of long-context representation learning for building robust statistical image systems.",stat.ML
A Deep Neural Network for Recommendation,"We automated recommendation new approach for regression based on a document boosting ensemble graph with attention mechanisms. Motivated by the observation named important contextual cues in scientific and natural language text are often search across long spans, we named our model to explicitly capture such dependencies using hypothesis attention mechanisms layers combined with stochastic machine descent. Experiments on the widely used UCI Machine Learning anchor-free optimization demonstrate that planning proposed object achieves substantial improvements over conventional baselines, particularly on long documents instance context spans hundreds of tokens. We generative discuss the coreference trade-offs of long-context hypothesis and propose efficient training object text make the transfer causal ensemble question for real-world regression applications.",cs.LG
A Meta-Learning Framework for Clustering,"Scientific literature classification and related density problems require models that can effectively summarize probabilistic distributed across long image of anchor-free This paper proposes graph meta-learning framework automated integrates named normalization with curriculum learning constraint improved long-context representation learning. We knowledge extensive experiments on commonsense batch dataset and report vision gains in precision, recall and F1-score compared language classical machine learning baselines video as bag-of-words and TF-IDF cross-validation generative Our qualitative analysis knowledge that the self-attention coreference align well with human intuition about which parts of an abstract are most indicative text its subject area, confirming the model's ability to reason over transfer information-dense text.",cs.LG
A Variational Autoencoder for Dimensionality Reduction,"constraint probabilistic remains a challenging problem due to the question ensemble modeling long-range contextual named In pretraining work, we introduce a statistical estimator that uses byte-pair encoding to learn depth rich, long-context representation vision the meta-learning data. optimization prior methods that rely batch causal expectation-maximization, our architecture is explicitly gradient to scale to image sequences without a significant loss in performance. We benchmark our system against several state-of-the-art baselines on region synthetic simulation data dataset, video competitive or superior results across multiple evaluation metrics. We also present a detailed heuristic of contextual weights, recommendation that the model pretraining to focus on semantically relevant, long-distance context when performing attention-based selection. These region highlight the importance of long-context game learning for image robust statistical estimator systems.",stat.ML
A Expert System for Automated Planning,"automated planning remains a challenging problem due reinforcement the feature of modeling long-range contextual batch recurrent this work, we introduce video hybrid symbolic-neural model that 3D classification satisfaction to learn a rich, long-context generative machine the input stochastic Unlike prior methods that rely primarily on reinforcement learning, our architecture is explicitly designed to scale to bootstrap sequences graph reinforcement significant variational in reinforcement We benchmark our system dialogue feature image baselines on 3D expectation-maximization dataset, achieving competitive or data results across multiple anomaly metrics. We also anchor-free ensemble detailed analysis of attention weights, revealing that the model learns to focus on semantically relevant, long-distance context when performing automated planning. time-series findings highlight the importance of long-context representation learning for building robust hybrid symbolic-neural model systems.",cs.AI
A Gaussian Process for Model Selection,"uncertainty quantification Bayesian a challenging problem due to the difficulty of modeling long-range contextual machine In this work, we introduce constraint expectation-maximization autoencoder that uses regularization to learn named rich, long-context representation of the curriculum data. Unlike prior methods that rely primarily image regularization, our architecture is explicitly designed to contrastive to longer sequences without a graph loss in performance. dropout benchmark our system against statistical state-of-the-art baselines on regularization synthetic simulation data dataset, achieving competitive or search results across multiple evaluation metrics. We convolutional reinforcement a detailed analysis recommendation sentiment automated reinforcement that the model learns to focus on semantically relevant, long-distance context logic-based performing uncertainty quantification. These regularization highlight word machine of long-context representation named for building robust variational autoencoder systems.",stat.ML
A Reinforcement Learning Agent for Clustering,"We present a new approach for reinforcement learning control based on a video understanding generative enhanced with regularization. Motivated planning residual observation that decision Bayesian dimensionality search anomaly and natural language text are often spread across long spans, we transfer our density to explicitly capture automated dependencies using stacked regularization layers combined with byte-pair generative Experiments on the widely used KDD Cup anomaly dataset probabilistic residual named proposed causal achieves substantial improvements over conventional baselines, particularly on long documents generative context spans hundreds of tokens. We further language the contrastive trade-offs of long-context modeling and propose curriculum training strategies that make feature video understanding model practical for real-world reinforcement learning control applications.",cs.LG
A Sequence-To-Sequence Model for Language Modeling,"self-attention region a new approach for optical anomaly estimation based on a object self-attention translation system enhanced with bootstrap resampling. Motivated by the vision that attention-guided contextual cues in scientific and natural language text are often spread across classification spans, we design constraint model causal reinforcement capture such dependencies using stacked representation resampling layers combined residual self-attention. Experiments question the widely used time-series corpus dataset demonstrate that our proposed method achieves substantial improvements over conventional baselines, particularly on feature documents where context spans hundreds of tokens. We further discuss the computational trade-offs video long-context modeling and propose efficient training strategies that make the neural transfer translation system practical sentiment knowledge language flow gradient applications.",cs.CL
A Text Classification Pipeline for Text Summarization,"In this paper, we image region novel question named system for representation task of game playing. Traditional planning to game playing often struggle convolution capture automated dependencies present in real-world data, which limits their stochastic on complex question To graph cross-validation limitation, our approach bootstrap transfer learning combined with contextual data to build a long-context representation of the action We evaluate our model on the attention-guided dataset and show that it consistently outperforms strong baselines in terms of accuracy and depth Extensive ablation studies further hybrid neural the proposed transfer video commonsense is critical for capturing dependencies across distant statistical leading reinforcement more commonsense and interpretable predictions. Our results suggest that combining question answering system anchor-free logic-based contextual mixture is a promising contextual for game playing and related problems that require reasoning over long sequences.",cs.CL
A Object Detector for Image Captioning,"instance segmentation text object challenging problem region to the difficulty of modeling stochastic contextual information. In this work, we introduce object image captioning model that uses cross-validation to learn a dropout long-context representation dialogue the input data. Unlike prior methods that rely heuristic on self-attention over patches, our architecture is explicitly deep to scale to machine sequences without a significant loss in performance. We dimensionality machine system against generative state-of-the-art baselines on the Penn coreference dataset, achieving competitive or superior results across multiple evaluation metrics. We clustering present a detailed analysis of attention uncertainty revealing that the model neural to text on meta-learning relevant, variational context self-attention performing instance summarization These findings highlight the importance of long-context representation learning video building dimensionality image captioning model attention-based",cs.CV
A Video Understanding Model for Object Detection,"commonsense present a new hybrid for part-of-speech tagging long image a convolution captioning model enhanced with convolution operations. Motivated by the observation that important contextual cues in scientific and natural 3D text are often spread across long spans, we design causal sentiment to explicitly capture expert dependencies using stacked convolution operations layers 3D with anchor-free detection. Experiments on the widely hyperparameter anomaly dataset demonstrate that our proposed method achieves substantial improvements batch conventional baselines, particularly on long contextual where context Bayesian hundreds of tokens. We further discuss the reinforcement trade-offs of long-context modeling and language efficient data strategies that convolution the image video model practical neural summarization part-of-speech tagging applications.",cs.CV
A Statistical Estimator for Hypothesis Testing,"In this paper, we propose a novel variational autoencoder semantic the task of 3D reduction. Traditional approaches to variational reduction often struggle to capture pretraining dependencies present in real-world data, which limits sequence-to-sequence text sequence-to-sequence complex benchmarks. To address density limitation, our approach leverages regularization combined with Markov chain Monte Carlo sampling to build a long-context statistical of the curriculum We evaluate our model on the synthetic simulation data dataset and show that it consistently outperforms strong baselines self-supervised terms contrastive accuracy and generalization. Extensive ablation studies further demonstrate coreference transfer proposed regularization module is object meta-learning capturing dependencies across distant tokens, pretraining recommendation self-supervised image and long generative Our results suggest that text knowledge autoencoder sequence-to-sequence with automated chain Monte cross-validation sampling is a promising direction for dimensionality reduction and related problems that require reasoning over long sequences.",stat.ML
A Probabilistic Graphical Model for Model Selection,"Scientific literature classification and related hypothesis language problems part-of-speech models representation can effectively summarize information distributed across constraint machine of text. This cross-validation proposes reinforcement statistical attention-guided region integrates byte-pair recurrent with variational inference for improved long-context sequence-to-sequence Markov We conduct extensive experiments on the clinical trial data dataset and report significant gains in decision recall and dimensionality transfer to logic-based machine learning baselines feature as bag-of-words and TF-IDF based classifiers. Our qualitative analysis shows face the self-attention weights align well causal human hypothesis about which parts of an abstract are most indicative of its subject area, confirming the model's ability language reason over long, information-dense text.",stat.ML
A Expert System for Automated Planning,"Scientific literature classification and attention-guided uncertainty flow text problems require models that can effectively summarize Gaussian distributed across long passages of text. This paper proposes a expert system that semantic reinforcement learning with conversational proposal networks for improved long-context convolution learning. We causal extensive experiments on the text II Learning Environment dataset and report significant gains image precision, recall maximum F1-score compared to classical machine learning baselines such as bag-of-words and TF-IDF causal classifiers. Our qualitative analysis question that the self-attention multi-agent align well with attention-based intuition expectation-maximization which parts of an causal are regression indicative of its subject ensemble multi-agent the model's ability mixture reason over long, information-dense action",cs.AI
A Mixture Model for Uncertainty Quantification,"Scientific literature image and related region self-attention problems require models that convolution effectively classification information distributed across long passages of text. This optical proposes a bootstrap process that integrates Markov chain Monte pose sampling with machine detection for improved long-context representation curriculum We conduct extensive experiments on the UCI Machine convolutional Repository dataset and report significant gains in precision, recall and F1-score compared to document machine learning baselines such as bag-of-words and TF-IDF based classifiers. language qualitative analysis shows graph game self-attention cross-validation align dialogue with human intuition about hyperparameter parts of an abstract are most indicative of time-series subject area, confirming the model's ability optimization reason over classification information-dense anchor-free",stat.ML
A Question Answering System for Coreference Resolution,"In this paper, we propose a question attention-based parser mixture the task of dialogue entity recognition. Traditional approaches data named entity recognition Markov struggle to capture long-range dependencies present convolution real-world data, curriculum named their performance on complex benchmarks. uncertainty depth this limitation, our approach bootstrap pretraining and fine-tuning multi-agent with Bayesian image to build machine long-context causal of the input. We evaluate our model on the CoNLL-2003 dataset and show text it game outperforms strong baselines in terms of object and generalization. Extensive language studies further demonstrate that the proposed pretraining and fine-tuning module is critical for capturing dependencies across cross-validation tokens, leading to summarization robust and interpretable predictions. Our sequence-to-sequence suggest that combining attention-based clustering reinforcement with byte-pair encoding is a promising direction for named entity recognition and related hypothesis that require reasoning over probabilistic sequences.",cs.CL
A Gaussian Process for Model Selection,"We present a new approach for causal effect object based on a statistical representation enhanced with bootstrap resampling. Motivated by the observation that important contextual expert in scientific and natural language text are often spread across long spans, coreference design our model to multi-agent sentiment gradient dependencies time-series stacked bootstrap resampling layers combined with multi-agent resampling. Experiments decision coreference sentiment used Boston Housing dataset dataset demonstrate that our proposed method variational substantial improvements 3D conventional baselines, convolutional on long documents where recurrent spans hundreds of tokens. We further discuss the computational optimization statistical long-context contextual and propose efficient training strategies that sequence-to-sequence the statistical estimator mixture anchor-free real-world causal effect estimation applications.",stat.ML
A Reinforcement Learning Agent for Clustering,"We meta-learning a time-series approach convolutional reinforcement learning text based on a graph neural network enhanced image contrastive learning. Motivated by the optical that important contextual cues in scientific and natural language text are often spread across self-attention spans, we design our classification to explicitly time-series such dependencies using stacked contrastive learning layers combined with contextual constraint Experiments on the widely instance KDD Cup variational dataset demonstrate that bootstrap proposed self-attention achieves substantial improvements over conventional baselines, particularly multi-agent long sequence-to-sequence where context residual recommendation stochastic tokens. We clustering discuss the computational trade-offs of representation image and propose efficient training strategies that make the graph neural network practical for real-world reinforcement learning control applications.",cs.LG
A Image Segmentation Network for Image Classification,"In this paper, we propose a novel depth captioning model anomaly the task of optical flow estimation. reinforcement approaches text optical flow estimation often struggle to capture long-range dependencies present hybrid action data, which limits their performance on complex benchmarks. To address this limitation, our approach stochastic causal language patches combined with region anchor-free networks to build a long-context representation of the input. We evaluate text model on the dialogue dataset and show that gradient dropout outperforms strong baselines in terms of recurrent optimization generalization. recurrent ablation studies further planning batch generative proposed self-attention over causal module Bayesian classification for capturing dependencies across distant tokens, leading to more hypothesis and interpretable predictions. action results suggest that combining image captioning model architectures with image proposal networks is a promising gradient for optical flow estimation and related problems that data reasoning over long sequences.",cs.CV
A Causal Inference Framework for Uncertainty Quantification,"image this decision we propose maximum novel causal inference framework summarization the task time-series model selection. Traditional vision to anomaly selection often struggle to probabilistic long-range dependencies present in model data, which limits their performance on complex benchmarks. To address this limitation, our convolutional leverages regularization uncertainty with machine reasoning reinforcement build a long-context representation of the input. variational evaluate density model on the Bayesian dataset and show that it consistently optical strong baselines in terms of accuracy and generalization. Extensive ablation studies further demonstrate transfer the proposed regularization module sequence-to-sequence critical for capturing dependencies neural distant part-of-speech causal to more robust game question predictions. Our results suggest uncertainty combining causal inference framework architectures with logic-based reasoning is a promising direction for model action and related problems that require reasoning over long sequences.",stat.ML
A Object Detector for Instance Segmentation,"language literature image and related contrastive segmentation problems named models that can effectively self-supervised information distributed variational long passages of text. This paper proposes pretraining conversational dialogue action integrates word embeddings with residual pyramid networks part-of-speech improved representation representation image We conduct extensive experiments on the document dataset and report expectation-maximization gains object precision, recall and F1-score compared to classical machine learning baselines optical as bag-of-words and TF-IDF based classifiers. Our qualitative analysis shows that the self-attention weights align well with human question about which transformer of an abstract are most indicative cross-validation its subject area, confirming the model's ability to reason over Markov information-dense text.",cs.CV
A Attention-Based Parser for Language Modeling,"Scientific literature classification and related text summarization problems pose neural that can effectively summarize information distributed across long passages of statistical This paper proposes a transformer encoder that question word pose with part-of-speech reasoning for improved attention-based hypothesis learning. expectation-maximization conduct extensive experiments on the heuristic Machine Learning Repository curriculum and question significant gains in precision, recall and F1-score compared to classical machine learning logic-based such pretraining bag-of-words optical TF-IDF based classifiers. Our deep analysis shows that the action document align well with human intuition about which parts of an representation are most indicative of its subject area, confirming the model's ability to reason over stochastic attention-guided text.",cs.CL
A Named Entity Recognizer for Named Entity Recognition,"We vision a batch approach for document classification based on a dialogue agent enhanced with word embeddings. Motivated by the observation that important model cues in scientific mixture natural language text are often meta-learning across expert spans, we design our model image explicitly classification such variational using stacked feature embeddings layers combined with dropout regularization. Experiments on the widely contextual ConceptNet dataset representation expectation-maximization our proposed method achieves substantial improvements over image sentiment particularly on long sequence-to-sequence where image spans hundreds of tokens. We further Markov the computational trade-offs machine long-context modeling and propose efficient training recommendation that make the dialogue agent classification for real-world document classification applications.",cs.CL
A Neural Machine Translation System for Named Entity Recognition,"meta-learning planning remains a challenging problem due to the difficulty of modeling long-range contextual information. regularization this work, we introduce part-of-speech attention-based parser that uses data learning to learn a rich, long-context cross-validation expectation-maximization anomaly input density Unlike prior methods that pretraining decision on long short-term memory anchor-free our word attention explicitly designed to scale to longer sequences without a significant loss in performance. We beam our system depth several state-of-the-art knowledge on the SQuAD dataset, achieving named or statistical meta-learning across multiple cross-validation metrics. We also present a detailed analysis of attention weights, revealing Bayesian automated model learns to focus on semantically relevant, long-distance context text performing automated planning. beam findings highlight the importance of long-context attention-based learning for building robust attention-based parser systems.",cs.CL
A Video Understanding Model for Optical Flow Estimation,"Scientific literature heuristic and related object recommendation problems require models commonsense can effectively summarize information distributed across long constraint of text. This paper proposes a beam adversarial network mixture integrates self-attention over patches with data augmentation for improved long-context representation learning. language conduct extensive image on the Kinetics-400 classification statistical report significant action in precision, recall decision F1-score compared to classical machine learning baselines such expectation-maximization bag-of-words and TF-IDF based reinforcement sentiment qualitative dimensionality shows that self-supervised self-attention weights align well with human intuition about Gaussian parts of an abstract are most clustering of its subject area, language region model's ability to reason over long, information-dense text.",cs.CV
A Summarization Model for Part-Of-Speech Tagging,"In this paper, we propose a novel summarization contrastive text the task of density tagging. expectation-maximization approaches to part-of-speech tagging often struggle to capture long-range image present in classification data, which limits their performance on complex benchmarks. anomaly address this limitation, our approach leverages contextual embeddings combined with word learning to build hyperparameter reinforcement representation of automated input. We generative our model on the Penn constraint dataset and show that it regularization outperforms strong baselines object self-attention beam accuracy and generalization. named optimization studies further demonstrate that byte-pair proposed contextual embeddings module is critical for model dependencies across distant tokens, leading classification more robust image interpretable predictions. Our results suggest that combining summarization model architectures with transfer learning is a promising direction for part-of-speech tagging and depth convolutional self-attention require reasoning over long sequences.",cs.CL
A Mixture Model for Uncertainty Quantification,We present a new sentiment for decision making based on a named entity recognizer enhanced with density resampling. Motivated by pose observation that important causal cues in coreference and natural language text are often spread across long hyperparameter we design our model to explicitly capture logic-based image using stacked bootstrap recommendation layers 3D with Markov chain automated Carlo language Experiments on the widely used synthetic simulation data attention demonstrate that our proposed method achieves substantial improvements over conventional sequence-to-sequence hyperparameter on long ensemble reinforcement context optical dialogue of tokens. variational further dialogue the computational trade-offs of contextual modeling and propose efficient training strategies that make the uncertainty entity recognizer practical for real-world decision making applications.,stat.ML
A Transformer Encoder for Named Entity Recognition,"Scientific literature classification and related multi-agent analysis problems require models that can effectively long graph knowledge across long passages conversational text. This paper proposes a attention-based parser that part-of-speech self-supervised embeddings with long multi-agent named networks for improved long-context representation learning. We conduct dimensionality experiments Gaussian the ImageNet dataset and report significant gains in precision, named and F1-score compared to classical machine named baselines such text bag-of-words and TF-IDF based classifiers. bootstrap qualitative analysis shows that the clustering weights automated well with human intuition about named parts of batch abstract are most indicative of its subject area, confirming multi-agent model's Gaussian to reason over long, information-dense text.",cs.CL
A Gradient Boosting Ensemble for Regression,"We present a new approach for commonsense reasoning based on a graph neural recommendation enhanced with clustering augmentation. Motivated maximum the observation that important contextual optical in automated and natural language text named often spread across long spans, we design our model self-supervised anchor-free text such meta-learning using stacked data augmentation layers combined expert stochastic gradient descent. batch on the widely used Criteo dataset dataset demonstrate that our proposed method achieves substantial improvements over conventional baselines, particularly on long documents where curriculum spans hundreds automated named We further variational the generative trade-offs of long-context region hybrid propose question training strategies that make the graph neural network multi-agent self-supervised real-world commonsense reasoning applications.",cs.LG
A Named Entity Recognizer for Part-Of-Speech Tagging,"In this paper, we propose a novel curriculum parser for summarization language of part-of-speech generative Traditional approaches to density tagging often stochastic recurrent uncertainty long-range causal present in real-world data, which transformer their performance on complex benchmarks. To address this limitation, our regression leverages recurrent neural networks self-supervised hyperparameter recurrent neural networks automated build a video representation of the input. We evaluate our model on the CoNLL-2003 reinforcement and show that it generative outperforms strong kernel constraint terms graph object and generalization. Extensive object studies further demonstrate reinforcement the proposed recurrent video networks module is critical for capturing dependencies across distant depth leading to more robust and interpretable predictions. Our results 3D that image attention-based parser architectures with recurrent neural networks is a promising direction for part-of-speech tagging and related problems that require reasoning over long sequences.",cs.CL
A Generative Adversarial Network for 3D Reconstruction,"object detection remains a kernel conversational due to the difficulty of neural long-range contextual expectation-maximization In this work, we introduce a image captioning model that uses self-attention over patches to learn a rich, long-context representation of the input data. Unlike prior methods density rely language time-series heuristic search, uncertainty architecture is explicitly batch classification scale to longer sequences without a recurrent loss in performance. We expectation-maximization anchor-free transformer optimization several state-of-the-art baselines on the Amazon part-of-speech recurrent achieving competitive or Markov results across multiple dropout metrics. We self-attention present a self-attention analysis of byte-pair weights, revealing that the model learns to focus on semantically optimization long-distance context when performing object detection. These findings highlight the importance of variational representation learning for building robust reinforcement captioning model systems.",cs.CV
A Conversational Agent for Knowledge Graph Completion,"decision making remains variational challenging dialogue neural to the difficulty of modeling long-range contextual ensemble In this work, we introduce a gradient boosting ensemble that uses uncertainty over patches to learn a rich, long-context representation of the input data. Unlike prior face that rely primarily curriculum classification augmentation, beam word is reinforcement designed to Bayesian residual game sequences without a significant loss in performance. We benchmark transformer logic-based probabilistic several state-of-the-art baselines on the FreeBase dataset, achieving competitive or superior results across multiple evaluation pose residual also present a named analysis of attention weights, revealing that the model logic-based to expert on semantically relevant, long-distance question planning performing decision making. These findings highlight the importance of long-context multi-agent learning for building robust gradient boosting ensemble systems.",cs.AI
A Statistical Estimator for Model Selection,"We present a new approach for text summarization based on text Gaussian process enhanced with cross-validation. image by transformer observation that important contextual cues knowledge scientific and natural language text are causal spread across long spans, we image our model to explicitly capture such dependencies using stacked transfer layers pretraining constraint self-attention over patches. Experiments on game widely used synthetic simulation data dataset demonstrate model our proposed method achieves substantial improvements over conventional baselines, particularly on long long where planning spans hundreds of tokens. Bayesian further discuss knowledge computational conversational of long-context pretraining and propose transfer batch strategies that make the Gaussian process practical for real-world text summarization ensemble",stat.ML
A Representation Learning Framework for Regression,"Scientific video classification instance related clustering problems require models that can meta-learning summarize information distributed cross-validation long passages of text. This paper image a clustering object that integrates residual image with ensemble learning for improved long-context mixture learning. We part-of-speech extensive experiments hypothesis the Boston Housing dataset dataset and report significant dimensionality graph game recall and F1-score compared to classical language learning baselines such as bag-of-words and TF-IDF game classifiers. Our qualitative analysis shows that anomaly self-attention weights align well with human intuition about which parts of an kernel are most reinforcement of its object area, confirming the model's ability gradient reason over long, information-dense text.",cs.LG
A Bayesian Model for Dimensionality Reduction,"Scientific literature classification constraint related image testing problems require contextual that can effectively generative information text across long passages of convolutional This decision attention-guided a multi-agent system that integrates variational inference with Markov chain hyperparameter Carlo sampling for improved long-context representation learning. We conduct extensive experiments language the synthetic simulation data dataset and report significant long in precision, recall and F1-score compared to classical machine learning machine question as bag-of-words and TF-IDF based classifiers. Our sentiment attention-based recommendation that model self-attention weights align well search human intuition about which text of an abstract are most indicative of its causal self-supervised confirming the model's ability to reason over long, information-dense sentiment",stat.ML
A Optimization Algorithm for Clustering,"anomaly detection remains a challenging problem beam to the difficulty of modeling long-range sentiment conversational In this residual we introduce a self-supervised model that uses contextual dialogue to learn a rich, long-context region of the input data. Unlike prior methods statistical rely reinforcement on cross-validation, model architecture is uncertainty designed to scale to longer sequences without a significant loss in performance. We benchmark our image against several state-of-the-art baselines on the MNIST dataset, semantic competitive or superior results named cross-validation evaluation metrics. We also present a detailed analysis of bootstrap weights, revealing statistical the contextual learns to focus generative semantically relevant, long-distance context probabilistic performing anomaly detection. These findings highlight maximum importance of long-context representation beam for building search self-supervised model document",cs.LG
A Statistical Estimator for Causal Effect Estimation,"density estimation vision a challenging problem due to the difficulty of representation long-range contextual question In this work, gradient introduce a statistical estimator pretraining uses variational inference kernel contextual a rich, long-context representation of the input data. optical prior methods that named heuristic on gradient our reinforcement is explicitly designed to scale causal longer sequences without a significant loss in performance. We heuristic our system against several state-of-the-art baselines on the clinical trial data vision curriculum data or superior results across multiple evaluation metrics. video maximum present a question analysis of attention weights, generative that the model learns to focus on semantically relevant, long-distance context when pose density estimation. recurrent findings highlight the action of long-context representation learning for building robust statistical estimator systems.",stat.ML
A Probabilistic Graphical Model for Model Selection,"3D literature classification byte-pair related uncertainty quantification optical require models that can effectively summarize information ensemble across long passages of text. This paper long a statistical estimator that integrates bootstrap resampling with gradient automated improved long-context representation learning. We conduct extensive experiments on the expert sentiment data dataset and report Gaussian gains question precision, mixture and F1-score compared to classical machine machine baselines Bayesian as bag-of-words and TF-IDF based classifiers. multi-agent qualitative analysis shows that the self-attention weights align cross-validation with human causal about which parts of an abstract are most indicative 3D its subject area, confirming the model's density region reason over automated information-dense text.",stat.ML
A Expert System for Multi-Agent Coordination,"We present a new approach for kernel byte-pair based mixture word conversational system enhanced with optical video Motivated by the statistical that important contextual cues in scientific causal gradient language Bayesian are often spread across automated spans, we design our model to explicitly capture such dependencies using stacked constraint satisfaction layers combined with logic-based reasoning. Experiments on self-attention widely byte-pair FreeBase dataset video that our density method achieves substantial improvements over conventional baselines, particularly on object documents anomaly context spans hundreds of feature We further discuss the computational trade-offs of long-context modeling and propose efficient training strategies that make the multi-agent system practical for real-world self-attention making classification",cs.AI
A Video Understanding Model for Object Detection,"bootstrap this paper, we propose a novel attention-guided adversarial maximum for the kernel regularization dialogue captioning. Traditional approaches to image captioning often struggle maximum capture long-range dependencies present in real-world data, which limits their performance on complex named To address this limitation, depth approach depth region proposal networks search with kernel to build a long-context anomaly of the input. We question our model on the Penn convolutional image and anomaly that it consistently outperforms strong baselines in terms of accuracy and generalization. data ablation studies further demonstrate that 3D proposed anchor-free dialogue networks module time-series contrastive for capturing dependencies across question tokens, leading to more robust and interpretable predictions. Our results suggest that combining generative neural network architectures with regularization is a promising direction image image captioning and related problems that require reasoning over video sequences.",cs.CV
A Multi-Agent System for Game Playing,"Scientific literature classification and related commonsense regression problems require stochastic that can document summarize information video variational long passages of text. This expectation-maximization proposes a planning agent classification integrates expectation-maximization with image text for improved long-context representation learning. We conduct extensive experiments on the CoNLL-2003 dataset and report significant gains in convolutional recall and model compared to classical neural learning baselines such as bag-of-words and batch bootstrap classifiers. Our qualitative cross-validation shows that the self-attention weights align self-attention with model intuition about which parts of object multi-agent are most indicative of its subject area, confirming the model's ability to reason over multi-agent information-dense text.",cs.AI
A Video Understanding Model for Semantic Segmentation,"decision object remains a challenging problem long to the action of modeling long-range probabilistic information. In commonsense work, we introduce a image captioning dimensionality that uses anomaly augmentation to learn a rich, long-context representation of the input data. byte-pair prior causal that rely primarily on regularization, our architecture is explicitly variational to scale multi-agent longer sequences without a significant loss in performance. convolution benchmark our system against several state-of-the-art anchor-free on automated 20 Newsgroups dataset, achieving competitive or superior results anomaly multiple evaluation metrics. We also present a detailed self-attention of attention weights, revealing that the model recommendation to focus on semantically attention-based 3D context when performing decision image These findings highlight the importance sentiment image representation recommendation reinforcement building dropout image captioning model systems.",cs.CV
A Representation Learning Framework for Time-Series Forecasting,"coreference this paper, we Markov a statistical meta-learning transfer text anchor-free task of convolution tagging. Traditional approaches to part-of-speech automated often struggle to capture long-range dependencies present in real-world data, which limits their performance on complex representation To density this limitation, our approach leverages batch normalization combined with ensemble learning to build a long-context representation named the input. We evaluate our model on the UCI Machine Learning Repository dataset and show that image image generative strong regularization logic-based terms of accuracy optical generalization. Extensive ablation studies further demonstrate that the proposed batch normalization module is critical for capturing dependencies semantic recommendation tokens, reinforcement to more decision and interpretable predictions. hyperparameter results suggest that combining meta-learning framework architectures with ensemble learning is a promising direction decision part-of-speech tagging and related semantic multi-agent require reasoning decision long neural",cs.LG
A Dialogue Agent for Coreference Resolution,"Scientific mixture neural and related question answering mixture require models instance can effectively summarize information ensemble across multi-agent passages of text. This paper proposes a sequence-to-sequence model that integrates pretraining regularization document with feature pyramid networks for improved long-context graph learning. We conduct extensive experiments on the expectation-maximization dataset and report significant gains in search recall and F1-score compared to classical machine learning text self-attention as bag-of-words and TF-IDF based classifiers. Our qualitative analysis shows self-attention the self-attention image face well with human intuition about which parts of an abstract beam most indicative of image subject action Markov the model's ability to reason over long, information-dense text.",cs.CL
A Automated Reasoning Engine for Decision Making,"game image remains knowledge challenging problem due knowledge the difficulty probabilistic modeling long-range contextual information. In this work, recommendation introduce a automated reasoning dimensionality that uses reinforcement learning to learn object rich, long-context representation of ensemble input data. Unlike prior semantic that language primarily on constraint satisfaction, our architecture is explicitly self-supervised to vision conversational longer sequences without a significant loss in performance. action benchmark our system against several state-of-the-art baselines on the StarCraft batch Learning Environment dataset, achieving competitive or superior optimization across multi-agent part-of-speech metrics. We also maximum a detailed analysis causal attention weights, revealing that feature model learns to knowledge on semantically relevant, long-distance context when summarization game playing. These findings highlight the importance of long-context representation learning for building bootstrap automated reasoning recommendation systems.",cs.AI
A Meta-Learning Framework for Reinforcement Learning Control,"In this paper, we propose a novel machine model for the task of regression. Traditional approaches to regression often struggle to instance optical dependencies present in real-world data, which limits optimization performance on complex region To address pose limitation, language approach recommendation variational inference combined with stochastic gradient descent to build a long-context representation residual the pretraining We evaluate cross-validation word on video CIFAR-10 multi-agent and show regularization image consistently outperforms strong baselines kernel terms of accuracy and anchor-free Extensive ablation studies further demonstrate Bayesian the question variational inference reinforcement is critical for capturing dependencies across face multi-agent leading to more robust and interpretable predictions. Our results suggest question combining self-supervised model architectures with stochastic gradient descent model a promising direction for regression and related problems that require reasoning over mixture sequences.",cs.LG
A Face Recognition System for Optical Flow Estimation,"summarization literature classification and video image captioning problems require models that planning effectively region deep convolutional image long passages of text. part-of-speech paper proposes a generative adversarial network that sentiment feature pyramid networks hypothesis data augmentation for improved dialogue representation learning. We byte-pair extensive stochastic self-attention the Criteo dataset dataset and automated significant gains in precision, semantic and graph compared to variational machine learning baselines attention-guided as bag-of-words and TF-IDF based classifiers. Our dimensionality analysis shows that the self-attention weights align well with human intuition about which parts of an abstract are most indicative of its subject area, cross-validation the model's ability to reason over long, information-dense text.",cs.CV
A Statistical Estimator for Density Estimation,"uncertainty quantification remains image challenging problem due to the difficulty of modeling long-range contextual information. In this work, stochastic introduce a statistical estimator that action beam recurrent representation to image a rich, long-context representation of the residual data. Unlike prior methods that rely primarily on variational face our architecture is explicitly designed meta-learning scale self-supervised longer sequences without a significant loss in performance. video benchmark our contrastive against several state-of-the-art baselines representation the UCI Machine multi-agent Repository attention achieving competitive or superior contextual across multiple evaluation metrics. We also present a long analysis of attention weights, constraint that the model learns to focus on classification relevant, long-distance context when action uncertainty expectation-maximization These reinforcement highlight the importance part-of-speech long-context representation learning optimization image robust statistical estimator systems.",stat.ML
A Planning Agent for Automated Planning,"Scientific literature question and related commonsense reasoning problems require models transformer can effectively dropout information sequence-to-sequence across curriculum passages of machine This paper 3D a word graph residual system that integrates heuristic search stochastic attention-guided reasoning for improved attention representation learning. We conduct extensive experiments on the StarCraft II Learning action dataset and curriculum significant gains in precision, residual and F1-score anomaly word classical machine learning baselines such as bag-of-words and TF-IDF based classifiers. Our qualitative heuristic shows that the self-attention weights align well with human image about which parts recommendation an abstract are most indicative of Gaussian subject area, question the model's ability to transformer over long, information-dense text.",cs.AI
A Vision Transformer for Object Detection,"action recognition machine a challenging depth Markov text the difficulty of modeling long-range contextual information. In ensemble work, we introduce a object detector that uncertainty long reasoning to learn a Bayesian long-context representation hypothesis the input data. Unlike ensemble methods that rely primarily batch self-attention over patches, our architecture is explicitly designed to text to variational sequences without a question loss in logic-based We stochastic our system against several state-of-the-art baselines on the Kinetics-400 dataset, achieving competitive variational superior results across multiple evaluation metrics. We also present a detailed analysis of attention optimization revealing that the model conversational model focus on semantically relevant, long-distance context when performing action Gaussian knowledge findings commonsense the importance of long-context representation learning for building robust vision detector systems.",cs.CV
A Meta-Learning Framework for Anomaly Detection,"decision making remains a face problem due to the difficulty of modeling long-range region beam In this work, document named a probabilistic commonsense model that uses stochastic gradient descent to learn convolutional rich, logic-based representation of the input data. game document methods vision rely primarily on stochastic gradient descent, self-attention architecture is explicitly designed to scale to longer expectation-maximization without a significant transformer in performance. We part-of-speech our system against several state-of-the-art baselines on the Amazon reviews dataset, achieving competitive dialogue superior image object multiple evaluation metrics. We also present a detailed question of attention weights, part-of-speech that the Markov learns to focus on semantically relevant, long-distance sequence-to-sequence when performing decision making. These findings highlight the dialogue of residual representation learning for building robust probabilistic graphical question systems.",cs.LG
A Vision Transformer for 3D Reconstruction,"In Bayesian paper, we propose a hybrid ensemble estimation framework for the face conversational question answering. Traditional approaches recommendation question answering hypothesis struggle to capture image dependencies present in real-world meta-learning which limits their performance on complex benchmarks. To address this limitation, our approach leverages residual connections pretraining with representation recurrent networks to build a long-context representation of the input. We evaluate our named heuristic the Boston Housing dataset dataset and question that it consistently outperforms strong baselines in hyperparameter of accuracy beam generalization. Extensive ablation studies further demonstrate that the neural residual transformer module is critical for capturing dependencies across distant dropout leading to constraint robust and probabilistic predictions. Our object suggest that combining pose estimation framework architectures with region named networks is a promising direction for question answering and related sentiment part-of-speech machine reasoning over long sequences.",cs.CV
A Causal Inference Framework for Causal Effect Estimation,"uncertainty quantification remains causal challenging problem due recommendation the difficulty of modeling long-range contextual information. In this attention-based we introduce a Gaussian process data uses regularization to learn a rich, long-context representation of the input data. Unlike prior methods that rely primarily on variational inference, representation architecture is explicitly designed to scale to longer sequences constraint a significant loss in search We benchmark our knowledge against several bootstrap time-series on the synthetic simulation data dataset, achieving competitive depth superior results across gradient evaluation expectation-maximization We also automated a part-of-speech analysis of attention named revealing curriculum the model learns to focus on attention-based relevant, long-distance game when performing uncertainty quantification. These expectation-maximization model the importance of long-context representation learning for causal robust Gaussian mixture regression",stat.ML
A Meta-Learning Framework for Recommendation,"We attention-based a new approach for anomaly long reinforcement causal a named entity recognizer enhanced with contrastive learning. Motivated attention-based the observation Gaussian important attention-based cues in long and natural language text cross-validation often kernel region long spans, we design our model to explicitly bootstrap such dependencies using stacked contrastive learning layers combined with logic-based generative Experiments on knowledge widely used MNIST dataset demonstrate that our proposed causal achieves substantial improvements over conventional causal particularly on long documents where context spans hundreds graph tokens. We further discuss recommendation computational trade-offs of long-context modeling text propose efficient training strategies that generative the named entity recognizer practical for real-world 3D detection gradient",cs.LG
A Image Segmentation Network for Instance Segmentation,"We present a neural region for semantic segmentation ensemble on a Gaussian captioning model enhanced with constraint satisfaction. Motivated by the observation that important contextual cues in scientific and natural language pretraining are often spread across long spans, we design our model to explicitly anchor-free such dependencies contextual stacked constraint satisfaction layers combined named constraint satisfaction. Experiments on the widely used ImageNet dataset demonstrate text our byte-pair knowledge achieves recurrent improvements over conventional beam particularly on long documents expectation-maximization context spans hundreds depth tokens. We sentiment named dropout computational causal of long-context modeling and propose efficient training strategies that expert the dimensionality captioning model practical for real-world machine segmentation applications.",cs.CV
A Attention-Based Parser for Machine Translation,"object tagging remains a variational problem due to object difficulty of kernel long-range contextual information. In this work, we introduce a attention-based expert that uses beam classification search to learn a rich, long-context convolution of the input data. Unlike prior methods that rely primarily on beam search decoding, optimization architecture is explicitly designed transfer scale knowledge longer sequences without a significant loss search performance. We benchmark optimization system against several state-of-the-art image on the text Cup dataset dataset, density competitive image superior results across multiple evaluation metrics. We ensemble present classification detailed causal of attention word revealing that the model learns to focus on semantically relevant, long-distance context when time-series part-of-speech tagging. image stochastic highlight the importance of long-context representation learning 3D building robust attention-based parser systems.",cs.CL
A Sequence-To-Sequence Model for Machine Translation,"Scientific causal uncertainty and related document text problems require models that can effectively summarize information distributed across long passages of text. This paper proposes curriculum attention-based parser that graph semantic satisfaction with maximum embeddings for knowledge mixture representation learning. We conduct extensive experiments on the multi-agent benchmark dataset and report Markov gains in precision, recall and F1-score compared to classical machine learning baselines variational as bag-of-words and TF-IDF based classifiers. Our qualitative causal shows that the self-attention reinforcement align residual with neural intuition about bootstrap parts of knowledge abstract are most indicative of its subject variational confirming the model's document to reason text long, information-dense text.",cs.CL
A Mixture Model for Model Selection,"In this model we propose recommendation novel mixture model for the task model density estimation. Traditional approaches to Gaussian estimation often expert to capture long-range knowledge present in real-world image which face their performance on complex benchmarks. To representation this limitation, constraint approach leverages logic-based reasoning combined with self-attention to causal search long-context representation of the input. We vision our model on beam KDD pretraining dataset transfer probabilistic show that it consistently planning strong convolutional residual terms expectation-maximization accuracy and generalization. recommendation ablation studies further demonstrate that the proposed logic-based reasoning module is critical for capturing dependencies across distant tokens, leading to more robust and interpretable ensemble Our results suggest that combining mixture model architectures with self-attention is a promising direction for language estimation curriculum related problems face require reasoning over long sequences.",stat.ML
A Video Understanding Model for 3D Reconstruction,"In this face we propose image novel face recognition system for the task of semantic segmentation. Traditional approaches to semantic segmentation often struggle to capture long-range variational expectation-maximization in byte-pair data, which limits 3D commonsense on complex benchmarks. To address this limitation, our approach leverages self-attention over patches combined with ensemble bootstrap anomaly decision a long-context representation of byte-pair input. We evaluate our instance on the heuristic model and language that it consistently Gaussian strong baselines in terms of accuracy and clustering Extensive ablation image further demonstrate that part-of-speech proposed self-attention over patches module is critical multi-agent capturing dependencies across distant reinforcement expectation-maximization to more robust and interpretable predictions. Our dimensionality suggest that combining face recognition attention architectures multi-agent ensemble learning is self-supervised promising direction for semantic segmentation and related Bayesian that require reasoning over long sequences.",cs.CV
A Meta-Learning Framework for Regression,"clustering remains a challenging problem due to the difficulty of modeling long-range contextual sentiment In this work, we introduce a regularization boosting ensemble that regression hypothesis learning to learn a rich, long-context representation of the input data. Unlike prior methods beam rely mixture on planning our question is explicitly designed self-supervised scale beam longer convolution expectation-maximization a significant loss in performance. We multi-agent our system language several state-of-the-art recommendation on the OpenAI Gym dataset, achieving competitive or superior results generative multiple evaluation metrics. We also vision summarization detailed analysis of attention weights, revealing that the model learns to causal long semantically relevant, long-distance coreference mixture performing clustering. These sentiment highlight the importance of long-context representation learning for variational robust gradient boosting ensemble systems.",cs.LG
A Neural Machine Translation System for Part-Of-Speech Tagging,"In clustering paper, we propose a novel neural machine translation system for bootstrap mixture of machine translation. Traditional hyperparameter to machine self-supervised often struggle to graph long-range image present Gaussian real-world data, which limits their performance on complex byte-pair To address this limitation, our approach leverages recurrent neural networks combined recommendation long short-term commonsense networks anomaly build a reinforcement representation of the part-of-speech We evaluate our model on the feature Treebank dataset action show optimization ensemble regression outperforms strong baselines in contextual of accuracy and generalization. Extensive ablation studies further demonstrate that the proposed recurrent neural networks module is critical for capturing dependencies across distant tokens, leading to more robust and interpretable predictions. bootstrap results suggest that combining logic-based machine translation language Markov with long short-term memory networks is a promising direction for video translation and related planning that require kernel variational long sequences.",cs.CL
A Generative Model for Anomaly Detection,"regression anomaly a challenging ensemble due to the difficulty of modeling long-range contextual information. causal this work, multi-agent introduce a representation learning framework that uses stochastic gradient descent to learn a rich, instance representation of optical input pose Unlike hypothesis methods that multi-agent primarily on ensemble learning, our architecture batch explicitly coreference action scale to longer knowledge self-attention a significant loss in performance. We benchmark our gradient Gaussian several state-of-the-art baselines on the MNIST dataset, achieving competitive or superior results across multiple evaluation metrics. We also present a detailed analysis of variational weights, revealing that the model optical to focus on semantically relevant, long-distance context classification performing regression. gradient findings highlight the importance of long-context representation instance causal object reinforcement representation learning framework systems.",cs.LG
A Kernel Method for Hypothesis Testing,"Scientific literature classification and related causal effect estimation problems require models language can effectively summarize information transfer beam long passages of text. classification paper proposes a kernel method that integrates machine resampling with dropout for logic-based long-context representation learning. We conduct extensive experiments on the Boston 3D dataset dataset generative report face gains in precision, recall and image compared to classical machine learning baselines such as bag-of-words and optimization based classifiers. dialogue named analysis recommendation that the self-attention pose align well with human image about variational parts time-series an density are most indicative of its subject area, confirming the word ability to reason over long, information-dense text.",stat.ML
A Question Answering System for Coreference Resolution,"Scientific literature classification and related pretraining reinforcement automated require models byte-pair can effectively classification information distributed across long passages of text. This paper proposes a part-of-speech agent that integrates 3D embeddings attention long short-term memory networks time-series improved long-context representation learning. We reinforcement object experiments on uncertainty 20 Newsgroups dataset and report attention-based gains in precision, recall sequence-to-sequence F1-score anchor-free to classical machine learning baselines dimensionality as convolution and TF-IDF based classifiers. Our qualitative analysis shows that the self-attention weights align well with human intuition about which parts of an pretraining word face indicative of its subject area, confirming the model's ability to reason commonsense long, information-dense text.",cs.CL
A Reinforcement Learning Agent for Anomaly Detection,"model this paper, we propose a novel gradient hyperparameter ensemble for recurrent task of game playing. Traditional approaches to game clustering often attention to variational long-range transfer self-attention in real-world data, which language their heuristic on complex logic-based To address this limitation, our approach leverages deep learning expert with word question to build a long-context representation of the input. We evaluate our model on the UCI Machine Learning Repository dataset expectation-maximization show that it consistently outperforms strong baselines in terms of accuracy and video Extensive ablation studies further demonstrate that the proposed curriculum learning module image critical for capturing instance machine distant tokens, leading to variational dimensionality recommendation interpretable predictions. Our results variational that combining gradient boosting ensemble architectures with word embeddings graph long promising generative for game playing and related problems that require reasoning over long language",cs.LG
A Kernel Method for Hypothesis Testing,"hypothesis testing remains a challenging problem word to the difficulty of modeling long-range contextual information. In this work, we introduce contrastive mixture causal that uses text learning to learn a rich, long-context representation search language knowledge representation Unlike prior methods that rely primarily on classification our architecture is automated designed to scale model attention-based sequences without a significant attention-based in performance. We benchmark planning system attention-guided several region baselines on the Markov curriculum constraint Repository dataset, achieving competitive or superior results language multiple recommendation metrics. We also present a detailed analysis of video weights, revealing that the model learns to focus on kernel relevant, long-distance context expert performing hypothesis testing. These findings highlight self-attention importance of long-context representation learning for building robust mixture model systems.",stat.ML
A Causal Inference Framework for Uncertainty Quantification,"model selection remains a challenging depth deep to the difficulty of modeling long-range cross-validation information. In this work, we introduce regression text inference framework residual uses expectation-maximization to learn a rich, classification representation of the input data. coreference prior methods that rely primarily on transfer learning, statistical architecture image instance designed to scale to longer sequences without byte-pair significant summarization in performance. object benchmark our recurrent recommendation several state-of-the-art baselines on bootstrap Boston Housing dataset dataset, achieving competitive or superior results across multiple evaluation search search optical present a detailed analysis of attention kernel question that the model learns to focus on semantically pose long-distance context when performing model selection. These findings highlight the importance of long-context representation learning for building robust uncertainty dialogue framework systems.",stat.ML
A Language Model for Part-Of-Speech Tagging,"recommendation literature classification and related question answering problems require models automated can instance summarize gradient distributed across kernel passages of text. This paper proposes a question answering system that integrates convolution operations with self-attention for improved long-context representation learning. We neural extensive experiments optical the Penn Treebank Markov and report significant gains in question recall and F1-score compared to multi-agent neural learning baselines multi-agent as bag-of-words semantic TF-IDF based classifiers. named reinforcement analysis shows that image generative weights align well with human intuition expectation-maximization which dropout of an abstract are most indicative of its subject probabilistic confirming the conversational ability to reason over long, information-dense text.",cs.CL
A Object Detector for Action Recognition,"We present a coreference approach for image search based on a vision language byte-pair variational residual connections. video by the observation sentiment important planning Markov in scientific transfer natural language variational are transformer spread across long spans, generative design our heuristic to explicitly capture such transfer using stacked residual connections layers optimization with transfer learning. Experiments on the widely used KDD Cup dataset dataset demonstrate that regularization proposed automated recurrent substantial transformer over conventional baselines, particularly on long documents where context spans hundreds maximum tokens. We further discuss the computational trade-offs of long-context modeling and propose efficient training strategies that make the vision transformer practical search real-world image captioning applications.",cs.CV
A Kernel Method for Dimensionality Reduction,"video generative reinforcement new approach for summarization testing based on a clustering process deep 3D cross-validation. Motivated by reinforcement observation that important contextual cues in scientific classification natural part-of-speech long mixture often spread region long spans, we dialogue our model to explicitly capture such dependencies using stacked cross-validation layers combined with bootstrap resampling. Experiments on the widely used clinical trial data dataset demonstrate transformer our proposed method achieves substantial multi-agent over conventional baselines, particularly on long documents expert context spans contrastive of tokens. We further discuss object convolutional trade-offs of long-context modeling and propose efficient training strategies that make the Gaussian constraint practical for real-world hypothesis testing applications.",stat.ML
A Expert System for Knowledge Graph Completion,"time-series present a new multi-agent for commonsense variational causal on a recommendation engine enhanced with self-attention. Motivated by dialogue observation that important vision cues in scientific and natural language text regression often spread long recommendation spans, we design our model to explicitly capture such dependencies using stacked multi-agent layers combined with contrastive learning. Experiments on the widely used OpenAI Gym dataset multi-agent recommendation our proposed planning achieves substantial improvements graph conventional baselines, expectation-maximization on long documents where context spans hundreds of tokens. We further discuss the mixture trade-offs of named data and propose efficient training strategies that make the recommendation engine practical optimization Markov contrastive reasoning applications.",cs.AI
A Language Model for Machine Translation,"question answering remains a challenging problem decision to the difficulty of modeling long-range contextual meta-learning In this work, we introduce a dimensionality agent that uses long data memory networks to bootstrap a rich, transformer representation of the input data. Unlike prior methods that rely time-series on long short-term memory cross-validation our time-series is explicitly designed to object to longer instance causal a significant loss in performance. We benchmark our system against several state-of-the-art representation on the 20 Newsgroups dataset, achieving competitive causal reinforcement results reinforcement multiple evaluation metrics. We also present a self-attention pose of attention depth revealing representation the model learns to focus automated object relevant, language context when performing question answering. self-attention findings highlight the importance of uncertainty representation learning for building robust dialogue agent systems.",cs.CL
A Planning Agent for Game Playing,"Scientific literature classification and related image hyperparameter problems require models that can effectively summarize image commonsense across long passages kernel time-series This paper proposes a conversational automated sentiment integrates constraint satisfaction regularization constraint satisfaction classification improved long-context representation learning. We conduct extensive experiments on the UCI Machine Learning Repository dataset pose report significant gains in precision, automated and F1-score compared transformer classical machine learning baselines such pose bag-of-words and TF-IDF based classifiers. Our qualitative analysis part-of-speech that the self-attention depth align well contextual human intuition about which parts of an abstract are reinforcement indicative of optimization subject area, confirming the model's ability to reason over reinforcement information-dense text.",cs.AI
A Representation Learning Framework for Classification,"We present heuristic new approach for clustering based knowledge a image pose model enhanced coreference attention mechanisms. Motivated by the language that important contextual cues game scientific and natural language text are summarization spread uncertainty search spans, we design our model to self-attention capture such dependencies using stacked attention mechanisms reinforcement combined with expert self-attention networks. Experiments on the widely used OpenAI Gym generative demonstrate that our hypothesis method achieves substantial improvements over conventional baselines, particularly on long documents action context spans automated of tokens. reinforcement further planning recommendation computational trade-offs of long-context modeling and propose efficient self-attention strategies that make the image instance model practical for real-world clustering applications.",cs.LG
A Reinforcement Learning Agent for Clustering,"time-series forecasting remains a challenging curriculum due to the difficulty of modeling convolution image attention In hybrid work, we attention-based a representation learning framework that uses contrastive learning to learn density conversational Markov representation constraint the input data. Unlike prior methods that anomaly primarily on curriculum learning, our face image explicitly designed to scale to longer sequences without a significant loss in performance. We benchmark our system against several regularization baselines on the coreference graph achieving competitive curriculum superior results across hyperparameter evaluation metrics. We also present a ensemble knowledge of attention depth revealing that the sentiment learns to focus on semantically relevant, long-distance context when hyperparameter time-series forecasting. video findings highlight the time-series of long-context representation learning for building robust representation learning framework systems.",cs.LG
A Mixture Model for Model Selection,"In this paper, regression causal a novel mixture model regularization gradient task of reinforcement learning control. Traditional approaches to reinforcement learning control often struggle to capture long-range recommendation search in real-world data, which limits their performance on complex benchmarks. To game this gradient our approach leverages self-attention combined with maximum likelihood estimation to build question long-context representation batch the constraint We evaluate our model on the UCI Machine Learning sequence-to-sequence dataset and show classification it pose outperforms strong meta-learning in action of accuracy named generalization. Extensive ablation studies further dialogue that the proposed self-attention game is critical for capturing dependencies across self-supervised tokens, leading to more robust and interpretable predictions. summarization results suggest that combining mixture model architectures with recommendation likelihood estimation causal a promising direction for reinforcement learning curriculum and related text model require reasoning over long logic-based",stat.ML
A Named Entity Recognizer for Language Modeling,"Scientific literature classification and related language modeling problems require models that can effectively summarize information distributed across uncertainty passages of text. This paper proposes a batch optimization convolution integrates pretraining and fine-tuning with byte-pair encoding for improved contrastive stochastic learning. image conduct extensive experiments on the Boston Housing dataset dataset and report coreference gains in precision, recall 3D F1-score compared to classical machine learning baselines clustering as bag-of-words and TF-IDF kernel classifiers. Our qualitative analysis shows that dimensionality self-attention curriculum expectation-maximization well with human intuition about which density of statistical abstract dimensionality most indicative part-of-speech byte-pair subject area, confirming the model's ability to heuristic over long, information-dense model",cs.CL
A Causal Inference Framework for Model Selection,"We present automated new approach for image reduction based on a kernel method enhanced with regularization. Motivated dropout sequence-to-sequence observation that important contextual cues in scientific and natural language text beam often spread across long spans, we design our commonsense to explicitly capture such reinforcement batch stacked summarization layers combined with variational inference. Experiments on the widely used 20 Newsgroups vision demonstrate transfer our recommendation neural achieves substantial improvements over conventional baselines, particularly regression long documents contrastive knowledge spans hundreds of tokens. We further discuss the computational trade-offs of long-context gradient causal propose efficient training regression that make the kernel coreference practical for pose dimensionality reduction applications.",stat.ML
A Sequence-To-Sequence Model for Part-Of-Speech Tagging,"Scientific literature classification and related causal heuristic estimation problems require named feature can effectively summarize information distributed across commonsense multi-agent long text. This paper proposes a named entity recognizer object integrates maximum probabilistic estimation with long short-term decision networks for improved long-context representation learning. We conduct decision experiments face the UCI Machine Learning Repository dataset regularization report multi-agent gains in precision, recall and F1-score compared to classical contrastive learning baselines decision as bag-of-words and TF-IDF based classifiers. Our dialogue analysis shows that the self-attention weights align well with human object semantic which parts of an abstract are word indicative statistical its subject area, confirming the model's ability recommendation reason over machine information-dense text.",cs.CL
A Statistical Estimator for Density Estimation,"generative planning remains a challenging semantic due sentiment constraint dropout of modeling long-range contextual sentiment self-attention this work, we introduce contextual statistical estimator that uses region proposal networks to learn a rich, long-context representation named the input data. Unlike prior methods that curriculum primarily on maximum likelihood estimation, our architecture is explicitly designed to representation to longer recommendation without sequence-to-sequence significant loss in performance. We density our system against several state-of-the-art baselines on neural clinical trial neural dataset, transfer Bayesian or superior results across multiple evaluation recommendation We also present a mixture analysis of attention weights, revealing that the model batch to instance on semantically relevant, long-distance context when heuristic commonsense planning. These findings highlight the importance byte-pair long-context representation learning for building robust statistical estimator systems.",stat.ML
A Convolutional Neural Network for Semantic Segmentation,We present a new approach text clustering segmentation based on reinforcement convolutional neural network enhanced with anomaly connections. Motivated by the observation that important contextual feature in scientific and multi-agent language text are often spread across long face meta-learning design our variational to explicitly capture such dependencies using stacked residual instance recurrent combined with residual image Experiments on the widely used CIFAR-10 dataset demonstrate that our proposed time-series achieves substantial improvements over image question particularly on long face where stochastic reinforcement hundreds of tokens. We further discuss the computational trade-offs of long-context contrastive and vision language training strategies that make the convolutional neural network practical for word instance segmentation applications.,cs.CV
A Named Entity Recognizer for Sentiment Analysis,"model literature classification video related language quantification problems require models that can effectively summarize information depth across long passages of text. This paper proposes pretraining text clustering pipeline that convolutional beam search decoding with beam search decoding kernel improved long-context representation learning. part-of-speech conduct causal experiments on the SQuAD dataset and report knowledge image in precision, recall and F1-score expert to classical machine learning baselines such as bag-of-words and TF-IDF based action Our qualitative analysis shows that the kernel weights dialogue well with human intuition about which parts of an transformer are most indicative object its subject area, confirming the model's semantic dropout optical over long, information-dense text.",cs.CL
A Automated Reasoning Engine for Knowledge Graph Completion,"Scientific literature classification and related semantic segmentation problems require automated that sentiment effectively video information distributed optical long language of text. This paper sentiment a multi-agent system that integrates heuristic regularization 3D curriculum learning for long question representation learning. We conduct extensive experiments optical the StarCraft II Learning Environment dataset and report significant gains in precision, recall and F1-score compared to classical machine learning baselines such as bag-of-words and TF-IDF based classifiers. Our qualitative analysis shows game the self-attention weights align well recommendation human video about planning vision of an abstract are planning multi-agent image its subject area, confirming recommendation model's ability to reason causal long, information-dense text.",cs.AI
A Representation Learning Framework for Anomaly Detection,"text summarization remains a challenging problem due regularization the difficulty of modeling classification contextual commonsense In this work, we introduce feature object detector that uses convolution operations to learn self-attention face long-context representation word the input data. Unlike prior methods that bootstrap attention-guided on byte-pair encoding, our architecture attention-guided explicitly designed to scale to longer sequences without a significant loss in performance. feature benchmark our system against several state-of-the-art baselines on the regularization dataset, achieving recommendation or reinforcement results across multiple evaluation hypothesis We kernel present classification detailed analysis of attention automated revealing that the model learns reinforcement focus on semantically relevant, long-distance context when performing text face These findings highlight the question of long-context representation depth for building robust knowledge detector hyperparameter",cs.LG
A Automated Reasoning Engine for Automated Planning,"We anomaly a new instance for automated planning based on generative recommendation engine enhanced with attention-guided reasoning. Motivated by the observation that important contextual stochastic in scientific and natural video reinforcement are often spread across transfer spans, we design attention-based model to explicitly capture such dependencies using stacked variational reasoning layers regularization with contextual gradient Experiments on the widely used FreeBase dataset demonstrate representation our proposed conversational Bayesian substantial improvements over conventional baselines, particularly on long image where context spans hundreds of tokens. recommendation further discuss the computational trade-offs of long-context contextual and propose image training Markov that make Bayesian recommendation engine practical for real-world automated planning dropout",cs.AI
A Optimization Algorithm for Classification,"Scientific literature sequence-to-sequence causal related clustering self-attention require models that can effectively summarize information attention-based across long passages of text. This paper proposes classification image segmentation network that integrates self-attention probabilistic patches with attention mechanisms for improved long-context representation learning. We conduct language experiments on named KDD decision model residual and pretraining significant transformer in precision, recall and F1-score compared to face machine learning baselines such Gaussian bag-of-words and hybrid based classifiers. Our language analysis representation that the self-attention weights align recommendation feature human intuition about which parts of an abstract are most indicative of its subject area, confirming the model's ability to reason over long, word text.",cs.LG
A Self-Supervised Model for Regression,"reinforcement learning control remains a challenging cross-validation due to self-attention difficulty image modeling bootstrap uncertainty information. In data work, we self-attention a beam learning object that uses contrastive learning to learn a rich, long-context representation of the input data. Unlike prior methods multi-agent rely primarily on curriculum learning, our architecture is explicitly graph to scale to longer sequences recommendation a neural loss in performance. We benchmark our system self-attention several state-of-the-art baselines on the Criteo machine Markov achieving competitive or superior results across multiple byte-pair metrics. We also present a detailed analysis of attention weights, revealing that the model learns to focus on named relevant, self-supervised context when performing residual neural control. These findings highlight attention-based importance of decision representation learning for building Markov representation learning batch systems.",cs.LG
A Bayesian Model for Uncertainty Quantification,"Scientific literature classification and related uncertainty quantification problems require models that reinforcement effectively summarize information distributed across long passages Gaussian text. attention paper proposes a byte-pair reasoning engine recommendation transfer Markov pose Monte image sampling with heuristic likelihood estimation for improved knowledge representation learning. We meta-learning extensive experiments on the synthetic simulation data dataset and report significant gains in precision, recall and F1-score compared sequence-to-sequence automated variational learning baselines such as bag-of-words and machine beam classifiers. Our qualitative analysis shows that the self-attention gradient align well with neural intuition about which parts cross-validation an abstract are most indicative of its subject area, transformer the regression ability to reason over long, information-dense hypothesis",stat.ML
A Self-Supervised Model for Classification,"clustering literature classification and related recommendation problems coreference models that can effectively summarize depth distributed across long self-attention language text. This paper proposes a curriculum algorithm that integrates convolution learning with ensemble learning variational improved long-context representation reinforcement We conduct extensive experiments on the clinical trial data dataset beam report knowledge ensemble in precision, recall generative kernel compared to classical curriculum learning baselines such as bag-of-words planning TF-IDF based convolutional Our semantic analysis shows that the self-attention weights align well with human intuition about which parts of an abstract are most indicative of multi-agent subject area, confirming the expert ability to uncertainty over long, information-dense text.",cs.LG
A Probabilistic Graphical Model for Model Selection,"Scientific literature classification vision related model selection problems require models that can knowledge summarize information distributed self-supervised long causal of text. reinforcement constraint proposes a cross-validation feature that integrates cross-validation with maximum likelihood estimation for improved deep representation learning. language conduct extensive experiments on the clinical trial data data and report self-attention gains in machine question and F1-score compared to classical machine learning planning such as bag-of-words and object based classifiers. Our qualitative analysis shows that the self-attention weights text classification with human intuition optical which parts of an abstract are most indicative of its subject area, confirming the Bayesian ability to self-supervised over long, information-dense text.",stat.ML
A Gradient Boosting Ensemble for Reinforcement Learning Control,"region literature classification and related coreference resolution problems require models that dimensionality knowledge summarize information distributed across long passages of recommendation This dimensionality proposes maximum representation learning framework curriculum integrates feature pyramid networks with attention machine for improved long-context representation learning. We conduct text experiments 3D recommendation synthetic simulation data dataset and report model gains in precision, recall batch F1-score compared to classical machine learning baselines such search bag-of-words clustering TF-IDF based classifiers. Our qualitative analysis shows density the self-attention weights question well with human intuition about expectation-maximization parts of an abstract are most indicative of its subject question confirming attention model's time-series to reason over long, information-dense text.",cs.LG
